100 3465
-1
66 95 136
51 20 114
72 43 134
81 23 99
74 80 100
42 29 111
73 37 109
58 24 119
3 26 84
80 37 115
1 95 109
98 78 113
4 83 136
35 53 135
24 73 122
97 83 71
28 31 81
85 87 99
52 74 90
85 95 77
11 41 138
34 57 120
78 93 112
90 62 98
25 52 91
76 53 97
93 80 90
75 91 74
47 63 118
1 45 135
12 28 74
43 20 99
71 36 106
0 76 128
11 56 105
65 9 103
65 45 133
94 4 75
89 43 71
98 6 102
16 63 79
12 29 83
82 20 136
59 92 84
64 80 89
41 89 70
60 19 136
53 39 118
37 39 140
96 32 112
64 46 71
66 56 76
29 15 94
12 82 137
22 12 80
36 82 76
16 58 136
100 63 135
70 98 99
72 34 91
66 93 123
36 50 137
67 32 74
5 35 88
23 80 88
58 67 98
43 80 137
83 49 71
48 54 110
1 80 94
55 2 119
50 80 111
73 57 126
87 63 76
19 89 137
58 67 81
12 30 115
72 8 104
46 86 109
28 14 93
48 50 126
29 2 100
51 98 91
39 23 107
77 59 102
53 86 130
66 7 112
14 56 106
68 2 107
43 98 89
68 22 116
67 67 72
8 89 123
53 80 137
29 80 140
46 0 95
70 1 102
34 86 100
45 52 90
61 33 128
-1
1 0 76
2 1 31
3 0 73
3 1 30
3 2 21
4 0 17
4 3 57
5 0 70
5 1 12
5 3 39
5 4 60
6 0 58
6 1 27
6 2 6
6 3 16
6 5 32
7 0 71
7 1 8
7 2 23
7 4 58
7 5 16
7 6 19
8 0 93
8 2 71
8 5 39
8 6 70
8 7 55
9 1 33
9 2 10
9 5 38
9 8 77
10 0 65
10 1 90
10 3 107
10 4 74
10 5 77
10 6 92
10 8 69
11 0 36
11 1 74
11 2 43
11 4 24
11 5 74
11 6 48
11 7 67
11 9 44
11 10 98
12 1 78
12 2 78
12 4 70
12 5 66
12 6 82
12 9 88
12 10 12
12 11 94
13 1 36
13 3 54
13 4 47
13 5 25
13 6 41
13 8 41
13 9 47
13 10 54
13 11 67
13 12 43
14 1 59
14 2 56
14 3 75
14 5 47
14 8 51
14 9 66
14 11 74
14 12 22
14 13 22
15 0 33
15 1 78
15 2 47
15 4 23
15 5 77
15 12 93
15 14 73
16 0 74
16 1 25
16 2 45
16 3 53
16 4 67
16 5 14
16 6 45
16 8 25
16 9 52
16 10 69
16 13 23
16 14 42
16 15 86
17 0 20
17 2 45
17 4 13
17 6 51
17 7 68
17 8 102
17 9 50
17 10 84
17 11 15
17 14 62
17 15 12
17 16 79
18 2 36
18 4 22
18 6 42
18 7 50
18 8 68
18 9 46
18 11 46
18 13 27
18 14 28
18 15 45
18 16 49
18 17 35
19 0 19
19 1 82
19 5 78
19 6 59
19 7 75
19 8 107
19 9 58
19 11 21
19 12 81
19 13 65
19 15 16
19 16 85
19 17 8
19 18 39
20 0 77
20 1 45
20 2 61
20 4 74
20 5 33
20 6 62
20 8 17
20 9 69
20 10 54
20 11 94
20 12 42
20 13 26
20 14 34
20 15 95
20 16 19
20 17 87
20 19 91
21 0 49
21 1 40
21 3 58
21 4 46
21 5 29
21 6 43
21 7 40
21 8 43
21 9 50
21 10 50
21 11 67
21 12 39
21 14 18
21 17 59
21 18 24
21 19 63
22 0 12
22 1 77
22 2 50
22 3 70
22 4 13
22 5 73
22 7 71
22 8 100
22 9 56
22 10 77
22 13 58
22 14 57
22 17 9
22 18 32
22 19 7
22 21 56
23 3 40
23 4 24
23 5 58
23 6 30
23 7 49
23 9 26
23 10 94
23 11 17
23 12 88
23 13 55
23 14 66
23 15 22
23 16 69
23 17 25
23 18 39
23 21 56
23 22 33
24 0 59
24 1 41
24 2 47
24 3 63
24 5 28
24 6 50
24 8 34
24 10 49
24 12 37
24 13 10
24 14 21
24 15 78
24 16 21
24 20 17
24 22 67
24 23 65
25 0 43
25 1 41
25 2 10
25 3 30
25 6 16
25 9 16
25 11 33
25 14 55
25 16 52
25 17 35
25 18 31
25 22 40
25 23 16
25 24 51
26 1 73
26 3 58
26 4 19
26 5 72
26 6 47
26 7 66
26 8 104
26 9 44
26 10 93
26 13 63
26 15 5
26 17 10
26 21 63
26 25 31
27 1 74
27 2 48
27 3 68
27 5 70
27 6 54
27 7 69
27 8 97
27 9 54
27 11 26
27 13 55
27 14 54
27 15 23
27 16 76
27 17 10
27 18 28
27 19 10
27 22 3
27 25 38
27 26 21
28 0 37
28 2 32
28 3 52
28 4 31
28 5 34
28 6 36
28 8 57
28 10 56
28 11 53
28 13 15
28 14 25
28 15 53
28 16 37
28 17 44
28 18 12
28 19 49
28 20 42
28 22 43
28 25 30
28 26 49
28 27 39
29 0 82
29 2 71
29 3 82
29 5 44
29 7 60
29 8 19
29 10 50
29 13 34
29 14 36
29 15 103
29 16 30
29 17 93
29 18 58
29 21 35
29 22 90
29 23 90
29 24 25
29 25 75
29 26 98
29 28 49
30 0 86
30 2 61
30 4 80
30 5 30
30 6 61
30 8 9
30 9 68
30 10 67
30 11 99
30 12 55
30 14 46
30 15 101
30 16 16
30 17 93
30 19 99
30 20 13
30 21 36
30 22 92
30 23 85
30 25 68
30 26 96
30 29 20
31 0 78
31 3 38
31 4 67
31 5 9
31 6 34
31 7 15
31 9 40
31 10 85
31 11 79
31 12 74
31 13 33
31 14 56
31 15 82
31 17 79
31 18 54
31 19 85
31 20 38
31 22 80
31 23 63
31 25 46
31 26 78
31 28 43
31 29 48
31 30 32
32 0 59
32 1 25
32 2 7
32 3 16
32 4 44
32 5 29
32 6 2
32 7 17
32 9 9
32 10 91
32 11 49
32 12 81
32 13 39
32 14 59
32 15 53
32 16 43
32 17 52
32 18 42
32 21 42
32 22 57
32 23 32
32 25 17
32 29 70
32 31 32
33 0 68
33 1 75
33 2 79
33 3 96
33 6 82
33 11 98
33 13 41
33 16 53
33 17 85
33 18 52
33 19 87
33 21 38
33 22 79
33 23 91
33 25 79
33 26 93
33 28 48
33 29 31
33 31 70
33 32 81
34 0 67
34 1 53
34 2 62
34 3 77
34 5 41
34 6 64
34 8 31
34 9 71
34 10 40
34 13 24
34 14 21
34 15 90
34 16 30
34 17 80
34 18 44
34 20 15
34 21 23
34 22 76
34 23 79
34 24 14
34 25 65
34 26 85
34 27 72
34 28 36
34 29 14
34 32 63
34 33 22
35 0 86
35 1 17
35 3 21
35 5 30
35 6 29
35 7 16
35 8 64
35 9 31
35 10 107
35 11 76
35 12 95
35 13 53
35 15 80
35 19 88
35 20 62
35 21 57
35 22 85
35 23 58
35 25 45
35 26 76
35 27 82
35 28 56
35 29 73
35 30 56
35 32 27
35 34 71
36 0 50
36 3 27
36 4 36
36 6 11
36 7 22
36 8 64
36 10 81
36 11 46
36 13 31
36 14 49
36 15 49
36 16 39
36 17 46
36 18 31
36 19 53
36 20 54
36 21 33
36 22 49
36 23 30
36 25 13
36 26 44
36 27 47
36 30 55
36 32 10
36 33 72
36 34 55
37 0 95
37 1 45
37 2 44
37 3 23
37 4 78
37 7 41
37 8 93
37 9 35
37 10 130
37 11 74
37 13 76
37 14 98
37 16 71
37 19 91
37 20 90
37 22 90
37 23 58
37 24 84
37 25 52
37 26 76
37 27 89
37 28 75
37 29 101
37 30 85
37 31 53
37 32 39
37 33 118
37 35 29
37 36 50
38 2 17
38 3 21
38 5 49
38 6 17
38 7 36
38 10 102
38 12 93
38 13 54
38 14 71
38 17 44
38 19 52
38 20 78
38 21 56
38 23 19
38 24 64
38 26 37
38 28 46
38 29 88
38 31 51
38 32 19
38 33 94
38 35 41
38 36 24
39 1 49
39 2 45
39 3 24
39 4 77
39 5 60
39 6 39
39 8 97
39 9 35
39 10 131
39 11 72
39 12 121
39 13 78
39 15 77
39 16 74
39 19 89
39 20 93
39 21 81
39 22 89
39 23 56
39 24 86
39 26 74
39 27 88
39 29 104
39 30 88
39 31 56
39 32 40
39 33 120
39 34 100
39 35 33
39 36 51
39 37 4
39 38 38
40 0 59
40 1 55
40 3 76
40 5 42
40 6 62
40 7 57
40 9 69
40 10 35
40 11 83
40 13 21
40 14 12
40 15 83
40 16 34
40 20 22
40 22 68
40 23 74
40 24 14
40 25 60
40 26 78
40 27 65
40 28 31
40 29 23
40 30 35
40 31 50
40 32 61
40 33 20
40 34 8
40 36 52
40 38 75
41 0 85
41 1 40
41 5 30
41 6 61
41 7 46
41 8 9
41 10 66
41 12 54
41 13 33
41 15 100
41 16 16
41 17 93
41 18 60
41 19 98
41 20 12
41 22 91
41 23 84
41 24 26
41 25 68
41 26 95
41 27 88
41 28 48
41 29 19
41 30 1
41 31 32
41 32 59
41 33 48
41 35 56
41 37 85
41 38 78
42 0 76
42 1 31
42 2 25
42 4 60
42 5 41
42 6 19
42 7 24
42 9 17
42 10 110
42 12 100
42 14 78
42 16 55
42 17 67
42 18 61
42 19 75
42 22 73
42 23 42
42 24 65
42 26 61
42 28 55
42 29 84
42 30 70
42 31 39
42 32 19
42 33 99
42 34 79
42 35 20
42 37 20
42 39 21
42 40 78
43 0 7
43 1 72
43 3 72
43 4 19
43 5 65
43 10 58
43 11 41
43 13 45
43 14 39
43 15 39
43 17 26
43 18 19
43 19 26
43 20 70
43 21 43
43 23 43
43 24 52
43 27 16
43 28 31
43 29 74
43 30 79
43 31 73
43 34 60
43 35 83
43 36 47
43 37 94
43 38 57
43 42 75
44 1 61
44 2 37
44 3 59
44 4 10
44 6 43
44 7 56
44 8 81
44 9 45
44 10 64
44 12 60
44 13 39
44 14 40
44 15 33
44 16 60
44 17 22
44 19 25
44 20 65
44 22 19
44 25 29
44 26 29
44 29 72
44 32 44
44 33 64
44 34 58
44 35 71
44 36 35
44 37 81
44 38 44
44 39 81
44 40 50
44 41 72
44 42 62
44 43 13
45 0 25
45 1 69
45 2 55
45 5 60
45 6 61
45 7 67
45 8 73
45 9 65
45 10 40
45 11 58
45 12 37
45 13 36
45 14 23
45 15 56
45 17 44
45 18 18
45 20 56
45 22 37
45 23 55
45 24 40
45 26 52
45 28 26
45 29 59
45 30 67
45 31 69
45 32 60
45 34 44
45 35 83
45 36 50
45 37 100
45 38 66
45 39 100
45 40 36
45 41 66
45 42 80
45 43 18
46 1 9
46 2 26
46 3 21
46 4 62
46 5 20
46 10 96
46 11 70
46 14 64
46 15 73
46 16 34
46 19 80
46 21 46
46 24 48
46 25 37
46 26 69
46 27 73
46 28 45
46 29 64
46 30 48
46 31 17
46 33 82
46 34 61
46 35 11
46 37 37
46 38 37
46 40 62
46 42 22
46 43 73
46 45 72
47 0 57
47 1 19
47 2 19
47 3 32
47 4 46
47 5 14
47 8 51
47 9 27
47 10 76
47 12 65
47 13 22
47 15 62
47 16 26
47 18 35
47 19 64
47 20 42
47 21 26
47 23 43
47 24 30
47 26 57
47 27 56
47 28 24
47 31 21
47 33 64
47 34 45
47 35 32
47 36 13
47 38 36
47 39 55
47 41 42
47 42 34
47 43 53
47 44 42
47 45 51
47 46 21
48 0 63
48 1 23
48 3 46
48 4 55
48 5 11
48 6 36
48 7 25
48 8 36
48 9 43
48 10 66
48 11 72
48 12 55
48 14 36
48 16 12
48 18 38
48 21 18
48 23 57
48 24 17
48 28 26
48 29 36
48 31 19
48 32 34
48 33 52
48 34 31
48 39 69
48 40 31
48 41 26
48 42 48
48 44 49
48 46 30
48 47 16
49 0 69
49 2 26
49 4 52
49 5 54
49 6 23
49 7 38
49 9 16
49 11 46
49 12 105
49 13 64
49 14 82
49 15 51
49 16 68
49 17 56
49 18 60
49 19 63
49 20 85
49 21 66
49 22 63
49 23 30
49 24 73
49 25 29
49 26 48
49 27 62
49 29 95
49 30 84
49 31 54
49 32 25
49 33 105
49 34 88
49 36 33
49 37 28
49 41 84
49 44 57
49 45 79
49 46 38
49 47 43
50 0 49
50 1 29
50 2 8
50 4 35
50 5 27
50 6 12
50 8 64
50 9 18
50 10 79
50 11 46
50 12 70
50 13 29
50 14 48
50 15 49
50 16 39
50 17 46
50 19 53
50 20 53
50 22 49
50 23 30
50 24 39
50 28 24
50 30 55
50 31 33
50 32 12
50 33 70
50 35 37
50 37 51
50 38 25
50 41 54
50 47 13
50 48 27
50 49 34
51 1 39
51 2 14
51 3 36
51 4 25
51 5 36
51 7 32
51 9 23
51 12 67
51 13 31
51 15 41
51 16 45
51 17 36
51 18 22
51 19 43
51 20 57
51 23 24
51 24 41
51 25 10
51 26 36
51 27 36
51 28 20
51 29 65
51 31 42
51 32 20
51 33 68
51 35 47
51 38 26
51 39 59
51 41 60
51 43 36
51 44 24
51 48 33
51 49 38
51 50 10
52 1 22
52 2 51
52 3 52
52 4 79
52 6 49
52 7 30
52 8 28
52 9 55
52 10 84
52 12 72
52 13 38
52 14 58
52 15 96
52 16 16
52 17 91
52 19 97
52 20 31
52 21 42
52 22 92
52 23 77
52 24 37
52 25 60
52 28 51
52 30 21
52 31 14
52 37 65
52 38 66
52 39 69
52 40 49
52 42 53
52 45 74
52 46 31
52 48 25
52 50 46
52 51 55
53 0 55
53 2 71
53 3 90
53 4 62
53 5 60
53 6 75
53 8 56
53 9 81
53 10 17
53 11 86
53 13 37
53 16 53
53 17 73
53 18 40
53 20 41
53 22 66
53 23 80
53 25 70
53 26 81
53 28 39
53 29 38
53 30 54
53 31 69
53 33 13
53 34 26
53 35 90
53 37 113
53 39 114
53 40 19
53 42 93
53 43 48
53 44 52
53 45 29
53 46 79
53 48 49
53 49 97
53 50 63
53 51 59
53 52 69
54 0 93
54 1 30
54 3 60
54 4 85
54 6 56
54 7 37
54 8 23
54 9 63
54 10 85
54 11 100
54 12 73
54 13 43
54 14 61
54 15 103
54 16 19
54 17 97
54 19 104
54 20 31
54 22 98
54 23 84
54 24 40
54 25 67
54 27 95
54 28 56
54 29 39
54 31 22
54 32 54
54 33 67
54 34 45
54 35 43
54 36 54
54 38 73
54 40 51
54 41 19
54 43 88
54 45 79
54 46 38
54 47 41
54 48 30
54 49 76
54 50 54
54 52 7
54 53 70
55 0 32
55 1 63
55 3 74
55 5 53
55 6 58
55 7 62
55 9 62
55 10 37
55 11 62
55 12 32
55 13 29
55 14 15
55 15 61
55 17 49
55 18 17
55 19 50
55 20 48
55 21 25
55 22 43
55 25 49
55 27 40
55 28 21
55 29 50
55 30 59
55 31 62
55 32 57
55 33 36
55 34 36
55 35 78
55 36 47
55 37 97
55 38 65
55 39 98
55 40 27
55 41 58
55 42 77
55 43 25
55 45 8
55 46 67
55 47 46
55 48 43
55 49 78
55 50 45
56 0 62
56 1 51
56 3 73
56 4 62
56 5 38
56 7 54
56 12 27
56 13 19
56 15 84
56 17 74
56 19 78
56 20 17
56 21 18
56 22 71
56 23 74
56 24 10
56 26 80
56 27 67
56 28 31
56 31 46
56 33 24
56 35 69
56 36 50
56 37 94
56 38 74
56 39 97
56 40 5
56 41 29
56 42 76
56 43 54
56 44 52
56 45 39
56 46 58
56 48 28
56 50 49
56 51 50
56 52 44
56 53 24
56 54 46
56 55 31
57 0 46
57 1 65
57 2 34
57 3 44
57 5 67
57 6 37
57 7 57
57 8 103
57 9 32
57 11 15
57 12 98
57 14 76
57 15 20
57 16 78
57 18 49
57 19 35
57 21 66
57 22 37
57 23 10
57 25 26
57 26 18
57 27 37
57 29 100
57 30 94
57 32 39
57 34 89
57 36 39
57 37 59
57 39 57
57 40 84
57 41 94
57 42 46
57 45 64
57 48 67
57 49 31
57 50 39
57 52 85
57 53 90
57 56 84
58 1 80
58 2 55
58 4 18
58 5 74
58 6 61
58 8 98
58 10 69
58 11 34
58 12 67
58 14 52
58 15 30
58 16 79
58 18 30
58 19 15
58 20 82
58 22 9
58 23 41
58 27 8
58 29 87
58 30 90
58 31 82
58 32 62
58 33 73
58 34 72
58 35 89
58 38 58
58 39 96
58 40 64
58 41 90
58 43 12
58 44 18
58 45 30
58 47 61
58 48 67
58 49 70
58 51 42
58 52 92
58 53 60
58 54 98
58 55 37
59 2 9
59 3 14
59 4 46
59 5 30
59 7 17
59 9 8
59 11 51
59 12 83
59 13 41
59 15 55
59 17 54
59 20 61
59 22 59
59 24 50
59 25 19
59 27 57
59 28 38
59 31 32
59 32 2
59 33 83
59 35 25
59 36 13
59 38 19
59 39 38
59 40 63
59 41 60
59 42 17
59 43 59
59 44 46
59 45 63
59 46 19
59 48 35
59 49 24
59 50 14
59 52 47
59 54 54
59 55 60
59 56 60
60 0 2
60 1 74
60 2 50
60 3 71
60 4 15
60 6 56
60 7 69
60 8 91
60 9 57
60 10 65
60 12 62
60 13 50
60 16 72
60 18 23
60 19 19
60 20 75
60 21 48
60 22 12
60 25 41
60 27 9
60 28 35
60 29 80
60 30 84
60 31 76
60 32 57
60 33 68
60 34 66
60 35 84
60 37 93
60 39 92
60 40 58
60 41 83
60 42 74
60 43 7
60 44 13
60 45 25
60 47 55
60 50 47
60 53 55
60 54 92
60 56 61
60 58 6
61 2 36
61 3 52
61 4 48
61 6 39
61 8 40
61 9 45
61 10 57
61 12 45
61 13 3
61 14 25
61 15 69
61 16 20
61 18 28
61 19 66
61 21 7
61 22 60
61 24 11
61 25 40
61 26 64
61 28 17
61 29 35
61 30 32
61 31 30
61 32 37
61 34 25
61 35 50
61 36 29
61 37 74
61 38 53
61 39 76
61 40 23
61 41 31
61 42 54
61 49 62
61 50 28
61 51 30
61 55 32
61 56 21
61 57 65
61 59 39
61 60 52
62 0 63
62 2 12
62 4 48
62 5 25
62 6 7
62 7 12
62 8 64
62 9 13
62 10 91
62 11 55
62 15 59
62 16 39
62 17 57
62 18 44
62 19 65
62 20 56
62 21 41
62 22 61
62 23 37
62 24 46
62 25 22
62 26 54
62 28 36
62 29 67
62 31 26
62 32 5
62 33 80
62 35 23
62 36 13
62 37 38
62 38 24
62 40 59
62 41 55
62 43 60
62 44 48
62 46 14
62 48 30
62 49 29
62 52 41
62 53 74
62 57 45
62 58 66
62 59 5
62 60 61
63 0 85
63 1 48
63 2 67
63 4 82
63 5 37
63 6 68
63 7 54
63 8 9
63 9 75
63 10 60
63 11 102
63 12 48
63 13 34
63 15 103
63 16 23
63 17 95
63 18 61
63 19 100
63 20 8
63 21 36
63 22 93
63 23 89
63 24 26
63 26 98
63 27 89
63 30 9
63 31 40
63 36 60
63 37 94
63 38 84
63 39 97
63 40 30
63 42 78
63 43 78
63 47 48
63 48 32
63 49 91
63 50 60
63 51 64
63 52 31
63 53 47
63 54 28
63 55 56
63 56 25
63 57 99
63 60 84
63 61 34
64 0 45
64 1 66
64 2 61
64 3 81
64 4 51
64 7 66
64 8 57
64 9 71
64 10 26
64 12 19
64 13 29
64 14 7
64 17 62
64 19 63
64 20 40
64 21 25
64 23 69
64 25 59
64 30 53
64 32 65
64 33 23
64 35 82
64 41 52
64 43 37
64 44 41
64 45 20
64 46 71
64 47 50
64 48 43
64 49 87
64 52 65
64 53 11
64 57 78
64 58 50
64 60 44
64 61 32
64 62 65
64 63 48
65 0 29
65 1 47
65 4 20
65 5 41
65 6 33
65 7 43
65 8 68
65 9 37
65 12 56
65 13 26
65 14 34
65 15 42
65 17 33
65 19 38
65 20 53
65 21 26
65 23 32
65 24 36
65 25 22
65 26 37
65 27 29
65 28 11
65 30 60
65 32 33
65 33 58
65 34 48
65 35 58
65 36 23
65 37 72
65 38 39
65 39 72
65 40 42
65 43 25
65 44 14
65 47 28
65 48 35
65 50 21
65 51 13
65 52 59
65 53 48
65 54 65
65 57 42
65 58 33
65 59 35
65 60 27
65 61 27
65 62 36
65 63 61
65 64 37
66 0 27
66 1 60
66 2 47
66 4 31
66 5 51
66 7 57
66 9 56
66 10 44
66 11 55
66 12 39
66 13 28
66 14 20
66 16 51
66 17 42
66 18 10
66 19 44
66 20 50
66 21 24
66 22 37
66 23 50
66 24 33
66 25 42
66 26 50
66 27 33
66 28 17
66 29 54
66 30 60
66 31 60
66 34 40
66 35 74
66 36 41
66 37 91
66 39 92
66 40 31
66 42 71
66 43 20
66 44 21
66 47 42
66 48 41
66 49 71
66 51 33
66 52 66
66 53 31
66 54 71
66 55 7
66 57 59
66 58 32
66 59 54
66 60 26
66 61 30
66 62 53
66 63 58
66 64 20
67 0 49
67 1 43
67 2 12
67 3 26
67 4 32
67 7 35
67 8 83
67 10 94
67 11 32
67 12 86
67 14 63
67 15 36
67 16 57
67 17 38
67 18 39
67 19 46
67 20 72
67 21 49
67 22 44
67 24 58
67 25 8
67 26 32
67 27 42
67 28 38
67 31 49
67 34 72
67 35 43
67 36 18
67 39 45
67 40 68
67 41 73
67 44 36
67 45 58
67 46 37
67 48 47
67 49 21
67 50 19
67 51 18
67 52 63
67 53 78
67 54 71
67 55 57
67 56 67
67 58 50
67 59 18
67 60 47
67 61 47
68 1 34
68 4 36
68 5 25
68 6 30
68 7 31
68 8 53
68 9 36
68 11 55
68 12 52
68 14 30
68 17 49
68 20 39
68 22 49
68 24 23
68 25 28
68 27 45
68 29 47
68 30 44
68 31 34
68 32 29
68 35 48
68 38 42
68 39 69
68 40 33
68 41 43
68 42 48
68 43 39
68 44 30
68 45 35
68 50 17
68 53 45
68 54 49
68 55 30
68 56 32
68 57 52
68 59 31
68 60 42
68 62 29
68 63 47
69 0 66
69 1 78
69 2 80
69 3 98
69 4 73
69 5 65
69 6 83
69 7 79
69 8 54
69 9 89
69 10 15
69 11 97
69 12 4
69 13 43
69 14 24
69 16 55
69 18 51
69 21 40
69 22 78
69 23 90
69 24 36
69 25 79
69 27 74
69 28 49
69 29 35
69 30 53
69 34 26
69 36 72
69 37 120
69 38 95
69 42 100
69 44 63
69 45 41
69 46 84
69 48 54
69 49 106
69 50 71
69 51 69
69 52 70
69 53 11
69 54 71
69 55 35
69 57 100
69 59 84
69 61 46
69 62 81
69 63 45
69 64 22
69 65 58
69 66 42
69 67 87
70 0 93
70 1 18
70 2 44
70 3 33
70 4 80
70 5 29
70 9 43
70 10 107
70 11 87
70 12 95
70 13 54
70 15 91
70 16 39
70 18 72
70 20 58
70 21 58
70 23 69
70 24 58
70 27 91
70 29 69
70 31 21
70 32 37
70 36 44
70 37 39
70 38 53
70 39 43
70 41 50
70 42 32
70 43 90
70 45 88
70 46 17
70 47 37
70 50 44
70 51 55
70 55 82
70 58 97
70 59 36
70 60 91
70 62 32
70 63 59
70 64 84
70 65 65
70 66 78
70 67 54
70 68 52
70 69 94
71 0 21
71 2 43
71 3 64
71 4 24
71 5 51
71 6 48
71 7 56
71 9 52
71 10 51
71 12 46
71 13 30
71 14 26
71 18 6
71 19 38
71 20 55
71 22 30
71 23 43
71 26 43
71 27 27
71 29 60
71 30 64
71 32 48
71 34 45
71 35 72
71 36 38
71 39 88
71 42 68
71 44 14
71 45 12
71 46 61
71 48 43
71 49 66
71 50 36
71 51 28
71 53 38
71 55 14
71 56 40
71 57 52
71 58 26
71 59 50
71 61 33
71 62 50
71 63 63
71 64 27
71 65 15
71 67 45
71 68 26
71 69 49
71 70 78
72 1 43
72 2 14
72 3 34
72 4 23
72 6 20
72 7 36
72 8 76
72 9 21
72 10 81
72 11 32
72 12 73
72 13 38
72 17 32
72 18 27
72 20 64
72 21 39
72 22 36
72 25 5
72 26 30
72 28 26
72 29 72
72 31 47
72 32 21
72 33 75
72 34 62
72 35 48
72 36 14
72 38 21
72 40 57
72 42 38
72 43 37
72 45 45
72 46 40
72 48 40
72 49 33
72 51 7
72 52 60
72 53 65
72 57 27
72 59 23
72 61 37
72 62 25
72 63 71
72 64 55
72 65 18
72 66 37
72 67 12
72 69 75
72 70 57
72 71 32
73 0 38
73 3 40
73 5 56
73 6 29
73 7 48
73 8 91
73 9 26
73 10 91
73 11 18
73 13 52
73 15 22
73 16 67
73 17 24
73 18 36
73 19 32
73 20 79
73 21 53
73 22 31
73 24 62
73 25 14
73 27 30
73 29 87
73 30 82
73 31 61
73 33 87
73 35 58
73 36 28
73 37 59
73 39 58
73 40 71
73 41 82
73 42 43
73 44 28
73 46 51
73 47 41
73 49 32
73 50 28
73 52 75
73 54 82
73 57 13
73 58 38
73 60 36
73 61 52
73 62 36
73 63 86
73 64 66
73 65 29
73 66 47
73 67 14
73 69 87
73 72 15
74 0 47
74 1 76
74 2 70
74 5 64
74 6 74
74 7 75
74 8 65
74 9 80
74 10 18
74 11 79
74 12 16
74 13 39
74 15 78
74 16 58
74 17 66
74 19 66
74 20 48
74 21 35
74 23 75
74 25 67
74 26 74
74 27 56
74 28 38
74 29 47
74 31 73
74 32 74
74 33 23
74 34 33
74 35 92
74 36 63
74 37 113
74 40 26
74 41 60
74 42 93
74 43 40
74 45 22
74 46 81
74 47 60
74 49 95
74 50 62
74 51 57
74 52 74
74 54 77
74 55 18
74 56 31
74 58 51
74 59 76
74 60 47
74 61 42
74 62 74
74 63 55
74 64 9
74 65 44
74 67 75
74 68 45
74 69 20
74 70 94
74 72 62
74 73 72
75 0 29
75 2 27
75 3 49
75 7 43
75 8 68
75 9 37
75 11 41
75 14 34
75 15 42
75 17 33
75 18 9
75 19 38
75 20 53
75 21 26
75 22 32
75 23 32
75 26 37
75 27 29
75 28 11
75 29 61
75 30 60
75 31 49
75 34 48
75 35 58
75 37 72
75 38 39
75 39 72
75 40 42
75 41 59
75 44 14
75 45 27
75 46 48
75 47 28
75 48 35
75 49 51
75 50 21
75 51 13
75 53 48
75 56 42
75 57 42
75 59 35
75 60 27
75 62 36
75 63 61
75 65 0
75 66 19
75 67 30
75 68 16
75 69 58
75 71 15
75 72 18
75 74 44
76 0 84
76 1 40
76 2 61
76 3 69
76 5 30
76 7 46
76 9 68
76 12 53
76 13 32
76 14 44
76 15 100
76 16 16
76 17 92
76 18 59
76 19 97
76 21 34
76 23 84
76 25 68
76 26 95
76 29 18
76 31 32
76 35 57
76 36 55
76 40 33
76 41 1
76 42 70
76 44 72
76 45 65
76 46 49
76 48 26
76 49 84
76 50 54
76 51 59
76 54 20
76 55 57
76 57 93
76 58 89
76 59 60
76 60 82
76 62 55
76 63 8
76 65 59
76 69 51
76 70 51
76 71 62
76 72 66
76 73 81
76 74 59
76 75 59
77 0 87
77 1 24
77 2 35
77 7 21
77 8 71
77 12 101
77 13 58
77 14 80
77 16 49
77 17 80
77 18 68
77 19 87
77 20 69
77 21 62
77 23 56
77 25 45
77 28 60
77 30 63
77 31 31
77 32 28
77 33 99
77 34 77
77 37 22
77 38 38
77 39 26
77 40 78
77 43 85
77 44 72
77 45 86
77 46 16
77 47 36
77 48 46
77 49 33
77 50 38
77 53 95
77 57 61
77 58 90
77 59 26
77 60 85
77 61 55
77 63 72
77 64 87
77 65 60
77 66 77
77 67 42
77 68 51
77 69 101
77 70 18
77 71 75
77 72 49
77 73 57
77 75 60
77 76 63
78 0 21
78 2 50
78 7 63
78 8 73
78 11 52
78 13 34
78 14 25
78 15 51
78 16 57
78 17 39
78 18 13
78 19 40
78 20 57
78 21 31
78 24 39
78 25 44
78 26 47
78 28 23
78 29 60
78 30 67
78 31 66
78 32 55
78 33 47
78 36 45
78 37 95
78 38 60
78 39 95
78 42 75
78 43 14
78 44 18
78 45 5
78 47 47
78 49 73
78 50 43
78 51 36
78 52 73
78 53 34
78 54 77
78 56 41
78 58 26
78 60 21
78 61 37
78 62 57
78 63 65
78 66 6
78 67 52
78 69 45
78 71 7
78 72 39
78 73 47
78 74 27
78 75 22
78 76 65
78 77 82
79 1 23
79 2 52
79 6 50
79 7 31
79 8 27
79 11 94
79 14 59
79 15 97
79 17 92
79 18 64
79 19 99
79 24 38
79 26 92
79 27 90
79 28 52
79 29 41
79 31 16
79 34 45
79 35 37
79 36 48
79 37 66
79 38 67
79 39 70
79 40 50
79 43 83
79 44 75
79 45 76
79 46 32
79 47 35
79 48 26
79 49 70
79 50 48
79 51 56
79 52 1
79 55 68
79 56 45
79 57 87
79 58 93
79 59 48
79 62 42
79 66 67
79 67 65
79 68 44
79 69 71
79 70 29
79 73 76
79 74 75
79 76 22
79 77 44
79 78 74
80 0 48
80 1 30
80 2 25
80 3 42
80 4 39
80 5 21
80 7 27
80 8 51
80 11 57
80 13 13
80 14 33
80 18 24
80 19 58
80 20 38
80 22 52
80 23 43
80 24 23
80 25 28
80 26 54
80 27 49
80 28 13
80 29 47
80 30 42
80 32 26
80 33 54
80 34 37
80 36 17
80 37 65
80 38 41
80 40 34
80 42 45
80 43 43
80 44 34
80 46 33
80 48 15
80 50 16
80 51 18
80 52 39
80 53 48
80 54 46
80 55 34
80 56 32
80 58 52
80 60 46
80 62 26
80 63 45
80 64 39
80 66 30
80 68 4
80 69 55
80 72 25
80 74 48
80 75 19
80 78 36
80 79 41
81 0 100
81 4 90
81 5 29
81 6 56
81 8 35
81 9 61
81 10 97
81 11 102
81 12 84
81 14 71
81 16 29
81 17 101
81 19 108
81 20 42
81 21 55
81 22 103
81 23 85
81 25 69
81 26 100
81 27 100
81 28 63
81 30 31
81 31 22
81 32 54
81 36 56
81 39 69
81 40 62
81 44 85
81 45 87
81 47 44
81 48 37
81 49 73
81 50 56
81 51 65
81 52 13
81 53 81
81 54 12
81 56 57
81 57 93
81 58 104
81 59 53
81 60 98
81 62 48
81 66 79
81 67 71
81 70 26
81 71 80
81 72 70
81 73 84
81 74 87
81 75 71
81 76 32
81 77 43
81 78 85
81 80 51
82 0 15
82 1 78
82 2 58
82 5 69
82 6 64
82 7 74
82 8 86
82 9 67
82 11 51
82 12 49
82 13 47
82 14 36
82 18 24
82 20 69
82 22 27
82 23 53
82 24 52
82 25 51
82 26 45
82 27 25
82 28 35
82 30 80
82 31 78
82 32 65
82 34 58
82 37 103
82 40 49
82 41 79
82 43 10
82 44 22
82 45 13
82 48 60
82 50 53
82 51 44
82 54 90
82 56 53
82 57 60
82 58 19
82 60 15
82 61 50
82 63 78
82 64 33
82 67 58
82 69 53
82 70 96
82 71 18
82 72 46
82 73 50
82 74 33
82 75 31
82 77 92
82 78 13
82 79 87
82 80 48
82 81 98
83 1 12
83 6 36
83 7 19
83 9 43
83 10 81
83 11 80
83 12 69
83 13 30
83 15 83
83 16 13
83 17 78
83 19 85
83 20 33
83 21 34
83 22 80
83 23 64
83 24 32
83 28 40
83 29 43
83 30 27
83 31 5
83 32 34
83 33 65
83 34 43
83 36 34
83 37 58
83 38 53
83 41 27
83 42 43
83 43 71
83 44 62
83 46 21
83 48 16
83 50 33
83 52 12
83 53 64
83 54 20
83 56 41
83 57 72
83 58 81
83 59 34
83 60 75
83 61 27
83 62 29
83 63 36
83 68 32
83 69 68
83 71 58
83 73 62
83 74 68
83 76 27
83 78 63
83 79 14
83 80 28
83 81 23
83 82 75
84 1 46
84 3 36
84 4 21
84 5 46
84 6 22
84 7 39
84 8 81
84 9 22
84 10 84
84 11 28
84 13 42
84 15 31
84 16 56
84 17 29
84 18 29
84 19 36
84 20 68
84 21 43
84 22 34
84 23 13
84 24 52
84 26 26
84 27 32
84 28 30
84 29 77
84 30 72
84 31 51
84 32 23
84 33 78
84 34 66
84 36 18
84 38 20
84 39 57
84 40 61
84 43 37
84 45 46
84 46 43
84 47 31
84 49 33
84 50 18
84 51 11
84 52 65
84 55 47
84 57 23
84 59 25
84 60 35
84 61 41
84 62 28
84 64 57
84 65 20
84 67 11
84 68 29
84 69 78
84 70 61
84 72 4
84 73 10
84 74 65
84 75 20
84 76 71
84 78 41
84 79 66
84 80 30
84 82 46
84 83 52
85 0 15
85 1 66
85 2 47
85 4 21
85 5 58
85 6 52
85 7 62
85 8 78
85 10 52
85 11 45
85 12 49
85 13 37
85 14 31
85 15 44
85 16 60
85 17 32
85 19 33
85 20 61
85 21 34
85 23 44
85 24 44
85 27 22
85 29 66
85 30 71
85 31 66
85 32 53
85 33 53
85 34 51
85 35 77
85 36 42
85 37 91
85 38 56
85 39 91
85 42 72
85 43 8
85 47 47
85 48 49
85 49 69
85 50 41
85 53 41
85 54 80
85 56 46
85 59 55
85 60 14
85 61 39
85 63 70
85 65 19
85 66 11
85 67 47
85 68 32
85 69 52
85 70 84
85 72 35
85 75 19
85 76 69
85 77 80
85 78 7
85 80 36
85 81 87
85 82 12
85 83 64
86 1 19
86 2 36
86 3 21
86 4 73
86 5 32
86 6 30
86 7 18
86 8 65
86 9 33
86 10 109
86 11 77
86 12 98
86 13 55
86 14 78
86 17 82
86 18 68
86 21 59
86 22 86
86 25 47
86 26 77
86 28 59
86 29 75
86 30 57
86 32 29
86 33 95
86 34 73
86 35 2
86 36 38
86 37 28
86 38 42
86 39 32
86 40 75
86 41 58
86 42 20
86 43 85
86 44 73
86 47 34
86 49 39
86 51 49
86 54 44
86 55 80
86 57 65
86 58 91
86 60 86
86 61 52
86 62 25
86 63 67
86 64 84
86 66 76
86 67 45
86 69 97
86 71 74
86 72 50
86 73 59
86 74 94
86 76 58
86 77 6
86 78 81
86 79 38
86 81 37
86 82 92
86 83 31
86 84 53
87 0 65
87 1 51
87 3 74
87 4 64
87 6 61
87 7 54
87 9 68
87 10 41
87 11 86
87 12 28
87 13 21
87 14 19
87 15 87
87 16 28
87 18 42
87 20 15
87 22 73
87 23 76
87 24 11
87 25 62
87 27 70
87 28 33
87 29 17
87 31 46
87 34 3
87 35 69
87 36 52
87 39 97
87 40 7
87 42 76
87 43 57
87 45 42
87 46 59
87 48 28
87 49 85
87 50 50
87 52 43
87 54 44
87 57 86
87 59 62
87 60 63
87 61 22
87 62 58
87 63 22
87 64 25
87 65 45
87 66 37
87 68 34
87 69 27
87 70 67
87 73 73
87 75 45
87 76 26
87 77 75
87 79 44
87 82 55
87 84 63
87 85 49
87 86 71
88 0 93
88 1 24
88 2 41
88 3 24
88 5 37
88 6 35
88 9 37
88 10 114
88 13 60
88 14 83
88 15 86
88 16 49
88 17 86
88 18 73
88 19 94
88 20 69
88 23 63
88 24 65
88 27 89
88 28 64
88 31 30
88 32 34
88 33 100
88 35 7
88 36 43
88 37 26
88 38 46
88 39 30
88 40 80
88 41 62
88 42 22
88 43 90
88 44 78
88 45 91
88 49 41
88 54 47
88 56 76
88 58 96
88 59 32
88 60 91
88 62 30
88 66 81
88 68 55
88 69 102
88 70 13
88 71 80
88 72 55
88 73 63
88 74 99
88 75 65
88 76 62
88 78 86
88 79 41
88 80 52
88 81 39
88 82 97
88 83 35
88 84 57
88 85 85
88 86 5
88 87 76
89 0 23
89 1 78
89 3 84
89 4 35
89 7 75
89 9 71
89 10 42
89 12 41
89 13 45
89 14 31
89 15 56
89 16 68
89 17 43
89 18 25
89 19 42
89 21 41
89 22 35
89 23 59
89 24 49
89 26 53
89 27 32
89 28 35
89 29 67
89 31 78
89 32 68
89 33 48
89 35 91
89 37 106
89 39 107
89 40 44
89 41 75
89 44 27
89 45 9
89 47 59
89 48 59
89 49 84
89 50 56
89 51 47
89 54 88
89 55 17
89 57 66
89 58 27
89 60 23
89 61 48
89 65 34
89 66 18
89 67 63
89 68 44
89 71 19
89 72 50
89 74 25
89 75 34
89 76 74
89 77 94
89 78 12
89 79 85
89 80 48
89 81 97
89 82 8
89 83 75
89 84 51
89 85 15
89 87 51
89 88 99
90 0 73
90 1 17
90 3 13
90 4 58
90 5 26
90 7 10
90 9 19
90 10 99
90 11 63
90 12 88
90 13 45
90 14 67
90 15 67
90 16 41
90 17 67
90 19 74
90 20 60
90 21 48
90 23 45
90 24 52
90 25 32
90 26 63
90 27 69
90 29 70
90 30 56
90 31 25
90 33 86
90 34 66
90 36 23
90 37 31
90 38 29
90 39 34
90 40 66
90 42 14
90 44 58
90 45 72
90 46 8
90 47 22
90 48 35
90 50 24
90 51 34
90 52 39
90 53 82
90 55 68
90 56 63
90 57 52
90 60 71
90 61 42
90 62 10
90 63 64
90 64 73
90 66 63
90 67 30
90 69 88
90 72 35
90 73 45
90 74 83
90 76 56
90 79 40
90 80 34
90 81 43
90 82 77
90 83 29
90 85 65
90 87 63
90 89 80
91 0 28
91 3 46
91 4 14
91 5 45
91 10 71
91 11 32
91 12 65
91 13 34
91 17 26
91 19 33
91 21 34
91 23 23
91 24 44
91 25 16
91 27 25
91 28 20
91 30 67
91 32 31
91 33 67
91 34 57
91 35 58
91 36 22
91 37 68
91 39 68
91 41 66
91 42 49
91 45 34
91 46 48
91 47 31
91 48 41
91 49 45
91 50 21
91 52 64
91 53 57
91 54 71
91 55 34
91 57 33
91 58 31
91 59 33
91 60 26
91 63 69
91 64 45
91 65 9
91 67 24
91 68 23
91 69 67
91 70 66
91 72 11
91 73 20
91 75 9
91 79 65
91 80 25
91 81 75
91 82 34
91 83 52
91 87 54
91 88 65
91 89 39
91 90 45
92 2 78
92 3 98
92 5 68
92 6 83
92 7 82
92 14 22
92 15 89
92 16 61
92 17 77
92 19 77
92 20 48
92 21 41
92 22 70
92 23 86
92 24 40
92 25 76
92 26 85
92 28 46
92 29 44
92 30 61
92 31 77
92 32 82
92 33 15
92 35 98
92 36 72
92 37 120
92 39 122
92 40 27
92 42 101
92 43 51
92 44 56
92 46 87
92 47 67
92 48 57
92 49 104
92 51 66
92 52 76
92 54 78
92 55 28
92 56 32
92 57 95
92 58 62
92 59 84
92 60 58
92 61 48
92 64 17
92 65 54
92 66 36
92 67 85
92 68 53
92 69 11
92 70 98
92 71 42
92 72 72
92 73 83
92 74 11
92 76 59
92 77 103
92 80 55
92 81 89
92 83 72
92 84 75
92 86 100
92 87 33
92 89 36
93 0 19
93 1 60
93 2 41
93 3 63
93 5 52
93 8 73
93 9 50
93 13 32
93 14 29
93 15 44
93 17 32
93 18 6
93 19 35
93 20 57
93 22 28
93 23 41
93 24 39
93 25 35
93 27 24
93 28 18
93 29 62
93 31 60
93 35 72
93 37 86
93 38 51
93 39 86
93 42 66
93 43 13
93 45 15
93 46 61
93 47 41
93 48 44
93 49 64
93 50 35
93 51 27
93 52 69
93 56 43
93 57 49
93 59 49
93 60 18
93 61 34
93 62 50
93 63 65
93 64 30
93 65 13
93 67 43
93 68 26
93 69 52
93 70 78
93 71 3
93 72 30
93 73 38
93 74 35
93 75 13
93 76 64
93 77 74
93 78 9
93 80 30
93 82 18
93 83 58
93 84 31
93 85 6
93 87 45
93 88 79
94 1 63
94 2 56
94 3 77
94 4 45
94 6 61
94 7 63
94 8 59
94 9 66
94 10 31
94 12 25
94 13 27
94 14 8
94 15 68
94 17 56
94 19 57
94 20 42
94 21 23
94 24 28
94 25 54
94 26 64
94 27 47
94 29 44
94 31 61
94 32 60
94 33 29
94 34 30
94 37 100
94 38 70
94 40 21
94 41 53
94 42 80
94 44 35
94 45 15
94 46 68
94 47 47
94 49 82
94 54 68
94 55 7
94 56 25
94 57 73
94 58 44
94 59 62
94 60 39
94 61 30
94 63 51
94 66 14
94 68 32
94 71 21
94 72 49
94 74 13
94 75 31
94 76 52
94 77 83
94 78 18
94 79 66
94 80 35
94 81 78
94 82 28
94 83 57
94 84 52
94 87 28
94 88 87
94 89 22
94 90 69
94 91 40
95 0 97
95 1 20
95 2 50
95 3 41
95 4 84
95 7 26
95 8 50
95 9 50
95 10 105
95 11 93
95 12 93
95 15 97
95 16 35
95 19 102
95 20 53
95 21 58
95 22 98
95 23 76
95 25 60
95 26 92
95 27 95
95 28 63
95 29 63
95 31 20
95 32 43
95 33 88
95 34 66
95 36 48
95 37 48
95 38 60
95 39 52
95 40 69
95 42 41
95 44 82
95 45 89
95 46 23
95 48 40
95 49 59
95 51 59
95 55 82
95 57 82
95 58 100
95 59 42
95 60 95
95 61 50
95 62 38
95 63 53
95 64 83
95 66 80
95 67 61
95 69 91
95 70 9
95 72 63
95 73 75
95 74 93
95 76 45
95 77 27
95 78 86
95 79 22
95 81 17
95 82 98
95 83 24
95 84 66
95 85 86
95 88 22
95 89 98
95 90 31
95 91 70
95 92 96
95 93 80
95 94 81
96 0 94
96 1 26
96 4 79
96 5 39
96 6 36
96 7 25
96 10 116
96 11 81
96 12 105
96 13 62
96 16 51
96 18 75
96 19 95
96 20 71
96 21 66
96 23 64
96 24 68
96 25 52
96 26 82
96 27 90
96 29 81
96 30 63
96 31 33
96 34 80
96 35 9
96 37 24
96 38 46
96 39 28
96 41 64
96 42 22
96 43 91
96 45 92
96 46 20
96 47 41
96 48 50
96 50 45
96 53 99
96 54 49
96 55 87
96 56 78
96 57 68
96 58 97
96 61 59
96 62 31
96 64 91
96 65 67
96 68 57
96 69 104
96 70 15
96 71 81
96 74 101
96 75 67
96 76 64
96 77 7
96 78 88
96 79 43
96 80 53
96 83 38
96 84 58
96 88 2
96 91 66
96 92 107
96 93 80
96 94 89
96 95 24
97 0 33
97 2 57
97 4 40
97 5 57
97 6 62
97 7 66
97 8 67
97 9 67
97 11 64
97 12 30
97 13 33
97 14 16
97 15 63
97 19 51
97 20 50
97 21 29
97 22 44
97 23 60
97 24 35
97 27 41
97 28 26
97 29 52
97 31 66
97 33 35
97 36 51
97 38 69
97 39 102
97 40 29
97 41 61
97 42 81
97 43 25
97 44 30
97 45 7
97 48 47
97 49 82
97 52 71
97 53 22
97 54 74
97 55 4
97 59 64
97 60 32
97 61 36
97 62 63
97 63 58
97 66 10
97 67 61
97 69 33
97 70 86
97 71 17
97 72 48
97 73 57
97 74 15
97 75 30
97 76 60
97 77 86
97 78 12
97 79 72
97 80 38
97 82 20
97 83 63
97 84 50
97 85 19
97 87 36
97 88 90
97 89 15
97 90 72
97 91 38
97 92 26
97 93 19
97 94 7
98 0 47
98 1 32
98 2 28
98 3 46
98 4 40
98 6 31
98 8 49
98 11 59
98 12 51
98 13 10
98 15 60
98 17 53
98 18 23
98 20 35
98 24 20
98 26 55
98 27 49
98 28 11
98 29 44
98 30 40
98 35 47
98 36 21
98 37 68
98 38 44
98 39 70
98 40 31
98 42 48
98 43 42
98 44 33
98 45 37
98 47 15
98 50 19
98 51 21
98 53 44
98 54 46
98 55 31
98 56 29
98 60 46
98 63 43
98 64 35
98 65 19
98 66 28
98 67 38
98 68 3
98 69 52
98 70 50
98 71 28
98 72 28
98 73 43
98 74 45
98 78 34
98 79 41
98 81 52
98 82 46
98 83 29
98 85 34
98 87 31
98 88 55
98 89 46
98 93 29
98 94 32
98 96 56
98 97 35
99 3 22
99 5 19
99 6 12
99 8 58
99 12 75
99 13 32
99 14 54
99 16 33
99 18 41
99 19 66
99 20 50
99 21 36
99 22 62
99 24 40
99 25 25
99 33 74
99 34 55
99 35 24
99 36 12
99 37 43
99 40 54
99 41 49
99 42 24
99 43 59
99 44 47
99 45 59
99 46 14
99 47 10
99 49 35
99 51 23
99 52 36
99 54 44
99 56 51
99 57 49
99 60 60
99 61 30
99 62 6
99 63 56
99 65 34
99 66 50
99 68 24
99 69 76
99 70 31
99 71 48
99 72 26
99 75 34
99 76 49
99 78 55
99 79 38
99 80 21
99 81 44
99 82 65
99 83 24
99 84 30
99 85 53
99 86 26
99 87 52
99 88 31
99 89 67
99 91 34
99 92 77
99 96 33
99 97 59
