100 3465
-1
97 88 73
49 88 97
80 44 73
51 67 96
71 21 73
17 9 82
58 69 84
91 28 74
12 63 72
55 22 71
66 5 72
28 72 95
86 2 79
32 30 81
40 85 71
0 31 92
62 13 93
21 99 100
13 85 89
94 94 73
90 51 90
61 80 90
98 90 70
32 10 97
75 86 71
70 81 72
18 67 86
43 55 73
40 31 90
38 72 81
42 84 72
3 67 94
0 71 100
72 82 78
37 51 94
42 80 90
11 18 97
95 90 73
29 2 84
8 46 71
39 17 78
33 42 94
5 23 81
16 31 98
39 88 81
4 60 73
16 16 99
3 34 95
96 22 72
61 81 88
32 44 99
13 99 85
40 67 98
64 99 78
38 19 71
11 94 80
83 26 70
62 69 75
93 85 78
48 63 91
28 38 89
15 19 77
60 5 72
0 15 83
96 8 91
85 41 75
29 4 83
66 41 92
14 14 70
99 86 75
4 50 78
20 67 94
90 26 76
29 68 85
52 33 91
31 72 100
11 29 73
100 53 98
23 33 84
77 85 88
14 76 79
11 91 72
6 2 82
29 8 84
67 21 73
60 65 93
15 77 96
56 67 76
7 58 77
79 73 71
17 7 87
20 27 78
51 15 100
33 52 97
33 9 78
100 93 84
53 36 91
97 61 88
48 17 91
34 98 99
-1
2 1 53
3 0 50
3 1 21
3 2 37
4 0 71
4 1 70
4 2 24
4 3 50
5 0 112
5 1 85
5 2 72
5 3 67
5 4 55
6 0 43
6 1 21
6 2 33
6 3 7
6 4 49
6 5 72
7 0 60
7 1 73
7 2 19
7 4 21
7 5 76
7 6 52
8 0 88
8 2 70
8 3 39
8 4 72
8 5 54
8 6 46
9 0 78
9 1 66
9 2 33
9 3 45
9 4 16
9 5 40
9 6 47
9 7 36
9 8 59
10 3 63
10 6 64
10 7 33
10 8 79
11 0 70
11 2 59
11 5 63
11 6 30
11 7 76
11 8 18
11 9 56
12 0 86
12 1 93
12 3 73
12 4 24
12 6 72
12 8 95
12 9 36
12 10 20
12 11 90
13 1 60
13 2 50
13 3 41
13 4 40
13 7 59
13 9 24
13 12 60
14 0 57
14 1 9
14 2 57
14 3 21
14 4 71
14 7 76
14 8 35
14 9 64
14 11 17
14 12 94
14 13 55
15 0 112
15 2 81
15 3 62
15 5 27
15 7 91
15 8 34
15 10 70
15 13 32
15 14 67
16 1 76
16 2 35
16 3 55
16 4 12
16 5 45
16 7 32
16 8 70
16 9 11
16 10 8
16 11 68
16 12 26
16 14 75
16 15 64
17 1 30
17 4 92
17 5 90
17 6 47
17 7 99
17 8 37
17 9 84
17 10 104
17 12 116
17 15 71
18 1 36
18 2 78
18 3 42
18 7 96
18 9 75
18 10 95
18 16 87
18 17 16
19 0 6
19 1 45
19 6 43
19 8 87
19 10 93
19 13 89
19 14 54
19 15 113
19 16 87
20 0 37
20 1 55
20 2 12
20 3 42
20 5 84
20 7 23
20 9 45
20 10 51
20 13 61
20 14 60
20 15 92
20 16 47
20 17 84
20 18 84
20 19 43
21 0 36
21 5 83
21 6 11
21 7 60
21 8 51
21 9 58
21 10 75
21 14 21
21 15 78
21 16 67
21 17 44
21 18 48
21 19 35
22 0 2
22 1 49
22 2 49
22 3 52
22 5 114
22 6 45
22 7 62
22 8 90
22 9 80
22 12 88
22 13 89
22 14 58
22 15 114
22 16 85
22 17 77
22 18 85
22 19 5
22 20 39
22 21 38
23 0 101
23 3 60
23 4 40
23 5 15
23 6 64
23 8 56
23 9 25
23 10 34
23 11 62
23 13 20
23 14 75
23 15 38
23 16 30
23 17 89
23 18 77
23 20 71
24 0 22
24 1 26
24 2 42
24 3 30
24 4 65
24 5 96
24 7 60
24 8 67
24 9 67
24 10 81
24 11 49
24 12 84
24 13 70
24 14 35
24 15 93
24 16 74
24 18 62
24 20 38
24 21 15
24 22 23
25 0 27
25 1 22
25 3 23
25 4 60
25 5 89
25 6 16
25 7 57
25 8 60
25 9 60
25 10 76
25 11 42
25 12 80
25 13 63
25 15 86
25 16 68
25 17 52
25 18 57
25 22 29
25 23 80
25 24 7
26 0 81
26 2 66
26 3 33
26 4 70
26 9 58
26 10 78
26 11 11
26 15 40
26 16 69
26 18 18
26 21 44
26 22 83
26 25 53
27 2 38
27 3 14
27 5 52
27 6 20
27 8 32
27 10 55
27 12 68
27 13 27
27 16 46
27 17 49
27 19 64
27 21 30
27 22 65
27 23 46
27 24 44
27 26 27
28 1 57
28 2 42
28 3 37
28 4 32
28 5 31
28 7 51
28 8 42
28 9 17
28 10 36
28 11 42
28 13 8
28 15 40
28 16 28
28 17 70
28 18 60
28 19 82
28 20 53
28 23 22
29 1 19
29 2 50
29 6 20
29 7 68
29 8 27
29 9 52
29 11 10
29 12 84
29 15 55
29 16 63
29 18 28
29 20 56
29 21 24
29 23 62
29 24 39
29 25 33
29 26 20
29 27 17
29 28 41
30 1 8
30 3 19
30 4 69
30 5 79
30 6 21
30 7 74
30 8 36
30 9 63
30 10 82
30 11 18
30 12 93
30 14 2
30 17 25
30 18 29
30 19 52
30 20 58
30 22 56
30 23 74
30 24 33
30 26 29
30 27 29
30 29 12
31 0 96
31 1 50
31 2 80
31 3 48
31 4 82
31 7 96
31 8 9
31 9 68
31 10 88
31 13 47
31 14 41
31 15 36
31 17 36
31 18 20
31 19 94
31 20 88
31 21 59
31 22 97
31 24 74
31 25 68
31 26 15
31 27 41
31 28 51
32 0 98
32 2 84
32 3 51
32 4 86
32 5 64
32 6 58
32 7 100
32 12 110
32 13 52
32 14 42
32 15 40
32 16 84
32 17 35
32 18 19
32 19 96
32 20 92
32 21 61
32 22 99
32 23 68
32 24 76
32 25 70
32 26 18
32 29 38
32 30 43
32 31 5
33 0 25
33 1 23
33 2 38
33 3 25
33 4 61
33 5 91
33 6 19
33 7 57
33 9 62
33 10 77
33 11 45
33 12 81
33 13 65
33 14 32
33 17 53
33 18 59
33 19 25
33 20 35
33 21 11
33 22 27
33 23 82
33 24 5
33 25 2
33 26 56
33 27 39
33 28 60
33 29 35
33 30 30
33 31 70
33 32 72
34 0 70
34 2 43
34 3 21
34 4 45
34 7 58
34 10 54
34 11 22
34 12 69
34 13 21
34 14 34
34 15 42
34 16 45
34 18 41
34 19 71
34 21 37
34 22 72
34 23 41
34 24 51
34 25 44
34 26 24
34 28 20
34 29 21
34 31 37
34 33 46
35 0 55
35 2 52
35 3 15
35 5 75
35 8 34
35 9 59
35 10 78
35 13 50
35 14 5
35 15 64
35 16 69
35 17 28
35 18 29
35 19 53
35 22 56
35 26 27
35 28 49
35 30 4
35 31 41
35 33 30
35 34 29
36 0 110
36 1 79
36 3 63
36 4 60
36 5 10
36 6 69
36 7 80
36 8 45
36 11 56
36 12 76
36 13 24
36 14 73
36 18 67
36 19 112
36 20 85
36 21 79
36 22 112
36 23 22
36 25 86
36 27 48
36 28 31
36 30 72
36 31 49
36 32 54
36 33 88
36 34 42
36 35 69
37 1 46
37 2 48
37 3 49
37 5 112
37 7 62
37 8 87
37 11 69
37 12 88
37 13 87
37 14 55
37 15 111
37 16 83
37 17 74
37 18 82
37 21 35
37 22 3
37 25 26
37 27 62
37 30 53
37 31 94
37 32 96
37 33 24
37 34 69
38 0 109
38 2 66
38 3 68
38 5 13
38 6 73
38 7 67
38 8 63
38 9 32
38 11 70
38 12 57
38 13 28
38 14 83
38 15 41
38 17 97
38 19 112
38 21 84
38 22 111
38 23 8
38 24 95
38 25 89
38 26 65
38 27 54
38 29 70
38 30 83
38 32 74
38 33 90
38 34 49
38 35 79
38 36 24
39 1 58
39 4 67
39 6 55
39 7 84
39 8 17
39 10 71
39 13 28
39 14 50
39 15 17
39 17 54
39 18 39
39 19 98
39 22 100
39 23 43
39 24 78
39 25 71
39 29 39
39 30 50
39 32 26
39 33 73
39 34 29
39 36 28
39 37 97
40 4 32
40 5 23
40 7 53
40 9 16
40 12 49
40 13 14
40 15 41
40 16 23
40 17 83
40 19 94
40 20 61
40 22 93
40 24 77
40 26 54
40 27 38
40 28 14
40 29 55
40 30 67
40 32 66
40 35 63
40 36 28
40 38 18
41 0 78
41 1 48
41 2 47
41 3 30
41 4 43
41 5 36
41 6 36
41 7 59
41 8 29
41 9 29
41 11 30
41 12 66
41 13 12
41 15 34
41 16 41
41 18 47
41 19 80
41 20 57
41 21 47
41 22 80
41 27 16
41 28 13
41 30 42
41 31 39
41 34 9
41 35 39
41 36 32
41 37 78
41 38 40
41 39 25
41 40 25
42 1 78
42 2 77
42 5 18
42 6 70
42 7 86
42 8 40
42 10 63
42 11 54
42 12 83
42 13 27
42 14 71
42 15 9
42 16 57
42 17 77
42 18 62
42 19 113
42 22 114
42 23 29
42 25 87
42 26 45
42 28 35
42 29 59
42 30 71
42 31 44
42 34 42
42 35 67
42 37 112
42 38 31
42 39 23
42 40 34
42 41 33
43 1 65
43 2 65
43 4 55
43 5 22
43 6 56
43 9 40
43 10 56
43 12 75
43 13 16
43 14 59
43 15 16
43 16 49
43 19 100
43 20 76
43 21 66
43 25 73
43 26 36
43 27 36
43 28 24
43 29 46
43 30 59
43 31 38
43 32 43
43 33 75
43 34 29
43 36 13
43 37 98
43 40 26
43 41 20
43 42 13
44 1 10
44 2 60
44 4 74
44 5 82
44 6 26
44 7 79
44 8 36
44 12 98
44 13 58
44 15 69
44 18 26
44 19 55
44 20 63
44 21 23
44 23 78
44 26 29
44 28 57
44 29 16
44 30 5
44 31 41
44 35 8
44 36 75
44 37 56
44 38 86
44 40 71
44 42 73
44 43 61
45 0 97
45 1 53
45 2 77
45 4 77
45 5 52
45 6 54
45 8 8
45 10 82
45 12 100
45 13 41
45 14 43
45 16 74
45 18 26
45 20 86
45 21 60
45 22 98
45 23 57
45 24 75
45 25 69
45 26 15
45 27 39
45 28 46
45 29 36
45 30 44
45 31 7
45 32 11
45 33 71
45 34 34
45 35 42
45 37 95
45 38 63
45 40 55
45 41 34
45 43 31
46 0 108
46 1 79
46 2 69
46 3 61
46 4 55
46 6 67
46 7 75
46 8 47
46 9 39
46 10 51
46 11 57
46 12 71
46 13 21
46 14 73
46 15 21
46 17 83
46 18 69
46 19 110
46 20 81
46 22 110
46 23 17
46 24 91
46 26 51
46 27 47
46 29 60
46 30 72
46 31 52
46 32 57
46 33 86
46 34 40
46 35 69
46 36 5
46 38 19
46 39 31
46 41 31
46 42 13
46 44 75
46 45 45
47 2 77
47 3 58
47 5 28
47 6 65
47 7 88
47 8 30
47 9 53
47 10 69
47 13 29
47 14 63
47 15 4
47 19 109
47 22 110
47 23 37
47 24 88
47 25 81
47 26 36
47 27 45
47 28 37
47 30 63
47 32 37
47 33 84
47 35 60
47 36 17
47 37 107
47 38 41
47 39 13
47 41 31
47 42 11
47 43 13
47 44 64
47 45 26
47 46 22
48 0 66
48 1 81
48 3 63
48 4 25
48 5 80
48 6 60
48 7 7
48 9 41
48 10 34
48 11 84
48 13 64
48 14 84
48 16 35
48 17 107
48 18 104
48 20 29
48 21 67
48 22 68
48 24 67
48 25 64
48 26 90
48 27 62
48 28 56
48 29 76
48 30 82
48 32 107
48 34 65
48 35 79
48 36 85
48 37 68
48 38 69
48 39 91
48 41 66
48 42 91
48 44 87
48 45 99
48 46 80
48 47 93
49 0 36
49 1 13
49 2 41
49 5 84
49 6 12
49 7 60
49 8 52
49 9 59
49 10 76
49 12 82
49 14 21
49 15 78
49 17 43
49 18 48
49 20 41
49 21 1
49 22 38
49 23 76
49 27 31
49 28 54
49 29 24
49 30 19
49 31 59
49 32 61
49 33 11
49 35 19
49 37 35
49 38 85
49 40 67
49 41 48
49 43 67
49 44 23
49 45 60
49 46 79
49 47 74
50 0 78
50 1 47
50 2 48
50 5 38
50 7 61
50 8 27
50 9 31
50 11 28
50 12 68
50 15 34
50 16 43
50 17 56
50 20 58
50 21 46
50 22 80
50 24 60
50 26 26
50 27 15
50 29 28
50 30 41
50 31 37
50 33 55
50 35 37
50 36 33
50 37 78
50 41 2
50 42 34
50 43 20
50 44 44
50 45 32
50 46 32
50 48 67
50 49 47
51 1 37
51 2 86
51 4 97
51 5 90
51 7 105
51 8 36
51 9 87
51 10 107
51 11 30
51 12 121
51 13 71
51 15 69
51 16 98
51 17 8
51 18 14
51 19 81
51 20 90
51 21 51
51 22 85
51 24 63
51 25 59
51 26 32
51 29 36
51 31 33
51 32 30
51 33 61
51 34 53
51 36 81
51 38 98
51 39 53
51 40 86
51 41 60
51 43 68
51 44 28
51 45 40
51 46 83
51 47 65
51 48 113
51 49 51
51 50 58
52 2 46
52 3 11
52 4 55
52 5 62
52 6 18
52 8 28
52 12 79
52 13 37
52 14 18
52 15 53
52 16 58
52 18 32
52 19 60
52 20 52
52 21 24
52 22 62
52 24 39
52 25 33
52 26 22
52 27 12
52 28 36
52 29 5
52 30 17
52 33 35
52 36 56
52 39 38
52 40 50
52 42 56
52 47 49
52 48 71
52 49 25
52 50 24
52 51 41
53 0 34
53 1 18
53 3 34
53 4 78
53 5 101
53 7 75
53 8 63
53 9 77
53 10 94
53 11 45
53 12 99
53 13 76
53 14 27
53 15 93
53 16 86
53 17 43
53 18 52
53 19 30
53 21 19
53 22 35
53 24 17
53 26 56
53 27 48
53 28 72
53 30 26
53 31 68
53 32 69
53 33 18
53 34 55
53 36 96
53 38 103
53 39 77
53 40 85
53 41 64
53 42 96
53 43 83
53 44 27
53 48 83
53 49 18
53 51 51
53 52 40
54 0 90
54 1 69
54 2 48
54 3 49
54 4 33
54 5 23
54 6 53
54 8 51
54 9 17
54 11 53
54 13 12
54 14 66
54 15 39
54 17 81
54 18 70
54 19 93
54 20 61
54 21 65
54 22 92
54 24 76
54 25 69
54 26 52
54 27 36
54 28 12
54 29 53
54 30 65
54 31 59
54 32 64
54 33 71
54 34 32
54 35 61
54 36 27
54 37 91
54 38 19
54 40 2
54 41 23
54 42 33
54 43 25
54 45 53
54 46 22
54 49 66
54 50 25
54 51 83
54 52 48
54 53 84
55 1 38
55 2 85
55 3 48
55 4 94
55 5 85
55 6 53
55 7 103
55 8 31
55 9 84
55 10 104
55 12 118
55 13 67
55 14 30
55 15 63
55 16 95
55 17 11
55 19 83
55 21 51
55 23 86
55 24 64
55 30 32
55 31 28
55 33 62
55 35 34
55 36 76
55 37 84
55 38 93
55 39 48
55 40 81
55 42 71
55 43 63
55 44 28
55 45 34
55 46 78
55 47 60
55 49 51
55 52 39
55 53 53
55 54 79
56 1 70
56 6 49
56 7 8
56 8 80
56 9 28
56 11 71
56 13 51
56 14 73
56 15 83
56 18 91
56 19 68
56 20 25
56 21 58
56 22 65
56 23 53
56 24 60
56 25 56
56 26 76
56 27 49
56 30 71
56 32 94
56 36 72
56 37 65
56 38 59
56 39 77
56 40 44
56 42 78
56 45 86
56 46 67
56 47 80
56 49 59
56 50 54
56 51 101
56 52 59
56 53 75
56 54 45
56 55 99
57 1 23
57 2 30
57 3 11
57 4 48
57 5 75
57 6 4
57 7 50
57 8 50
57 10 64
57 11 34
57 12 71
57 13 49
57 14 27
57 15 72
57 20 33
57 21 11
57 23 66
57 24 21
57 25 14
57 27 23
57 28 43
57 30 25
57 31 59
57 32 62
57 33 16
57 35 22
57 37 39
57 38 74
57 41 39
57 42 73
57 43 59
57 44 29
57 46 70
57 47 68
57 50 39
57 51 57
57 52 22
57 53 30
57 55 56
58 1 44
58 2 43
58 3 45
58 6 38
58 9 73
58 11 66
58 12 83
58 14 53
58 15 107
58 16 78
58 17 73
58 18 80
58 19 9
58 20 34
58 21 32
58 22 7
58 23 96
58 24 18
58 25 23
58 28 75
58 30 51
58 31 91
58 32 94
58 33 21
58 34 65
58 36 105
58 38 104
58 39 93
58 40 86
58 41 73
58 42 107
58 43 94
58 44 54
58 45 92
58 46 103
58 47 103
58 48 63
58 49 32
58 50 73
58 51 81
58 54 85
58 55 82
58 56 59
59 0 55
59 1 25
59 4 47
59 5 62
59 6 11
59 7 55
59 8 36
59 11 21
59 13 36
59 14 23
59 15 57
59 16 51
59 17 45
59 18 41
59 19 55
59 20 43
59 22 56
59 24 35
59 26 30
59 27 9
59 28 32
59 31 45
59 32 48
59 33 30
59 34 16
59 36 58
59 37 54
59 38 63
59 39 43
59 40 46
59 41 25
59 43 45
59 44 26
59 45 44
59 46 56
59 47 53
59 48 63
59 49 22
59 51 50
59 52 8
59 53 39
59 55 48
59 56 50
60 0 85
60 1 54
60 2 52
60 3 37
60 4 46
60 5 31
60 6 43
60 7 63
60 8 29
60 9 31
60 10 50
60 13 8
60 14 48
60 15 28
60 16 42
60 17 61
60 18 49
60 22 87
60 23 28
60 24 67
60 25 60
60 29 35
60 30 48
60 31 38
60 34 15
60 36 26
60 38 36
60 40 23
60 42 27
60 43 13
60 45 32
60 46 25
60 48 69
60 50 7
60 51 62
60 52 31
60 54 21
60 55 58
60 57 46
60 58 80
61 0 107
61 1 76
61 2 69
61 3 60
61 4 56
61 7 76
61 9 40
61 10 52
61 11 54
61 12 73
61 13 20
61 14 70
61 16 47
61 17 80
61 19 108
61 20 81
61 21 76
61 22 109
61 23 19
61 24 89
61 25 82
61 27 45
61 29 57
61 30 70
61 32 54
61 33 84
61 34 38
61 37 106
61 38 22
61 39 27
61 40 24
61 42 10
61 43 12
61 44 73
61 45 42
61 46 3
61 47 19
61 49 77
61 51 80
61 52 54
61 53 93
61 55 75
61 56 68
61 58 102
61 60 23
62 0 90
62 1 83
62 3 62
62 4 19
62 5 43
62 8 75
62 9 17
62 11 74
62 12 26
62 13 37
62 14 82
62 18 92
62 19 95
62 20 54
62 21 75
62 23 28
62 25 76
62 27 52
62 28 32
62 29 70
62 30 81
62 34 51
62 35 77
62 37 91
62 39 66
62 41 45
62 42 57
62 43 51
62 45 78
62 46 45
62 47 63
62 48 39
62 49 76
62 50 48
62 52 65
62 54 26
62 55 101
62 56 31
62 57 64
62 59 59
62 60 45
62 61 47
63 4 71
63 6 79
63 8 49
63 9 55
63 10 66
63 11 63
63 12 86
63 15 16
63 17 86
63 19 122
63 20 96
63 22 123
63 24 103
63 25 96
63 26 55
63 27 58
63 28 43
63 29 68
63 30 80
63 31 52
63 32 56
63 33 98
63 34 51
63 35 77
63 36 11
63 38 31
63 39 32
63 41 42
63 42 9
63 43 22
63 45 45
63 46 16
63 47 19
63 48 96
63 49 89
63 50 43
63 51 85
63 52 65
63 57 82
63 58 116
63 60 36
63 61 15
63 62 60
64 0 80
64 2 39
64 3 74
64 4 28
64 5 79
64 9 43
64 11 93
64 12 11
64 13 67
64 14 95
64 15 98
64 18 113
64 20 43
64 22 82
64 23 64
64 24 80
64 26 97
64 28 60
64 31 110
64 32 114
64 33 77
64 35 90
64 36 85
64 37 82
64 38 67
64 39 95
64 40 57
64 43 83
64 44 98
64 45 105
64 46 80
64 47 96
64 49 80
64 51 123
64 53 96
64 56 22
64 59 73
64 61 81
64 62 36
64 63 96
65 1 59
65 3 42
65 4 24
65 5 75
65 6 38
65 9 35
65 11 64
65 12 39
65 13 54
65 14 62
65 15 85
65 16 36
65 17 86
65 18 84
65 19 53
65 20 11
65 21 45
65 22 50
65 23 61
65 27 44
65 28 46
65 31 86
65 33 43
65 34 49
65 36 77
65 37 50
65 38 68
65 39 77
65 40 51
65 41 52
65 42 82
65 44 65
65 45 83
65 47 82
65 48 21
65 50 53
65 52 51
65 53 61
65 54 51
65 55 91
65 58 44
65 60 57
65 61 73
65 62 43
65 63 88
65 64 34
66 1 86
66 2 64
66 4 45
66 5 13
66 6 71
66 7 66
66 8 61
66 11 68
66 12 57
66 13 26
66 14 81
66 15 39
66 17 95
66 20 77
66 21 82
66 23 6
66 24 94
66 25 87
66 26 63
66 27 52
66 29 68
66 31 68
66 32 73
66 33 89
66 34 47
66 35 77
66 36 22
66 37 108
66 39 46
66 40 16
66 42 30
66 43 29
66 47 39
66 48 69
66 49 83
66 50 40
66 51 96
66 53 101
66 54 17
66 55 91
66 57 72
66 58 103
66 59 61
66 60 34
66 61 20
66 64 67
66 65 67
67 0 56
67 1 49
67 2 14
67 3 30
67 6 29
67 7 28
67 9 21
67 10 36
67 12 43
67 13 35
67 14 51
67 15 66
67 16 28
67 17 73
67 18 68
67 21 39
67 22 58
67 23 46
67 24 45
67 25 40
67 26 54
67 28 27
67 30 49
67 32 72
67 33 41
67 34 30
67 36 59
67 37 56
67 38 53
67 40 36
67 41 33
67 42 63
67 43 50
67 44 54
67 45 64
67 47 63
67 49 40
67 52 36
67 53 58
67 56 22
67 57 28
67 58 51
67 59 28
67 61 55
67 65 19
67 66 52
68 0 111
68 2 72
68 3 64
68 4 57
68 5 5
68 6 70
68 9 41
68 10 52
68 12 72
68 15 22
68 19 113
68 20 84
68 21 81
68 22 113
68 23 18
68 25 87
68 26 53
68 27 50
68 28 31
68 29 62
68 30 75
68 31 54
68 32 58
68 33 89
68 34 43
68 35 71
68 37 111
68 38 19
68 39 32
68 40 25
68 41 33
68 43 17
68 44 78
68 47 22
68 48 82
68 49 81
68 50 34
68 51 85
68 53 98
68 54 24
68 57 73
68 60 27
68 61 5
68 62 46
68 63 14
68 64 82
68 65 75
68 66 18
69 0 2
69 1 50
69 3 51
69 4 70
69 5 112
69 6 44
69 7 58
69 8 89
69 10 87
69 12 85
69 13 87
69 15 113
69 16 81
69 17 79
69 18 86
69 19 9
69 20 36
69 22 4
69 23 101
69 24 24
69 27 64
69 28 80
69 29 62
69 30 57
69 33 27
69 34 71
69 35 57
69 37 5
69 38 109
69 39 99
69 41 79
69 42 113
69 43 99
69 44 60
69 45 98
69 47 109
69 48 64
69 50 79
69 54 90
69 57 40
69 58 6
69 60 85
69 62 89
69 64 78
69 66 107
69 68 111
70 0 100
70 3 49
70 5 43
70 6 57
70 7 89
70 9 58
70 10 76
70 11 32
70 12 95
70 14 50
70 16 68
70 18 36
70 19 100
70 20 86
70 22 102
70 23 48
70 26 22
70 27 39
70 28 40
70 29 40
70 30 50
70 31 17
70 32 21
70 35 48
70 36 32
70 37 99
70 40 48
70 42 27
70 43 22
70 44 51
70 45 10
70 46 36
70 47 16
70 48 96
70 49 64
70 51 49
70 52 39
70 53 77
70 54 46
70 55 44
70 56 82
70 57 61
70 58 95
70 59 45
70 62 71
70 63 35
70 64 101
70 65 81
70 67 62
70 68 37
70 69 101
71 0 79
71 1 35
71 4 68
71 6 38
71 7 81
71 11 9
71 12 92
71 14 26
71 16 68
71 17 32
71 19 78
71 20 71
71 21 43
71 22 81
71 23 58
71 24 58
71 25 51
71 26 2
71 28 41
71 29 18
71 30 27
71 31 17
71 32 20
71 33 54
71 36 49
71 39 24
71 40 53
71 41 28
71 42 46
71 44 28
71 45 17
71 46 51
71 48 88
71 49 43
71 50 25
71 51 32
71 52 20
71 53 54
71 54 51
71 55 28
71 56 75
71 57 42
71 58 75
71 60 30
71 61 48
71 62 73
71 63 55
71 64 96
71 66 63
71 68 53
71 69 81
71 70 23
72 1 74
72 2 20
72 3 56
72 4 19
72 5 74
72 6 53
72 7 2
72 8 86
72 9 35
72 10 31
72 11 77
72 14 77
72 16 30
72 17 100
72 19 68
72 20 25
72 21 61
72 22 64
72 23 60
72 24 61
72 25 58
72 27 55
72 28 50
72 29 69
72 32 100
72 33 58
72 34 58
72 36 79
72 38 65
72 40 51
72 41 59
72 42 85
72 43 74
72 44 80
72 45 92
72 48 7
72 51 106
72 52 64
72 53 77
72 55 104
72 56 7
72 58 59
72 59 55
72 61 75
72 62 36
72 63 90
72 66 64
72 67 28
72 69 60
72 71 81
73 0 70
73 1 28
73 2 56
73 3 22
73 4 63
73 5 60
73 6 29
73 7 73
73 8 17
73 10 73
73 11 4
73 12 87
73 13 38
73 15 47
73 16 64
73 17 32
73 19 70
73 20 63
73 21 34
73 22 72
73 24 49
73 25 43
73 26 11
73 27 19
73 28 38
73 29 9
73 31 26
73 32 29
73 33 45
73 34 18
73 36 53
73 37 69
73 38 66
73 39 30
73 40 51
73 41 26
73 43 39
73 44 22
73 45 26
73 46 53
73 48 81
73 49 34
73 50 24
73 51 34
73 52 11
73 53 46
73 54 49
73 55 31
73 56 68
73 57 33
73 58 66
73 59 19
73 60 30
73 61 50
73 62 70
73 63 60
73 64 89
73 65 62
73 67 45
73 68 56
73 69 72
73 72 74
74 0 71
74 1 55
74 2 30
74 3 34
74 4 22
74 5 42
74 7 39
74 8 50
74 10 31
74 13 20
74 14 53
74 17 72
74 18 65
74 20 42
74 22 73
74 25 51
74 26 48
74 27 23
74 28 12
74 29 41
74 32 64
74 33 52
74 36 43
74 38 38
74 39 45
74 40 20
74 41 21
74 42 48
74 47 49
74 48 45
74 49 48
74 50 22
74 51 76
74 52 36
74 53 67
74 54 19
74 55 73
74 56 31
74 59 30
74 60 24
74 61 39
74 62 29
74 63 55
74 64 50
74 66 37
74 68 42
74 71 46
74 73 41
75 0 67
75 1 24
75 2 56
75 5 64
75 6 27
75 7 74
75 8 21
75 11 3
75 12 89
75 15 51
75 16 66
75 17 28
75 18 22
75 19 66
75 21 31
75 23 62
75 24 46
75 25 40
75 26 13
75 28 41
75 29 7
75 30 16
75 32 31
75 33 42
75 34 21
75 35 13
75 37 66
75 39 34
75 44 17
75 45 29
75 47 47
75 48 82
75 49 31
75 51 32
75 52 10
75 53 42
75 54 53
75 55 29
75 59 19
75 60 34
75 61 55
75 62 73
75 63 64
75 66 68
75 67 46
75 69 69
75 70 34
75 72 74
76 0 104
76 2 70
76 3 55
76 5 20
76 7 80
76 8 34
76 9 44
76 10 60
76 11 46
76 13 21
76 15 11
76 17 70
76 18 56
76 19 105
76 20 82
76 21 71
76 22 106
76 24 85
76 25 78
76 27 41
76 28 29
76 30 63
76 32 43
76 33 80
76 36 11
76 37 103
76 38 32
76 39 17
76 40 30
76 41 25
76 49 72
76 51 70
76 52 47
76 53 87
76 55 65
76 56 72
76 57 64
76 58 99
76 60 19
76 61 10
76 62 54
76 63 17
76 64 87
76 66 30
76 69 104
76 72 79
76 73 42
76 74 41
76 75 47
77 1 61
77 2 21
77 4 43
77 5 93
77 6 44
77 7 26
77 8 88
77 9 54
77 10 58
77 11 74
77 12 52
77 13 71
77 15 102
77 16 55
77 18 92
77 19 41
77 20 10
77 21 47
77 22 37
77 23 80
77 24 41
77 25 41
77 27 57
77 28 63
77 29 64
77 30 65
77 31 98
77 33 40
77 34 63
77 35 63
77 36 95
77 37 37
77 38 87
77 40 70
77 41 67
77 44 70
77 45 96
77 46 91
77 47 98
77 48 31
77 51 98
77 52 61
77 53 58
77 54 70
77 55 97
77 57 41
77 58 32
77 59 52
77 60 73
77 61 91
77 62 62
77 65 19
77 67 36
77 68 94
77 69 33
77 72 28
77 73 72
77 76 92
78 0 92
78 1 60
78 2 58
78 3 44
78 5 24
78 6 50
78 8 31
78 9 33
78 11 39
78 12 70
78 13 9
78 14 54
78 15 23
78 17 66
78 18 52
78 20 69
78 23 24
78 24 74
78 25 67
78 26 34
78 28 17
78 29 41
78 32 44
78 33 69
78 34 22
78 35 50
78 37 91
78 38 31
78 39 19
78 41 13
78 42 20
78 43 7
78 44 57
78 46 18
78 47 20
78 48 73
78 50 14
78 51 66
78 52 38
78 55 62
78 56 60
78 57 53
78 58 87
78 59 39
78 62 46
78 63 29
78 65 62
78 66 29
78 68 21
78 69 92
78 71 34
78 72 67
78 75 39
78 76 12
78 77 79
79 0 20
79 2 41
79 4 64
79 5 96
79 6 24
79 9 66
79 11 50
79 12 83
79 14 37
79 15 94
79 16 73
79 17 57
79 20 36
79 21 16
79 22 21
79 23 87
79 24 2
79 25 8
79 26 61
79 27 45
79 31 76
79 32 78
79 33 5
79 34 52
79 35 35
79 36 94
79 38 95
79 40 77
79 41 61
79 42 95
79 46 92
79 47 89
79 48 65
79 49 16
79 50 60
79 54 76
79 55 66
79 56 59
79 57 21
79 60 67
79 61 90
79 62 81
79 63 104
79 65 44
79 69 22
79 70 80
79 71 59
79 74 57
79 76 86
79 77 39
79 78 74
80 2 73
80 5 67
80 6 44
80 9 67
80 11 14
80 12 103
80 14 27
80 15 47
80 16 79
80 17 24
80 18 9
80 19 82
80 20 80
80 21 47
80 23 68
80 25 56
80 26 9
80 29 24
80 30 29
80 31 14
80 34 33
80 35 28
80 37 82
80 38 75
80 41 38
80 42 53
80 43 45
80 44 27
80 45 18
80 46 60
80 47 43
80 48 98
80 51 23
80 53 55
80 54 61
80 56 85
80 57 48
80 58 79
80 59 36
80 60 40
80 62 84
80 64 106
80 65 79
80 68 62
80 71 10
80 72 90
80 74 57
80 75 17
80 76 47
80 77 89
80 78 43
80 79 63
81 0 86
81 1 38
81 2 83
81 4 92
81 5 82
81 8 28
81 9 81
81 10 102
81 11 25
81 13 64
81 14 29
81 15 61
81 17 12
81 19 83
81 20 88
81 22 87
81 24 64
81 25 59
81 26 25
81 27 48
81 28 66
81 31 25
81 32 22
81 33 61
81 34 47
81 37 84
81 40 79
81 42 68
81 44 28
81 45 31
81 47 57
81 48 109
81 49 50
81 50 51
81 51 8
81 52 37
81 53 53
81 54 76
81 55 3
81 56 97
81 57 55
81 59 46
81 60 55
81 61 72
81 62 98
81 65 89
81 67 74
81 68 77
81 69 88
81 71 25
81 74 71
81 76 62
81 77 96
81 78 59
81 79 66
81 80 15
82 0 125
82 1 96
82 2 85
82 3 79
82 6 84
82 7 88
82 9 52
82 10 60
82 11 73
82 13 38
82 14 89
82 15 29
82 17 98
82 19 127
82 20 97
82 22 127
82 24 108
82 25 101
82 26 66
82 27 64
82 28 44
82 29 76
82 31 65
82 32 69
82 37 125
82 38 23
82 39 44
82 40 36
82 41 48
82 43 30
82 44 92
82 46 17
82 47 32
82 49 96
82 50 49
82 53 113
82 55 92
82 56 80
82 57 87
82 58 120
82 59 74
82 60 42
82 61 19
82 62 54
82 63 14
82 65 88
82 66 23
82 67 71
82 69 125
82 70 48
82 71 66
82 72 87
82 73 69
82 74 55
82 75 74
82 76 27
82 78 35
82 79 109
82 80 74
83 0 104
83 1 82
83 2 62
83 3 62
83 4 43
83 5 12
83 9 29
83 10 37
83 11 64
83 12 57
83 13 22
83 14 77
83 15 37
83 16 33
83 18 78
83 19 107
83 20 74
83 21 78
83 22 107
83 24 90
83 25 83
83 26 60
83 27 49
83 28 25
83 29 64
83 33 85
83 36 20
83 39 43
83 41 34
83 42 28
83 43 26
83 44 80
83 46 15
83 47 36
83 48 68
83 50 36
83 51 92
83 54 14
83 55 87
83 56 56
83 58 100
83 60 30
83 62 31
83 63 29
83 65 65
83 66 4
83 67 49
83 68 16
83 69 104
83 70 48
83 72 63
83 73 60
83 75 64
83 77 84
83 78 25
83 79 90
83 80 69
84 0 73
84 1 69
84 2 26
84 3 48
84 4 4
84 5 51
84 6 48
84 7 25
84 9 12
84 10 16
84 11 64
84 12 26
84 14 69
84 15 67
84 16 9
84 17 90
84 18 83
84 19 77
84 20 37
84 21 59
84 22 75
84 23 36
84 25 60
84 26 67
84 28 28
84 29 58
84 30 67
84 31 78
84 33 61
84 34 42
84 35 64
84 36 56
84 37 74
84 38 42
84 40 28
84 42 62
84 43 51
84 44 72
84 45 74
84 46 51
84 49 60
84 53 78
84 55 92
84 59 46
84 61 52
84 63 67
84 64 31
84 65 26
84 66 41
84 69 72
84 71 65
84 72 23
84 73 60
84 74 19
84 75 62
84 76 56
84 77 45
84 78 45
84 81 89
84 83 40
85 0 43
85 2 29
85 4 45
85 5 70
85 7 48
85 8 48
85 9 43
85 10 60
85 12 68
85 13 44
85 14 28
85 17 51
85 18 51
85 19 44
85 20 33
85 21 15
85 24 25
85 27 19
85 28 39
85 29 23
85 30 26
85 31 57
85 32 60
85 33 20
85 34 26
85 35 23
85 36 67
85 37 43
85 38 70
85 42 69
85 43 55
85 44 31
85 46 65
85 47 64
85 48 56
85 49 16
85 50 35
85 54 50
85 59 12
85 60 41
85 61 64
85 62 60
85 63 78
85 64 67
85 65 34
85 66 68
85 67 24
85 68 68
85 69 44
85 70 57
85 73 31
85 75 29
85 78 48
86 0 82
86 1 35
86 2 72
86 3 37
86 4 79
86 5 68
86 7 90
86 8 14
86 9 68
86 10 88
86 11 13
86 12 103
86 14 26
86 17 22
86 18 8
86 19 80
86 20 79
86 21 46
86 22 84
86 23 69
86 24 60
86 26 10
86 27 35
86 31 15
86 32 16
86 33 57
86 37 81
86 38 76
86 39 31
86 40 64
86 41 39
86 42 54
86 44 26
86 46 61
86 48 97
86 49 46
86 52 26
86 56 85
86 58 78
86 59 35
86 61 58
86 62 84
86 64 106
86 66 74
86 67 62
86 68 63
86 70 29
86 71 11
86 74 57
86 75 16
86 76 48
86 77 88
86 79 62
86 81 14
86 82 75
86 84 76
86 85 46
87 0 46
87 1 22
87 2 33
87 3 5
87 4 48
87 5 69
87 6 2
87 7 52
87 8 44
87 9 45
87 11 28
87 12 71
87 14 24
87 16 54
87 17 47
87 18 46
87 20 37
87 22 47
87 23 61
87 24 26
87 26 38
87 27 17
87 28 39
87 29 18
87 30 22
87 32 56
87 33 21
87 34 24
87 36 66
87 38 70
87 39 52
87 41 33
87 42 67
87 44 27
87 45 52
87 46 64
87 47 62
87 53 32
87 55 52
87 58 41
87 59 8
87 60 40
87 61 63
87 62 62
87 63 76
87 65 38
87 68 67
87 70 54
87 71 36
87 72 53
87 73 27
87 74 34
87 76 58
87 78 47
87 79 27
87 80 42
87 82 82
87 84 47
87 85 4
87 86 42
88 0 94
88 4 73
88 5 50
88 6 52
88 7 89
88 8 7
88 10 79
88 11 25
88 12 96
88 13 37
88 14 42
88 15 27
88 17 43
88 18 27
88 20 83
88 22 96
88 25 67
88 26 14
88 28 42
88 29 34
88 30 43
88 33 69
88 35 41
88 36 40
88 37 93
88 40 52
88 42 35
88 43 28
88 44 43
88 45 3
88 46 42
88 48 96
88 50 28
88 51 41
88 52 34
88 54 49
88 55 36
88 57 56
88 59 41
88 62 74
88 63 43
88 64 102
88 65 79
88 69 96
88 70 8
88 71 15
88 72 88
88 73 24
88 75 27
88 76 29
88 79 75
88 81 33
88 82 56
88 84 70
88 85 53
88 87 49
89 0 23
89 1 33
89 2 29
89 4 52
89 5 89
89 7 46
89 9 56
89 10 69
89 12 71
89 14 40
89 15 89
89 16 62
89 18 67
89 20 24
89 21 19
89 22 25
89 24 13
89 26 61
89 27 40
89 28 57
89 30 38
89 31 76
89 32 79
89 35 37
89 36 87
89 37 23
89 41 55
89 42 89
89 44 42
89 46 84
89 47 85
89 49 19
89 50 55
89 51 70
89 52 39
89 53 30
89 55 71
89 56 47
89 57 17
89 58 18
89 61 83
89 62 70
89 63 98
89 64 67
89 66 85
89 67 34
89 68 87
89 69 23
89 71 59
89 73 50
89 74 48
89 75 48
89 76 80
89 77 29
89 80 65
89 81 70
89 82 101
89 83 82
89 84 53
89 85 20
89 86 64
89 87 23
89 88 73
90 0 113
90 1 87
90 3 68
90 4 55
90 5 2
90 6 74
90 7 76
90 8 56
90 9 40
90 11 65
90 13 27
90 14 81
90 16 45
90 18 78
90 19 116
90 20 85
90 24 98
90 25 91
90 26 60
90 28 33
90 32 66
90 33 93
90 36 12
90 37 113
90 38 13
90 39 40
90 40 24
90 41 38
90 42 20
90 43 24
90 44 83
90 49 86
90 52 64
90 53 103
90 54 24
90 55 87
90 56 68
90 57 76
90 58 108
90 59 64
90 60 32
90 61 12
90 62 43
90 63 18
90 64 79
90 65 76
90 66 12
90 67 59
90 68 7
90 69 113
90 70 44
90 71 60
90 72 75
90 73 62
90 74 43
90 75 66
90 76 22
90 77 94
90 78 26
90 79 98
90 80 69
90 81 84
90 82 12
90 83 12
90 85 72
90 86 70
90 88 51
90 89 90
91 0 98
91 1 67
91 2 62
91 3 50
91 4 51
91 5 18
91 6 56
91 7 71
91 8 36
91 9 35
91 10 50
91 12 70
91 14 61
91 15 20
91 16 44
91 17 72
91 19 99
91 20 74
91 22 100
91 23 20
91 25 73
91 28 20
91 29 48
91 30 61
91 32 48
91 34 29
91 35 57
91 36 12
91 37 97
91 38 26
91 40 21
91 41 19
91 42 15
91 45 36
91 46 11
91 48 76
91 49 67
91 50 20
91 52 44
91 53 84
91 54 19
91 56 63
91 58 93
91 59 45
91 60 13
91 61 9
91 62 45
91 63 23
91 68 14
91 71 40
91 72 70
91 73 41
91 74 32
91 75 46
91 76 9
91 78 6
91 79 81
91 80 49
91 81 64
91 82 28
91 84 47
91 85 55
91 87 53
91 89 74
92 1 73
92 3 52
92 4 20
92 5 34
92 6 54
92 7 42
92 9 8
92 10 18
92 11 61
92 12 37
92 13 24
92 14 70
92 17 89
92 18 79
92 19 89
92 22 88
92 23 19
92 24 74
92 26 61
92 27 40
92 29 58
92 30 69
92 31 70
92 33 70
92 34 38
92 35 65
92 36 40
92 37 86
92 39 53
92 41 32
92 43 38
92 44 73
92 45 65
92 46 35
92 47 51
92 48 45
92 50 34
92 51 92
92 54 13
92 55 88
92 56 33
92 57 55
92 58 81
92 59 48
92 61 36
92 62 13
92 63 51
92 64 45
92 68 37
92 70 58
92 73 57
92 74 18
92 75 60
92 76 42
92 78 33
92 79 74
92 80 71
92 81 85
92 82 46
92 83 23
92 84 17
92 86 71
92 87 52
92 88 61
92 89 64
92 91 33
93 0 73
93 1 39
93 6 30
93 8 23
93 10 57
93 11 20
93 12 72
93 13 22
93 14 33
93 16 48
93 17 48
93 19 74
93 20 57
93 21 39
93 22 75
93 24 54
93 25 47
93 26 21
93 27 10
93 28 22
93 32 38
93 33 49
93 34 4
93 35 29
93 36 40
93 37 72
93 38 50
93 39 25
93 40 35
93 41 10
93 42 40
93 43 27
93 44 36
93 45 30
93 46 39
93 47 34
93 48 69
93 49 40
93 50 8
93 52 16
93 55 47
93 56 56
93 57 33
93 58 68
93 59 18
93 60 14
93 61 37
93 62 54
93 63 49
93 64 76
93 67 34
93 68 42
93 69 74
93 72 62
93 73 16
93 74 26
93 75 20
93 76 31
93 77 67
93 78 21
93 79 55
93 80 30
93 81 44
93 82 56
93 83 44
93 84 46
93 86 30
93 87 27
93 88 26
93 91 28
93 92 41
94 1 80
94 5 16
94 6 65
94 7 61
94 9 25
94 10 33
94 11 63
94 14 76
94 15 39
94 16 29
94 17 90
94 19 104
94 20 70
94 21 76
94 24 87
94 27 47
94 28 23
94 29 63
94 30 75
94 31 65
94 32 70
94 33 82
94 34 42
94 35 71
94 36 23
94 37 102
94 38 8
94 42 31
94 43 27
94 44 79
94 45 58
94 49 77
94 50 35
94 51 92
94 52 58
94 53 95
94 55 87
94 56 52
94 57 66
94 58 96
94 59 56
94 60 29
94 62 27
94 63 33
94 64 63
94 65 61
94 66 6
94 67 45
94 68 19
94 69 101
94 70 50
94 72 59
94 73 59
94 74 30
94 75 63
94 76 29
94 77 80
94 78 26
94 79 87
94 81 84
94 82 27
94 83 4
94 84 36
94 85 62
94 88 55
94 89 78
94 91 22
94 92 18
95 0 5
95 1 51
95 2 52
95 3 55
95 5 118
95 6 48
95 7 65
95 8 92
95 9 84
95 11 75
95 12 92
95 13 92
95 15 117
95 17 79
95 18 87
95 20 43
95 22 3
95 23 107
95 27 68
95 28 86
95 30 58
95 31 100
95 32 102
95 33 30
95 34 75
95 35 59
95 38 115
95 39 103
95 40 97
95 42 118
95 44 61
95 46 113
95 48 71
95 49 40
95 50 83
95 51 87
95 52 65
95 54 96
95 55 89
95 57 44
95 58 10
95 61 112
95 62 96
95 63 126
95 64 85
95 65 54
95 68 116
95 70 105
95 71 84
95 72 67
95 73 75
95 74 76
95 75 72
95 78 97
95 79 24
95 82 130
95 83 110
95 84 79
95 85 48
95 86 86
95 87 51
95 88 99
95 91 103
95 93 78
96 1 52
96 2 28
96 3 31
96 4 23
96 5 45
96 6 33
96 7 38
96 9 14
96 10 33
96 11 43
96 12 47
96 16 24
96 18 63
96 19 71
96 20 39
96 21 44
96 23 33
96 24 54
96 25 48
96 26 46
96 27 21
96 28 13
96 29 39
96 32 63
96 33 49
96 36 45
96 37 68
96 38 41
96 40 23
96 41 20
96 42 49
96 43 37
96 46 42
96 47 50
96 48 45
96 49 45
96 50 22
96 51 74
96 52 33
96 54 22
96 55 71
96 56 31
96 57 34
96 59 27
96 60 25
96 61 41
96 63 57
96 64 51
96 65 32
96 67 13
96 68 44
96 69 67
96 72 38
96 74 3
96 75 42
96 76 42
96 77 49
96 78 30
96 79 54
96 80 55
96 83 36
96 86 55
96 87 31
96 89 45
96 91 34
96 94 33
96 95 73
97 1 55
97 2 24
97 3 46
97 5 95
97 6 39
97 8 85
97 9 57
97 10 64
97 11 69
97 13 72
97 14 61
97 15 101
97 16 59
97 19 33
97 20 12
97 21 40
97 24 33
97 25 33
97 28 64
97 29 60
97 30 59
97 32 97
97 34 60
97 35 58
97 36 96
97 38 90
97 39 90
97 40 72
97 41 66
97 42 99
97 44 63
97 46 92
97 47 97
97 50 67
97 51 92
97 53 50
97 54 72
97 57 35
97 60 72
97 61 92
97 62 67
97 64 53
97 65 23
97 67 36
97 69 25
97 70 93
97 71 77
97 73 68
97 75 66
97 77 8
97 78 79
97 79 31
97 81 91
97 82 108
97 84 50
97 86 83
97 87 41
97 89 21
97 90 96
97 91 84
97 92 65
97 93 64
97 94 82
97 95 32
98 2 41
98 4 23
98 6 52
98 7 44
98 8 58
98 11 58
98 13 20
98 14 68
98 15 50
98 16 14
98 17 86
98 18 76
98 19 89
98 20 54
98 21 64
98 22 88
98 23 17
98 26 58
98 27 38
98 28 16
98 29 55
98 30 67
98 31 67
98 32 72
98 33 69
98 36 37
98 38 24
98 40 9
98 41 29
98 42 43
98 44 71
98 45 61
98 47 48
98 48 48
98 49 65
98 52 50
98 54 10
98 56 36
98 60 29
98 61 33
98 62 16
98 63 48
98 64 48
98 65 44
98 66 23
98 67 30
98 69 85
98 70 55
98 71 57
98 72 42
98 73 54
98 75 57
98 77 63
98 79 73
98 82 44
98 83 21
98 84 19
98 85 49
98 86 68
98 88 57
98 89 64
98 90 32
98 93 38
98 95 92
98 96 19
98 97 65
99 0 63
99 2 70
99 3 35
99 4 85
99 5 90
99 7 90
99 8 41
99 9 78
99 10 98
99 12 109
99 14 14
99 15 75
99 16 89
99 18 24
99 19 60
99 20 73
99 21 32
99 22 64
99 24 42
99 27 43
99 28 67
99 29 26
99 30 16
99 31 43
99 33 41
99 34 47
99 35 19
99 36 83
99 37 61
99 38 96
99 41 56
99 42 80
99 43 69
99 45 48
99 47 71
99 48 98
99 49 31
99 50 54
99 51 21
99 53 30
99 54 79
99 55 23
99 56 87
99 57 40
99 58 60
99 60 60
99 64 109
99 65 76
99 66 94
99 69 66
99 70 56
99 71 34
99 72 91
99 73 30
99 76 72
99 78 65
99 80 29
99 81 24
99 82 100
99 83 90
99 84 83
99 85 42
99 86 28
99 87 38
99 88 48
99 89 51
99 90 92
99 91 72
99 93 46
99 94 89
99 97 73
99 98 82
