100 3465
-1
98 29 82
72 39 126
66 86 116
17 88 110
40 87 135
5 18 93
64 36 105
33 20 107
30 92 75
35 75 77
6 97 99
69 64 124
66 95 117
69 98 120
13 68 121
93 82 141
92 44 94
2 50 119
36 83 88
1 24 90
36 37 105
70 0 76
39 12 71
5 33 83
43 37 134
74 48 75
11 14 77
20 14 93
98 40 102
35 72 77
94 68 110
63 45 99
46 66 136
68 14 88
23 86 116
64 22 88
71 48 130
16 11 86
42 83 73
39 83 79
71 34 108
61 57 87
5 16 131
27 21 81
20 53 126
62 72 118
98 18 73
63 26 82
83 36 73
58 76 94
56 58 130
52 20 121
20 3 83
42 61 87
16 56 117
40 28 130
48 91 84
15 68 97
84 17 114
80 23 114
58 9 133
100 18 107
95 38 135
46 12 118
90 63 137
24 0 129
91 22 71
52 29 89
13 15 132
62 21 104
36 7 102
76 94 112
25 97 96
10 74 94
77 13 119
19 98 91
18 27 126
31 62 123
11 61 126
89 42 98
6 0 97
42 4 94
30 58 97
46 30 73
48 36 94
62 78 110
54 21 73
26 86 74
82 76 80
100 84 86
79 0 118
28 82 85
13 3 80
69 56 91
88 12 137
33 20 127
64 33 121
34 18 125
40 6 131
99 16 141
-1
2 0 65
2 1 47
3 0 100
3 1 73
3 2 49
4 0 82
4 3 23
5 0 93
5 1 70
5 2 91
5 3 71
5 4 77
6 0 34
6 1 8
6 2 50
6 3 70
6 5 61
7 0 65
7 1 43
7 4 67
7 6 34
8 1 67
8 2 36
8 3 13
8 4 11
8 6 65
8 7 72
9 0 78
9 1 51
9 2 32
9 3 22
9 4 13
9 6 48
9 7 55
9 8 17
10 0 114
10 1 87
10 2 61
10 3 14
10 4 35
10 5 79
10 8 24
10 9 36
11 0 45
11 1 25
11 2 22
11 4 37
11 7 56
11 9 35
11 10 71
12 0 73
12 1 56
12 2 9
12 3 49
12 4 27
12 5 98
12 6 59
12 7 81
12 8 36
12 11 31
13 0 74
13 1 59
13 2 12
13 5 102
13 6 62
13 7 85
13 8 39
13 9 41
13 11 34
13 12 4
14 0 93
14 1 65
14 2 55
14 4 33
14 5 50
14 6 60
14 7 52
14 8 29
14 10 29
14 11 56
14 12 59
15 3 76
15 4 53
15 5 108
15 7 86
15 8 63
15 10 88
15 11 30
15 12 29
15 13 28
15 14 81
16 2 49
16 4 67
16 5 90
16 6 29
16 7 63
16 8 78
16 9 64
16 10 101
16 12 57
16 13 58
16 14 82
16 15 38
17 1 70
17 2 73
17 3 40
17 4 53
17 8 50
17 10 47
17 12 78
17 13 82
17 15 96
17 16 90
18 0 82
18 2 30
18 4 5
18 5 72
18 8 10
18 9 8
18 11 38
18 12 32
18 13 36
18 14 27
18 15 57
18 16 68
18 17 47
19 0 97
19 1 72
19 2 89
19 3 65
19 4 74
19 5 7
19 6 64
19 7 32
19 8 73
19 9 61
19 10 73
19 11 78
19 12 96
19 13 100
19 14 45
19 15 108
19 16 93
19 17 26
20 0 62
20 2 57
20 3 54
20 4 50
20 7 17
20 8 55
20 9 38
20 12 65
20 14 38
20 15 72
20 16 56
20 17 36
20 18 46
20 19 37
21 1 39
21 2 86
21 3 102
21 4 92
21 5 67
21 8 100
21 9 82
21 12 95
21 13 98
21 14 88
21 15 85
21 16 49
21 17 84
21 20 50
22 0 61
22 1 42
22 3 79
22 4 75
22 5 34
22 6 34
22 9 63
22 10 91
22 11 60
22 14 61
22 16 61
22 17 53
22 18 71
22 19 39
22 20 25
22 21 33
23 0 93
23 2 80
23 3 56
23 4 64
23 6 59
23 7 30
23 8 64
23 9 51
23 12 86
23 14 35
23 15 100
23 17 17
23 18 58
23 19 9
23 20 31
23 21 72
24 0 55
24 3 57
24 4 50
24 5 42
24 6 21
24 8 56
24 12 62
24 13 66
24 14 43
24 16 49
24 17 43
24 19 43
24 20 7
25 0 30
25 1 9
25 3 69
25 4 51
25 5 75
25 6 15
25 8 62
25 9 47
25 10 83
25 11 16
25 13 50
25 14 64
25 15 38
25 16 18
25 17 72
25 18 51
25 19 76
25 20 39
25 22 50
25 23 70
25 24 32
26 1 65
26 4 78
26 5 7
26 6 57
26 7 22
26 8 80
26 9 65
26 10 83
26 13 102
26 14 54
26 15 106
26 16 86
26 17 37
26 18 73
26 20 33
26 22 28
26 23 19
26 25 71
27 0 79
27 1 57
27 2 85
27 3 74
27 4 75
27 5 15
27 6 49
27 7 14
27 8 78
27 9 62
27 10 84
27 11 70
27 12 93
27 14 54
27 16 78
27 18 70
27 23 24
27 24 32
27 25 63
27 26 9
28 0 11
28 2 56
28 5 95
28 8 85
28 9 72
28 10 108
28 11 37
28 12 63
28 13 64
28 14 89
28 16 7
28 17 96
28 19 98
28 22 65
28 23 93
28 25 25
28 26 90
29 0 76
29 1 49
29 2 34
29 3 24
29 4 15
29 5 61
29 7 52
29 8 20
29 9 3
29 11 34
29 12 38
29 14 22
29 20 35
29 21 80
29 22 60
29 26 62
29 27 59
29 28 70
30 0 39
30 1 36
30 3 79
30 6 43
30 7 77
30 8 68
30 9 59
30 11 25
30 12 38
30 14 81
30 15 14
30 16 24
30 17 93
30 18 59
30 22 78
30 23 95
30 24 59
30 25 28
30 27 91
30 28 28
30 29 59
31 0 38
31 3 62
31 4 47
31 5 63
31 7 39
31 8 57
31 9 41
31 10 77
31 11 19
31 12 50
31 13 53
31 14 55
31 15 47
31 16 29
31 17 61
31 18 46
31 20 28
31 21 45
31 22 40
31 23 59
31 24 21
31 26 60
31 27 53
32 0 63
32 1 37
32 2 28
32 3 36
32 4 21
32 5 63
32 6 34
32 7 47
32 8 30
32 10 50
32 13 39
32 14 33
32 15 49
32 16 50
32 17 46
32 18 19
32 19 61
32 20 30
32 21 70
32 23 52
32 24 29
32 27 58
32 31 27
33 0 33
33 1 25
33 2 72
33 3 89
33 5 63
33 6 22
33 7 35
33 8 86
33 9 69
33 11 50
33 12 81
33 14 77
33 16 38
33 17 75
33 18 76
33 19 67
33 20 39
33 21 14
33 22 29
33 23 65
33 24 33
33 25 34
33 26 57
33 27 48
33 28 39
33 29 66
33 30 59
33 31 31
33 32 56
34 0 94
34 2 43
34 3 6
34 4 17
34 5 70
34 6 64
34 7 66
34 8 9
34 9 16
34 10 20
34 12 43
34 13 47
34 15 70
34 18 13
34 19 65
34 20 50
34 21 98
34 22 75
34 23 55
34 24 52
34 28 87
34 29 18
34 30 73
34 31 57
34 33 84
35 0 34
35 4 69
35 6 14
35 7 31
35 9 60
35 10 94
35 11 42
35 14 68
35 15 66
35 17 68
35 18 67
35 19 63
35 21 22
35 26 53
35 27 44
35 28 38
35 29 57
35 31 23
35 32 47
35 33 8
35 34 76
36 2 38
36 3 67
36 6 13
36 8 60
36 10 81
36 11 16
36 12 47
36 13 50
36 14 61
36 15 40
36 16 21
36 20 36
36 21 48
36 27 61
36 28 28
36 29 43
36 30 30
36 31 8
36 32 30
36 33 34
36 34 61
36 35 26
37 0 83
37 1 62
37 2 90
37 3 77
37 4 79
37 5 13
37 6 54
37 7 19
37 8 82
37 9 66
37 10 86
37 11 74
37 13 101
37 14 57
37 15 104
37 16 82
37 17 41
37 18 74
37 20 32
37 21 55
37 23 24
37 24 37
37 25 68
37 26 5
37 27 5
37 28 86
37 30 96
37 31 58
37 32 62
37 33 52
37 34 75
37 36 66
38 1 53
38 3 25
38 5 74
38 6 51
38 7 63
38 8 15
38 9 10
38 10 38
38 12 26
38 13 30
38 14 32
38 16 63
38 17 51
38 18 6
38 20 46
38 21 87
38 22 71
38 24 46
38 25 47
38 27 72
38 28 70
38 29 13
38 30 54
38 31 43
38 32 17
38 33 73
38 34 19
38 35 64
39 1 55
39 2 27
39 3 22
39 4 4
39 6 53
39 7 63
39 8 12
39 9 8
39 10 35
39 11 35
39 12 29
39 13 33
39 14 30
39 16 65
39 17 49
39 21 88
39 22 71
39 23 60
39 24 46
39 26 74
39 27 71
39 29 11
39 30 57
39 31 44
39 32 18
39 34 16
39 36 47
39 37 75
40 0 27
40 3 76
40 4 61
40 5 67
40 6 7
40 7 40
40 8 71
40 10 90
40 11 30
40 12 61
40 15 52
40 16 23
40 17 70
40 18 60
40 19 70
40 20 35
40 23 66
40 27 54
40 28 27
40 29 52
40 30 41
40 31 13
40 32 40
40 33 20
40 34 70
40 35 13
40 36 14
40 37 59
40 39 58
41 0 46
41 1 21
41 3 53
41 4 36
41 5 68
41 7 46
41 9 31
41 10 68
41 11 10
41 12 38
41 14 49
41 16 33
41 18 36
41 19 68
41 20 32
41 21 57
41 24 26
41 25 15
41 27 59
41 28 40
41 29 30
41 30 34
41 33 43
41 34 47
41 35 35
41 36 13
41 37 64
41 38 32
41 39 34
41 40 25
42 1 70
42 2 92
42 3 72
42 4 79
42 8 80
42 9 66
42 10 81
42 11 80
42 12 99
42 13 104
42 14 52
42 15 110
42 16 91
42 17 34
42 18 73
42 22 34
42 23 17
42 24 43
42 25 76
42 26 6
42 27 15
42 28 96
42 29 63
42 30 103
42 31 64
42 32 64
42 34 72
42 35 59
42 36 73
42 37 12
42 39 75
42 41 69
43 0 71
43 1 48
43 2 75
43 6 39
43 8 71
43 9 54
43 11 60
43 12 83
43 15 89
43 17 38
43 19 26
43 20 18
43 22 15
43 25 54
43 26 17
43 27 9
43 28 73
43 29 51
43 30 81
43 31 43
43 32 48
43 33 41
43 35 37
43 37 14
43 39 63
43 40 45
43 41 49
44 0 81
44 1 53
44 3 35
44 4 39
44 5 38
44 7 35
44 8 40
44 9 26
44 11 50
44 13 66
44 17 18
44 18 34
44 19 34
44 21 72
44 23 25
44 25 54
44 27 39
44 28 79
44 29 24
44 30 75
44 31 43
44 32 29
44 33 61
44 35 53
44 40 54
44 41 41
44 42 39
44 43 32
45 0 56
45 1 34
45 3 47
45 6 36
45 7 59
45 8 37
45 9 27
45 11 10
45 12 23
45 13 26
45 14 49
45 15 32
45 16 41
45 17 63
45 18 28
45 19 77
45 21 72
45 23 69
45 24 39
45 26 77
45 28 48
45 29 27
45 30 32
45 32 17
45 34 41
45 36 25
45 38 22
45 39 25
45 41 15
45 42 79
45 43 61
45 44 46
46 0 11
46 2 75
46 3 107
46 7 65
46 8 100
46 9 84
46 10 121
46 11 54
46 12 83
46 13 85
46 16 26
46 18 89
46 21 33
46 22 59
46 24 58
46 26 87
46 28 22
46 29 82
46 31 44
46 32 70
46 34 101
46 35 34
46 36 40
46 37 82
46 38 85
46 39 87
46 40 31
46 42 93
46 44 85
46 45 64
47 1 15
47 5 58
47 6 10
47 7 30
47 9 56
47 11 38
47 12 69
47 14 65
47 18 63
47 20 29
47 21 26
47 22 27
47 23 58
47 24 22
47 26 53
47 30 52
47 32 43
47 33 13
47 34 72
47 35 4
47 36 23
47 37 49
47 39 61
47 40 11
47 41 31
47 43 36
47 44 50
47 45 46
47 46 35
48 1 11
48 2 52
48 3 84
48 4 66
48 8 77
48 9 61
48 11 31
48 12 61
48 13 63
48 14 76
48 15 47
48 16 12
48 17 82
48 18 66
48 19 82
48 20 47
48 23 78
48 24 40
48 25 15
48 26 75
48 28 15
48 30 33
48 31 21
48 32 47
48 35 23
48 36 16
48 37 71
48 38 62
48 39 64
48 40 12
48 42 80
48 44 65
48 45 41
48 46 23
48 47 22
49 1 39
49 2 12
49 3 42
49 4 21
49 7 61
49 8 32
49 9 23
49 11 16
49 12 20
49 13 24
49 14 45
49 16 46
49 17 61
49 18 23
49 19 77
49 20 44
49 21 76
49 25 32
49 26 77
49 29 23
49 30 36
49 31 31
49 32 15
49 33 62
49 34 36
49 35 54
49 36 30
49 38 17
49 39 20
49 40 43
49 41 19
49 42 80
49 43 63
49 44 44
49 46 70
49 47 50
50 0 51
50 1 24
50 3 49
50 4 33
50 5 64
50 6 23
50 7 44
50 8 42
50 9 27
50 10 63
50 11 14
50 12 38
50 13 42
50 15 44
50 17 54
50 18 32
50 21 59
50 22 49
50 23 56
50 26 62
50 28 45
50 30 39
50 31 14
50 32 12
50 33 45
50 34 43
50 35 36
50 36 18
50 37 61
50 39 30
50 40 28
50 43 47
50 45 15
50 46 58
50 47 32
50 48 34
50 49 18
51 0 46
51 1 27
51 2 67
51 4 68
51 5 47
51 6 20
51 8 75
51 9 57
51 10 89
51 13 79
51 14 61
51 16 46
51 17 58
51 18 65
51 19 51
51 20 23
51 21 26
51 23 48
51 25 35
51 26 41
51 27 32
51 28 50
51 29 54
51 30 63
51 31 27
51 32 46
51 35 12
51 36 33
51 37 37
51 39 64
51 40 23
51 41 38
51 42 47
51 44 45
51 45 52
51 46 46
51 48 34
52 0 82
52 1 63
52 2 94
52 4 86
52 5 21
52 8 89
52 9 73
52 11 78
52 13 106
52 14 65
52 15 107
52 16 82
52 17 50
52 18 81
52 19 28
52 20 37
52 21 50
52 24 41
52 26 14
52 27 11
52 28 86
52 29 70
52 30 98
52 31 60
52 32 68
52 33 49
52 35 47
52 36 68
52 37 8
52 38 82
52 39 82
52 40 59
52 41 67
52 43 19
52 44 50
52 45 80
52 46 79
52 48 71
52 49 82
52 50 65
53 0 64
53 1 37
53 4 26
53 6 33
53 7 41
53 8 33
53 9 15
53 10 50
53 11 27
53 12 41
53 13 45
53 15 55
53 16 52
53 18 22
53 19 55
53 20 24
53 22 49
53 23 46
53 24 24
53 25 34
53 26 56
53 27 51
53 28 59
53 29 13
53 31 26
53 32 6
53 35 44
53 37 56
53 38 22
53 39 22
53 42 58
53 44 23
53 45 22
53 47 40
53 48 48
53 49 21
53 50 14
53 51 42
53 52 62
54 0 86
54 1 58
54 2 58
54 4 39
54 6 52
54 7 39
54 8 38
54 12 63
54 13 67
54 14 12
54 15 81
54 16 76
54 17 15
54 18 33
54 19 35
54 20 27
54 21 77
54 23 25
54 24 33
54 26 42
54 27 42
54 28 83
54 29 24
54 30 78
54 31 48
54 32 31
54 34 30
54 35 58
54 36 55
54 38 37
54 39 35
54 41 45
54 42 41
54 43 36
54 44 5
54 47 55
54 50 40
54 51 50
54 52 53
55 0 58
55 1 33
55 3 64
55 4 59
55 5 36
55 6 25
55 7 10
55 9 47
55 11 46
55 12 71
55 13 75
55 14 48
55 15 75
55 16 54
55 18 55
55 19 39
55 22 16
55 24 9
55 25 39
55 26 32
55 27 24
55 29 44
55 30 67
55 31 28
55 34 60
55 37 29
55 38 55
55 39 55
55 40 31
55 42 37
55 43 14
55 45 49
55 46 58
55 47 23
55 49 51
55 51 14
55 53 33
56 0 79
56 1 57
56 2 18
56 3 31
56 6 57
56 7 72
56 8 18
56 9 20
56 12 18
56 13 22
56 14 41
56 16 64
56 17 61
56 19 81
56 20 55
56 22 79
56 24 54
56 25 50
56 26 85
56 27 81
56 28 71
56 29 23
56 30 51
56 31 48
56 33 79
56 34 25
56 38 10
56 41 36
56 44 47
56 45 23
56 46 88
56 47 66
56 51 71
56 52 92
56 53 30
56 54 47
56 55 63
57 0 91
57 3 20
57 4 31
57 7 51
57 8 28
57 9 21
57 10 30
57 11 54
57 13 61
57 15 79
57 16 80
57 17 22
57 18 25
57 20 37
57 23 36
57 24 41
57 26 54
57 30 79
57 31 53
57 32 31
57 33 75
57 34 19
57 35 67
57 36 59
57 37 57
57 40 65
57 41 47
57 42 52
57 44 15
57 46 96
57 47 63
57 49 43
57 50 42
57 51 60
57 53 27
57 54 12
57 55 47
57 56 40
58 0 18
58 1 25
58 3 97
58 4 82
58 5 79
58 6 27
58 8 92
58 12 80
58 13 82
58 15 65
58 16 28
58 17 88
58 18 81
58 19 83
58 21 22
58 22 45
58 24 45
58 27 64
58 28 26
58 32 62
58 33 16
58 36 33
58 37 68
58 38 78
58 39 79
58 40 21
58 41 46
58 42 79
58 44 73
58 46 14
58 49 64
58 51 32
58 52 65
58 53 60
58 56 82
59 0 18
59 2 64
59 4 75
59 5 75
59 8 85
59 9 68
59 10 104
59 11 42
59 12 73
59 13 75
59 14 80
59 15 60
59 16 24
59 17 82
59 18 74
59 22 42
59 23 75
59 24 39
59 25 25
59 26 69
59 27 60
59 28 24
59 29 66
59 30 47
59 32 54
59 33 15
59 35 16
59 37 65
59 38 71
59 40 14
59 41 38
59 42 75
59 44 67
59 46 18
59 47 17
59 48 13
59 49 57
59 50 42
59 52 63
59 53 53
59 54 72
59 55 40
59 56 75
60 0 44
60 1 33
60 2 77
60 3 89
60 4 80
60 6 27
60 7 27
60 8 87
60 10 102
60 11 56
60 13 89
60 14 74
60 16 48
60 17 69
60 18 77
60 19 58
60 20 35
60 21 15
60 22 19
60 23 58
60 24 31
60 26 47
60 28 50
60 29 67
60 30 69
60 31 36
60 32 58
60 33 11
60 34 84
60 35 14
60 36 41
60 41 48
60 43 33
60 45 63
60 46 41
60 47 17
60 48 36
60 50 49
60 51 12
60 53 54
60 54 63
60 55 26
60 57 73
60 59 26
61 0 11
61 1 35
61 2 76
61 3 108
61 4 91
61 6 40
61 8 101
61 9 86
61 10 122
61 12 84
61 13 85
61 14 100
61 15 64
61 16 27
61 19 99
61 20 66
61 21 34
61 23 96
61 24 60
61 25 39
61 26 89
61 27 80
61 30 50
61 31 45
61 32 72
61 33 32
61 35 36
61 36 41
61 37 84
61 38 87
61 39 89
61 40 33
61 42 95
61 43 73
61 44 87
61 45 66
61 48 24
61 49 71
61 53 72
61 55 60
61 59 20
61 60 42
62 0 9
62 1 23
62 2 56
62 3 92
62 4 73
62 6 31
62 7 64
62 8 84
62 9 70
62 10 106
62 14 87
62 16 6
62 17 93
62 18 74
62 19 95
62 20 59
62 21 45
62 22 61
62 23 90
62 24 52
62 25 23
62 27 78
62 29 68
62 30 30
62 32 56
62 34 86
62 38 69
62 40 24
62 41 38
62 42 92
62 43 70
62 45 47
62 46 20
62 48 12
62 49 53
62 50 43
62 51 46
62 52 82
62 53 57
62 54 81
62 57 85
62 59 21
62 61 20
63 0 54
63 1 37
63 2 76
63 3 81
63 4 75
63 5 41
63 7 15
63 9 63
63 10 93
63 11 56
63 12 85
63 13 89
63 16 56
63 17 58
63 18 71
63 19 46
63 20 26
63 21 26
63 23 46
63 24 25
63 25 45
63 28 59
63 29 61
63 30 73
63 31 37
63 33 22
63 34 77
63 38 71
63 39 71
63 40 33
63 42 41
63 43 21
63 45 62
63 47 22
63 48 44
63 50 47
63 53 49
63 54 53
63 57 64
63 58 38
63 59 35
63 60 12
63 62 55
64 0 34
64 1 30
64 2 33
64 3 77
64 4 55
64 5 96
64 6 37
64 8 66
64 10 90
64 11 21
64 13 40
64 14 77
64 15 19
64 16 19
64 17 88
64 18 57
64 19 97
64 20 59
64 22 72
64 23 90
64 25 21
64 26 92
64 27 85
64 28 24
64 29 55
64 31 32
64 34 70
64 36 24
64 37 90
64 39 54
64 40 34
64 42 97
64 46 45
64 47 45
64 48 27
64 50 34
64 51 57
64 52 92
64 55 61
64 56 50
64 59 41
64 62 25
64 63 67
65 0 79
65 1 61
65 2 95
65 4 88
65 5 26
65 6 53
65 7 21
65 8 92
65 9 75
65 12 103
65 14 68
65 15 107
65 17 54
65 18 83
65 19 33
65 20 38
65 21 46
65 22 19
65 23 38
65 24 41
65 25 69
65 26 19
65 27 14
65 28 84
65 29 72
65 30 97
65 31 59
65 32 69
65 34 86
65 35 45
65 37 13
65 38 84
65 41 67
65 42 24
65 43 21
65 46 76
65 50 66
65 52 5
65 53 63
65 54 56
65 55 32
65 58 62
65 62 80
65 64 91
66 0 9
66 2 68
66 3 99
66 4 82
66 5 86
66 6 30
66 8 92
66 9 77
66 12 77
66 13 79
66 14 90
66 15 60
66 18 82
66 19 90
66 21 30
66 22 52
66 24 50
66 26 80
66 27 71
66 28 19
66 30 46
66 32 62
66 34 93
66 35 27
66 37 75
66 38 78
66 39 80
66 40 23
66 42 86
66 43 64
66 45 57
66 46 8
66 47 28
66 49 63
66 50 50
66 51 39
66 53 62
66 54 82
66 55 51
66 56 81
66 57 88
66 58 8
66 59 11
66 60 35
66 61 9
66 62 16
66 63 46
66 64 41
66 65 70
67 0 46
67 2 58
67 3 68
67 4 59
67 5 48
67 6 13
67 7 21
67 8 66
67 9 49
67 10 82
67 11 38
67 12 67
67 14 55
67 15 67
67 16 42
67 17 54
67 18 56
67 19 51
67 20 17
67 21 34
67 22 21
67 23 47
67 26 43
67 27 35
67 28 47
67 30 57
67 32 37
67 33 21
67 34 63
67 35 13
67 38 54
67 39 55
67 41 29
67 43 26
67 46 47
67 47 11
67 50 29
67 52 41
67 53 33
67 54 45
67 55 12
67 57 53
67 58 34
67 59 28
67 60 20
67 61 49
67 63 18
67 64 50
67 65 40
67 66 39
68 0 86
68 2 88
68 3 73
68 4 76
68 6 55
68 7 20
68 9 63
68 10 82
68 11 74
68 12 95
68 13 100
68 14 53
68 17 36
68 18 71
68 19 15
68 20 31
68 21 58
68 23 19
68 26 2
68 27 7
68 28 88
68 29 61
68 31 58
68 32 60
68 33 55
68 34 71
68 35 51
68 37 5
68 40 61
68 41 63
68 44 38
68 46 85
68 48 73
68 49 75
68 51 39
68 52 13
68 53 54
68 56 83
68 57 53
68 58 71
68 61 87
68 62 85
68 65 18
68 66 78
69 0 36
69 1 20
69 4 69
69 6 15
69 11 43
69 12 74
69 13 77
69 14 67
69 16 37
69 17 66
69 19 61
69 20 30
69 22 24
69 23 58
69 24 24
69 25 29
69 28 40
69 31 24
69 34 75
69 35 2
69 36 28
69 37 47
69 40 15
69 45 51
69 46 36
69 48 25
69 49 55
69 51 10
69 52 45
69 53 44
69 54 57
69 58 22
69 59 18
69 60 12
69 61 38
69 62 37
69 63 18
69 64 50
69 65 43
69 66 29
69 67 12
69 68 49
70 0 65
70 1 48
70 3 83
70 4 80
70 6 40
70 7 13
70 9 68
70 10 94
70 11 65
70 12 92
70 13 96
70 14 65
70 16 67
70 17 54
70 18 76
70 19 38
70 21 34
70 22 5
70 23 40
70 25 55
70 26 25
70 27 17
70 30 84
70 31 46
70 33 32
70 40 44
70 41 55
70 42 32
70 43 16
70 44 48
70 46 62
70 47 33
70 48 55
70 50 54
70 51 20
70 53 54
70 54 52
70 56 84
70 57 64
70 58 49
70 59 46
70 61 64
70 62 66
70 63 11
70 65 13
70 66 57
70 67 27
70 68 24
70 69 29
71 0 68
71 1 55
71 2 12
71 3 59
71 5 104
71 7 85
71 8 46
71 10 70
71 12 10
71 13 8
71 14 68
71 15 20
71 17 86
71 18 41
71 19 102
71 20 69
71 21 94
71 22 89
71 23 93
71 24 65
71 25 46
71 26 103
71 27 97
71 29 46
71 30 31
71 32 41
71 36 46
71 37 102
71 40 60
71 44 69
71 45 26
71 49 25
71 50 41
71 51 77
71 52 106
71 53 47
71 54 71
71 55 75
71 57 66
71 58 77
71 59 71
71 60 86
71 61 79
71 62 59
71 63 87
71 64 34
71 66 73
71 67 69
71 68 101
71 69 74
71 70 95
72 0 99
72 1 74
72 2 42
72 4 18
72 5 81
72 6 72
72 7 77
72 8 7
72 9 24
72 10 19
72 12 41
72 13 44
72 14 31
72 16 85
72 17 52
72 22 86
72 23 67
72 24 62
72 25 69
72 26 84
72 29 26
72 30 74
72 31 64
72 32 37
72 34 11
72 35 84
72 37 86
72 38 22
72 39 19
72 40 78
72 42 83
72 44 44
72 45 44
72 46 107
72 48 84
72 49 39
72 50 49
72 51 81
72 52 94
72 53 39
72 55 70
72 56 23
72 58 99
72 59 92
72 60 93
72 61 108
72 62 91
72 65 97
72 66 99
72 67 73
72 69 84
73 0 98
73 1 71
73 2 57
73 3 15
73 4 32
73 5 56
73 6 66
73 7 58
73 9 25
73 10 23
73 13 63
73 14 6
73 15 83
73 16 87
73 19 50
73 20 45
73 22 68
73 23 41
73 24 49
73 25 69
73 26 60
73 27 60
73 28 94
73 29 25
73 30 84
73 31 60
73 33 83
73 34 17
73 35 74
73 36 66
73 37 63
73 38 33
73 39 30
73 40 72
73 41 53
73 44 23
73 47 71
73 48 82
73 53 34
73 54 18
73 55 54
73 56 41
73 57 7
73 60 80
73 62 92
73 64 80
73 65 75
73 66 96
73 68 59
73 69 74
73 70 71
74 0 26
74 1 26
74 2 73
74 4 82
74 5 72
74 6 26
74 7 44
74 8 91
74 10 109
74 11 51
74 12 82
74 14 84
74 15 70
74 16 34
74 17 83
74 18 81
74 19 76
74 20 47
74 21 14
74 22 38
74 23 74
74 24 41
74 26 66
74 29 72
74 30 57
74 31 34
74 32 61
74 33 9
74 35 15
74 36 35
74 38 78
74 40 21
74 41 46
74 43 50
74 44 69
74 45 60
74 47 19
74 48 23
74 49 65
74 50 49
74 51 25
74 52 57
74 53 59
74 54 74
74 57 82
74 58 8
74 61 23
74 62 30
74 63 31
74 64 51
74 65 54
74 66 16
74 67 29
74 69 17
74 71 81
74 72 98
74 73 90
75 0 104
75 2 48
75 4 23
75 5 81
75 6 76
75 7 79
75 10 13
75 11 60
75 12 47
75 13 50
75 16 90
75 17 50
75 19 76
75 20 63
75 21 110
75 22 88
75 23 66
75 24 65
75 28 98
75 29 30
75 30 80
75 31 68
75 32 41
75 35 88
75 37 87
75 38 27
75 40 82
75 42 83
75 43 77
75 45 50
75 46 112
75 47 84
75 51 84
75 52 95
75 53 43
75 54 42
75 55 73
75 56 29
75 59 96
75 63 90
75 66 104
75 67 76
75 69 88
75 70 92
75 72 6
75 73 25
75 74 102
76 0 80
76 1 55
76 3 61
76 5 15
76 6 46
76 7 16
76 8 66
76 9 50
76 10 71
76 11 63
76 12 83
76 13 87
76 17 28
76 18 58
76 19 17
76 21 58
76 22 25
76 23 14
76 24 26
76 26 14
76 27 13
76 28 81
76 29 48
76 30 86
76 33 51
76 35 46
76 37 16
76 38 60
76 39 59
76 40 53
76 41 52
76 42 17
76 43 10
76 46 80
76 47 45
76 48 65
76 49 63
76 50 49
76 51 34
76 52 24
76 53 41
76 54 29
76 55 22
76 56 70
76 58 66
76 59 62
76 60 43
76 61 82
76 62 77
76 63 31
76 64 80
76 65 27
76 66 73
76 69 44
76 70 26
76 73 47
76 75 71
77 0 74
77 2 42
77 3 29
77 4 26
77 5 51
77 6 42
77 7 42
77 8 30
77 9 13
77 11 38
77 12 48
77 13 52
77 14 18
77 15 65
77 16 63
77 17 31
77 18 21
77 19 48
77 21 73
77 23 38
77 24 27
77 26 52
77 27 49
77 28 70
77 31 36
77 32 15
77 33 60
77 34 25
77 35 51
77 37 53
77 38 23
77 39 22
77 40 48
77 41 30
77 42 52
77 43 41
77 45 32
77 46 80
77 47 48
77 50 25
77 51 46
77 53 11
77 54 16
77 55 35
77 56 33
77 57 17
77 61 81
77 63 52
77 64 59
77 66 72
77 67 39
77 68 50
77 69 51
77 72 35
77 74 67
77 75 37
77 76 37
78 0 92
78 2 60
78 4 38
78 5 43
78 6 58
78 8 36
78 10 36
78 11 58
78 12 64
78 13 68
78 14 7
78 15 84
78 16 82
78 18 33
78 20 34
78 21 84
78 22 56
78 23 28
78 24 40
78 25 64
78 28 89
78 31 54
78 32 35
78 33 73
78 35 65
78 36 61
78 37 50
78 39 35
78 41 50
78 42 45
78 43 43
78 44 12
78 46 97
78 47 62
78 48 76
78 49 49
78 50 45
78 51 57
78 52 58
78 55 43
78 57 8
78 58 85
78 61 98
78 62 87
78 63 60
78 64 79
78 65 62
78 66 89
78 70 59
78 72 38
78 75 37
78 76 34
78 77 20
79 0 15
79 1 17
79 2 49
79 3 85
79 5 87
79 6 25
79 8 77
79 10 99
79 11 29
79 13 59
79 14 80
79 15 40
79 16 3
79 18 67
79 19 89
79 20 53
79 22 58
79 23 84
79 25 16
79 26 82
79 27 74
79 29 61
79 30 26
79 32 49
79 33 35
79 35 32
79 36 18
79 38 62
79 39 64
79 40 19
79 41 31
79 42 87
79 43 65
79 46 25
79 48 8
79 49 46
79 51 43
79 52 79
79 53 50
79 54 74
79 55 50
79 56 63
79 57 78
79 60 45
79 63 52
79 64 21
79 65 77
79 67 39
79 70 63
79 71 53
79 72 84
79 73 85
79 74 31
79 75 89
79 76 72
79 77 61
80 0 96
80 1 76
80 5 18
80 6 68
80 9 80
80 11 89
80 14 68
80 15 119
80 16 96
80 17 50
80 18 88
80 19 24
80 20 47
80 22 35
80 23 33
80 24 52
80 25 83
80 27 19
80 28 100
80 29 77
80 32 77
80 33 63
80 34 87
80 37 14
80 38 90
80 39 89
80 40 73
80 42 16
80 45 91
80 46 93
80 48 85
80 49 92
80 50 76
80 51 50
80 52 14
80 53 70
80 54 56
80 55 44
80 56 100
80 57 68
80 59 77
80 60 52
80 62 96
80 63 41
80 64 105
80 65 18
80 68 16
80 70 30
80 71 117
80 72 98
80 73 74
80 76 29
80 77 66
80 78 61
80 79 93
81 0 61
81 2 85
81 3 87
81 4 83
81 5 39
81 6 38
81 7 18
81 8 88
81 9 71
81 11 65
81 13 97
81 14 70
81 15 93
81 17 60
81 19 45
81 20 33
81 21 28
81 22 8
81 25 54
81 26 32
81 28 66
81 29 68
81 30 82
81 31 46
81 32 62
81 33 27
81 34 84
81 35 28
81 36 52
81 38 79
81 39 79
81 41 56
81 42 38
81 45 70
81 46 57
81 47 30
81 48 52
81 49 73
81 51 18
81 52 22
81 53 57
81 54 58
81 55 24
81 56 87
81 58 43
81 60 16
81 61 59
81 64 76
81 67 26
81 69 26
81 70 6
81 71 96
81 74 36
81 76 33
81 77 59
81 79 60
82 0 73
82 1 46
82 3 32
82 4 30
82 5 47
82 6 40
82 7 38
82 8 34
82 9 17
82 11 39
82 12 51
82 13 55
82 18 25
82 19 44
82 20 21
82 21 70
82 26 47
82 27 45
82 28 70
82 29 14
82 30 64
82 31 35
82 32 17
82 33 58
82 34 28
82 37 49
82 38 27
82 40 47
82 41 31
82 43 37
82 44 11
82 45 34
82 46 78
82 47 45
82 48 57
82 51 43
82 52 55
82 55 31
82 56 37
82 57 18
82 58 67
82 59 61
82 60 56
82 61 80
82 63 48
82 64 60
82 65 58
82 67 36
82 68 46
82 72 39
82 73 25
82 74 65
82 77 4
82 78 19
82 80 62
82 81 55
83 1 27
83 2 59
83 4 57
83 6 18
83 8 64
83 10 78
83 11 41
83 12 68
83 14 50
83 15 70
83 17 48
83 18 53
83 19 45
83 20 12
83 21 38
83 22 19
83 23 41
83 24 7
83 25 33
83 27 30
83 28 52
83 30 61
83 31 22
83 32 36
83 34 60
83 35 19
83 36 30
83 37 35
83 38 53
83 39 53
83 46 53
83 48 37
83 49 47
83 50 29
83 51 11
83 52 37
83 53 31
83 54 39
83 55 6
83 56 61
83 57 49
83 58 40
83 61 55
83 62 49
83 64 55
83 65 37
83 69 18
83 70 25
83 71 70
83 72 70
83 73 56
83 74 35
83 76 28
83 77 35
83 78 46
83 79 44
83 80 50
83 81 26
83 82 32
84 1 24
84 2 53
84 3 60
84 5 46
84 6 16
84 7 21
84 9 41
84 10 74
84 11 35
84 12 61
84 14 47
84 15 64
84 17 48
84 18 48
84 19 48
84 20 12
84 21 42
84 22 25
84 23 43
84 24 5
84 27 35
84 29 38
84 32 30
84 33 29
84 34 55
84 35 21
84 36 25
84 37 40
84 38 47
84 39 47
84 40 23
84 41 24
84 42 47
84 43 25
84 44 32
84 45 38
84 46 53
84 47 18
84 48 35
84 49 41
84 50 23
84 51 16
84 52 43
84 54 37
84 57 45
84 58 40
84 59 34
84 60 28
84 62 47
84 63 24
84 64 49
84 65 43
84 66 45
84 68 40
84 69 20
84 72 65
84 74 37
84 75 68
84 76 31
84 77 31
84 78 44
84 82 28
84 83 6
85 0 60
85 1 40
85 2 8
85 3 46
85 4 23
85 6 42
85 7 64
85 8 34
85 9 27
85 10 59
85 11 15
85 12 17
85 13 21
85 14 50
85 15 31
85 16 45
85 18 26
85 19 81
85 20 48
85 23 72
85 28 52
85 29 27
85 30 33
85 31 33
85 33 64
85 34 39
85 35 56
85 37 81
85 41 21
85 42 84
85 43 66
85 44 48
85 47 52
85 49 4
85 50 20
85 52 85
85 53 26
85 54 50
85 56 19
85 58 64
85 59 57
85 60 69
85 61 71
85 62 51
85 63 67
85 65 86
85 66 63
85 67 50
85 68 79
85 69 57
85 70 75
85 71 21
85 72 41
85 73 52
85 74 66
85 75 47
85 76 67
85 77 34
85 78 53
85 79 45
85 80 96
85 81 76
85 82 37
85 83 50
85 84 44
86 0 44
86 2 66
86 5 49
86 6 18
86 7 21
86 9 57
86 10 89
86 11 45
86 15 72
86 16 44
86 17 59
86 18 64
86 19 53
86 20 24
86 21 26
86 22 17
86 23 50
86 24 19
86 25 33
86 26 43
86 27 34
86 28 47
86 32 45
86 34 72
86 36 31
86 37 39
86 38 63
86 40 21
86 41 36
86 43 27
86 45 51
86 46 44
86 47 10
86 48 32
86 50 37
86 51 2
86 52 38
86 54 51
86 55 15
86 59 26
86 61 46
86 63 12
86 64 55
86 66 37
86 70 22
86 72 81
86 73 68
86 75 84
86 76 36
86 77 47
86 78 58
86 81 20
86 83 12
86 84 16
86 85 57
87 1 65
87 2 40
87 4 14
87 5 71
87 6 62
87 7 66
87 8 7
87 9 14
87 11 48
87 12 41
87 13 44
87 15 67
87 16 78
87 17 43
87 18 10
87 19 66
87 20 50
87 21 96
87 23 57
87 24 51
87 25 61
87 28 85
87 29 16
87 30 70
87 32 28
87 33 83
87 34 3
87 35 74
87 36 58
87 37 75
87 38 16
87 39 13
87 40 68
87 41 45
87 45 38
87 46 99
87 49 33
87 52 83
87 54 31
87 55 59
87 56 22
87 57 21
87 59 82
87 60 83
87 61 100
87 62 84
87 64 68
87 66 91
87 69 74
87 70 79
87 71 50
87 72 11
87 73 20
87 74 89
87 79 76
87 80 88
87 83 59
87 86 70
88 2 18
88 3 66
88 5 96
88 6 43
88 7 74
88 8 54
88 9 47
88 10 78
88 11 17
88 12 24
88 14 69
88 15 12
88 16 33
88 18 46
88 20 60
88 21 76
88 22 77
88 24 55
88 25 29
88 28 39
88 29 47
88 31 36
88 33 63
88 35 56
88 36 30
88 37 92
88 38 40
88 39 43
88 41 28
88 42 97
88 43 77
88 44 66
88 46 60
88 48 40
88 49 24
88 50 31
88 52 95
88 55 63
88 56 37
88 57 67
88 59 53
88 60 71
88 61 60
88 62 40
88 64 15
88 66 54
88 67 55
88 68 92
88 69 58
88 72 60
88 74 63
88 75 66
88 76 80
88 78 72
88 80 107
88 81 82
88 82 55
88 83 58
88 85 20
88 86 61
88 87 56
89 0 55
89 2 34
89 4 60
89 5 115
89 6 60
89 8 70
89 9 65
89 10 94
89 13 34
89 14 88
89 16 40
89 17 103
89 18 64
89 20 79
89 22 94
89 23 107
89 24 73
89 26 113
89 28 44
89 29 66
89 30 17
89 34 77
89 35 71
89 39 61
89 40 57
89 41 47
89 42 116
89 43 96
89 45 39
89 47 68
89 51 80
89 52 113
89 54 88
89 55 82
89 56 52
89 59 64
89 61 66
89 62 46
89 64 23
89 65 113
89 66 62
89 67 73
89 68 111
89 69 73
89 70 100
89 73 90
89 75 82
89 76 99
89 78 91
89 79 43
89 81 98
89 82 74
89 83 76
89 85 38
89 88 19
90 0 34
90 1 39
90 2 86
90 3 107
90 4 95
90 5 76
90 6 39
90 7 50
90 8 104
90 9 86
90 11 64
90 12 95
90 13 98
90 15 83
90 16 45
90 17 91
90 18 93
90 19 81
90 21 9
90 22 41
90 23 81
90 24 51
90 26 69
90 29 84
90 30 69
90 32 73
90 33 17
90 34 102
90 36 48
90 38 90
90 39 92
90 40 34
90 41 59
90 43 56
90 44 79
90 45 73
90 46 26
90 48 36
90 50 62
90 51 33
90 53 71
90 54 84
90 55 48
90 56 96
90 57 93
90 58 17
90 59 23
90 61 27
90 62 41
90 63 35
90 64 63
90 65 55
90 67 39
90 68 67
90 70 43
90 71 94
90 73 101
90 74 13
90 75 114
90 76 66
90 77 78
90 79 43
90 80 73
90 81 37
90 82 75
90 84 47
90 85 79
90 86 32
90 88 76
90 89 86
91 1 61
91 2 38
91 3 12
91 4 13
91 5 68
91 6 58
91 8 10
91 9 9
91 10 26
91 11 44
91 13 44
91 14 20
91 15 65
91 16 74
91 19 63
91 21 92
91 22 70
91 23 54
91 24 47
91 26 70
91 28 81
91 29 12
91 31 50
91 35 69
91 36 54
91 39 11
91 40 64
91 42 69
91 43 61
91 46 94
91 47 66
91 51 66
91 52 79
91 53 25
91 56 21
91 57 19
91 58 85
91 59 78
91 62 80
91 63 72
91 66 87
91 68 68
91 69 69
91 70 75
91 71 49
91 73 19
91 77 20
91 80 84
91 81 79
91 84 50
91 88 54
91 89 72
92 0 88
92 1 69
92 2 98
92 4 88
92 5 17
92 7 26
92 8 90
92 10 94
92 11 82
92 12 106
92 14 65
92 16 89
92 18 83
92 20 41
92 22 27
92 23 31
92 24 45
92 25 75
92 26 11
92 27 13
92 28 92
92 31 65
92 32 71
92 33 56
92 34 83
92 36 73
92 37 8
92 38 85
92 40 65
92 43 22
92 44 50
92 45 84
92 47 55
92 48 77
92 50 69
92 51 42
92 52 7
92 53 64
92 55 36
92 56 94
92 58 72
92 61 88
92 63 34
92 64 97
92 65 11
92 66 80
92 67 46
92 68 12
92 70 23
92 71 110
92 72 94
92 73 71
92 75 95
92 76 24
92 77 61
92 78 58
92 79 85
92 81 29
92 82 57
92 83 42
92 84 48
92 85 89
92 86 44
92 87 84
92 88 100
92 89 118
92 90 66
92 91 80
93 1 17
93 3 61
93 4 42
93 5 74
93 6 20
93 7 50
93 8 53
93 9 38
93 11 8
93 12 39
93 15 35
93 18 42
93 19 75
93 20 38
93 23 68
93 24 32
93 25 9
93 26 71
93 27 64
93 28 33
93 29 37
93 30 27
93 31 12
93 32 25
93 33 42
93 35 34
93 36 8
93 37 69
93 38 38
93 39 40
93 42 75
93 44 49
93 46 47
93 49 22
93 52 72
93 53 27
93 55 40
93 56 40
93 57 55
93 58 41
93 59 34
93 60 48
93 61 49
93 62 31
93 63 49
93 66 40
93 67 31
93 68 69
93 69 35
93 70 59
93 72 60
93 73 61
93 74 43
93 75 65
93 77 38
93 79 24
93 81 58
93 82 39
93 83 34
93 85 23
93 87 52
93 88 23
93 90 56
93 92 77
94 0 19
94 2 77
94 3 104
94 4 89
94 5 83
94 6 33
94 7 55
94 8 98
94 11 55
94 12 85
94 14 93
94 16 32
94 17 94
94 18 88
94 20 57
94 21 21
94 22 49
94 23 85
94 24 51
94 25 38
94 26 77
94 27 68
94 28 29
94 30 56
94 31 41
94 32 68
94 33 20
94 34 98
94 35 26
94 37 72
94 38 84
94 41 52
94 42 83
94 45 65
94 46 11
94 47 28
94 50 56
94 52 68
94 55 50
94 56 88
94 57 92
94 58 6
94 60 30
94 62 26
94 63 42
94 64 51
94 65 65
94 67 39
94 69 27
94 71 82
94 73 99
94 75 110
94 76 71
94 77 75
94 78 91
94 80 82
94 81 46
94 83 45
94 85 70
94 87 96
94 88 64
94 89 72
94 92 75
94 93 47
95 0 65
95 2 73
95 3 69
95 4 67
95 6 34
95 9 55
95 10 81
95 11 56
95 14 52
95 15 86
95 17 43
95 20 17
95 21 42
95 22 10
95 23 30
95 24 19
95 26 22
95 27 14
95 29 52
95 30 77
95 31 39
95 32 47
95 33 35
95 35 31
95 37 19
95 38 63
95 39 63
95 40 40
95 43 6
95 44 35
95 46 65
95 47 30
95 48 52
95 49 61
95 50 44
95 51 19
95 52 21
95 53 41
95 54 39
95 55 10
95 56 72
95 57 51
95 59 47
95 61 67
95 63 15
95 64 71
95 65 21
95 66 58
95 67 21
95 68 20
95 73 58
95 74 44
95 76 16
95 79 60
95 81 18
95 82 38
95 83 16
95 84 21
95 86 21
95 89 92
95 90 50
95 91 62
95 92 26
95 93 50
96 0 34
96 2 53
96 4 59
96 6 3
96 7 33
96 8 68
96 9 51
96 10 86
96 11 31
96 13 65
96 17 64
96 18 57
96 19 63
96 20 28
96 23 59
96 25 18
96 26 56
96 27 47
96 28 34
96 29 48
96 30 46
96 32 37
96 33 19
96 36 16
96 37 52
96 38 54
96 39 55
96 40 7
96 42 61
96 43 38
96 44 48
96 45 39
96 46 37
96 47 7
96 48 19
96 49 43
96 50 26
96 51 17
96 53 35
96 55 24
96 56 60
96 58 25
96 59 18
96 60 24
96 63 27
96 64 39
96 65 51
96 67 12
96 68 54
96 70 38
96 71 62
96 72 74
96 73 67
96 75 79
96 77 43
96 80 66
96 81 36
96 82 42
96 83 18
96 85 45
96 86 15
96 87 65
96 88 46
96 89 62
96 92 59
96 93 23
96 94 31
96 95 33
97 0 64
97 1 43
97 2 75
97 3 72
97 4 69
97 5 29
97 7 2
97 8 74
97 9 57
97 10 83
97 11 57
97 13 87
97 14 54
97 18 65
97 19 33
97 20 19
97 24 21
97 25 50
97 28 67
97 30 78
97 31 39
97 32 49
97 33 34
97 34 68
97 35 30
97 36 47
97 37 19
97 38 65
97 39 65
97 40 40
97 42 29
97 43 7
97 44 37
97 45 60
97 46 64
97 47 30
97 48 52
97 49 62
97 50 45
97 51 18
97 52 20
97 53 43
97 54 42
97 55 11
97 56 74
97 57 53
97 58 50
97 59 46
97 60 25
97 62 64
97 65 20
97 66 57
97 69 28
97 70 11
97 71 86
97 72 79
97 74 43
97 75 81
97 76 18
97 77 44
97 78 48
97 82 40
97 83 16
97 85 66
97 87 68
97 88 75
97 90 48
97 94 54
97 96 33
98 0 62
98 2 84
98 3 85
98 5 37
98 6 38
98 7 15
98 9 69
98 10 97
98 11 64
98 12 92
98 13 96
98 14 67
98 15 92
98 17 58
98 18 77
98 20 31
98 21 30
98 22 6
98 23 44
98 25 54
98 28 67
98 30 82
98 31 45
98 33 29
98 34 81
98 35 28
98 36 52
98 37 24
98 39 77
98 42 36
98 44 51
98 46 59
98 47 30
98 48 52
98 49 72
98 50 54
98 52 20
98 53 55
98 54 55
98 55 22
98 57 66
98 58 45
98 59 43
98 61 61
98 62 63
98 64 75
98 66 53
98 68 28
98 69 26
98 71 95
98 72 92
98 73 74
98 74 37
98 78 62
98 80 34
98 81 2
98 82 52
98 84 31
98 87 81
98 88 81
98 89 98
98 91 76
98 93 57
98 94 48
98 95 15
98 97 13
99 1 35
99 2 77
99 5 94
99 6 40
99 8 102
99 9 87
99 11 56
99 12 85
99 13 87
99 14 100
99 15 66
99 16 28
99 17 102
99 20 66
99 21 33
99 23 95
99 24 59
99 26 88
99 27 79
99 28 24
99 29 85
99 30 52
99 31 46
99 33 31
99 35 35
99 37 83
99 38 87
99 39 89
99 40 33
99 43 72
99 46 2
99 47 37
99 48 25
99 50 60
99 54 92
99 55 60
99 59 20
99 61 2
99 62 22
99 63 53
99 64 47
99 65 76
99 66 10
99 67 48
99 68 86
99 69 37
99 70 63
99 71 81
99 72 109
99 73 106
99 74 22
99 75 114
99 76 81
99 78 98
99 80 94
99 81 58
99 82 80
99 83 54
99 84 54
99 85 72
99 86 45
99 87 101
99 88 62
99 89 68
99 90 25
99 91 96
99 92 86
99 93 50
99 95 66
99 97 65
99 98 59
