100 2475
-1
6 90 89
21 93 89
85 8 81
6 29 88
25 57 100
69 83 77
27 46 75
7 58 95
22 82 70
25 10 81
72 18 92
30 47 89
60 66 87
12 88 87
10 41 73
15 1 98
15 59 87
83 100 94
93 20 85
84 100 86
74 33 72
50 18 74
69 36 70
9 0 74
28 72 74
94 41 92
1 95 97
37 87 75
60 24 77
12 38 97
58 19 71
63 80 82
32 93 79
63 57 93
56 73 95
96 77 77
47 13 76
60 58 70
49 27 77
19 37 78
88 47 96
34 63 93
19 12 92
100 43 82
69 99 83
78 15 80
23 30 87
22 57 80
78 95 93
38 27 81
26 36 74
91 56 91
75 32 92
7 21 89
81 64 85
76 2 79
64 63 92
66 27 82
87 24 79
91 99 84
41 90 73
17 29 72
34 85 100
23 48 71
17 62 99
100 16 72
99 79 77
64 39 70
48 78 87
100 96 100
33 65 77
5 46 77
29 68 84
100 74 99
72 78 92
62 83 86
85 24 74
27 60 85
96 78 84
51 82 89
37 26 92
2 73 77
17 38 95
29 1 88
75 96 87
37 30 70
82 81 78
28 42 80
61 100 70
13 23 98
42 39 96
73 49 74
13 77 98
13 9 70
74 54 94
55 0 70
54 71 88
6 37 86
36 53 93
63 42 94
-1
1 0 15
2 1 106
3 0 61
3 1 65
3 2 81
4 0 38
4 1 36
5 0 63
5 1 49
6 0 48
6 1 47
6 2 69
6 3 27
6 5 55
7 0 32
7 1 37
7 2 92
7 4 18
7 5 66
8 1 11
8 3 55
8 4 25
8 5 47
8 7 28
9 5 85
9 7 51
9 8 72
10 2 16
10 3 66
10 4 61
10 7 76
10 8 81
10 9 47
11 0 49
11 1 46
11 3 30
11 4 11
11 6 3
11 9 37
12 0 59
12 1 47
12 5 19
12 6 38
12 7 53
12 9 66
12 11 35
13 1 10
13 3 59
13 4 33
13 5 57
13 8 11
13 12 52
14 0 49
14 1 53
14 2 81
14 5 72
14 6 17
14 7 17
14 8 42
14 9 34
14 10 66
14 12 55
14 13 47
15 1 92
15 2 70
15 3 29
15 4 56
15 9 13
15 10 59
15 11 48
15 13 87
16 4 10
16 5 59
16 8 24
16 9 50
16 13 29
16 14 18
17 0 77
17 3 104
17 6 77
17 9 107
17 11 74
17 12 41
17 14 93
18 2 14
18 3 87
18 5 67
18 7 94
18 8 94
18 10 21
18 11 68
18 15 80
18 16 87
18 17 80
19 1 63
19 5 22
19 6 78
19 9 107
19 17 1
19 18 80
20 0 88
20 1 80
20 4 54
20 7 71
20 8 71
20 9 54
20 15 67
20 17 67
20 18 23
21 2 36
21 3 45
21 4 46
21 6 36
21 8 69
21 11 35
21 12 49
21 14 46
21 17 88
21 18 43
22 1 74
22 2 32
22 4 48
22 5 47
22 6 43
22 9 51
22 12 31
22 13 77
23 1 93
23 3 29
23 4 59
23 6 49
23 7 58
23 8 83
23 10 65
23 11 51
23 12 83
23 16 59
23 19 125
23 20 72
23 21 44
24 0 28
24 6 26
24 7 25
24 10 69
24 12 32
24 13 22
24 14 35
24 17 61
24 20 60
24 21 58
24 23 74
25 0 100
25 1 89
25 4 70
25 5 48
25 8 82
25 10 31
25 11 64
25 13 94
25 17 60
25 19 59
25 20 21
25 22 25
25 24 72
26 0 7
26 1 20
26 5 69
26 6 55
26 8 24
26 9 88
26 10 104
26 13 13
26 14 54
26 20 95
26 22 90
26 23 95
26 24 35
26 25 107
27 2 92
27 3 65
27 4 32
27 5 32
27 9 77
27 10 77
27 11 40
27 15 88
27 17 47
27 18 87
27 23 91
28 1 79
28 3 54
28 5 59
28 6 39
28 8 69
28 10 13
28 12 42
28 13 80
28 15 50
28 19 79
28 20 16
28 21 11
28 22 15
28 24 57
28 26 92
28 27 67
29 3 10
29 5 72
29 7 20
29 8 45
29 11 20
29 14 3
29 17 94
29 18 82
29 19 95
29 23 38
29 26 58
29 27 55
30 2 29
30 5 64
30 8 72
30 12 47
30 13 82
30 14 52
30 16 58
30 17 84
30 18 35
30 21 8
30 23 52
30 26 95
30 27 71
31 1 43
31 2 75
31 3 76
31 5 6
31 7 60
31 8 41
31 11 46
31 12 14
31 14 65
31 20 48
31 21 63
31 23 96
31 24 35
31 26 63
32 3 69
32 5 38
32 8 14
32 10 85
32 11 46
32 12 38
32 14 56
32 17 51
32 18 95
32 21 77
32 22 67
32 25 80
32 29 58
32 30 78
33 1 55
33 3 63
33 5 26
33 6 37
33 8 48
33 12 9
33 18 47
33 23 78
33 27 39
33 28 33
33 30 38
33 31 23
33 32 47
34 0 52
34 1 40
34 5 16
34 6 39
34 8 35
34 9 70
34 11 36
34 12 8
34 15 82
34 16 43
34 18 64
34 22 39
34 24 28
34 25 49
34 26 59
34 28 49
34 29 56
34 30 54
34 31 9
34 33 17
35 0 90
35 2 69
35 5 27
35 6 75
35 11 72
35 13 84
35 21 74
35 22 49
35 24 68
35 26 96
35 27 59
35 28 64
35 31 33
35 32 65
35 34 40
36 0 87
36 2 38
36 5 73
36 6 38
36 7 60
36 9 22
36 11 38
36 12 54
36 18 46
36 19 94
36 20 33
36 23 40
36 24 61
36 27 74
36 28 17
36 32 81
36 34 60
37 1 52
37 2 55
37 3 61
37 6 35
37 8 44
37 9 59
37 10 41
37 11 31
37 12 8
37 14 52
37 20 28
37 22 23
37 23 77
37 25 38
37 26 69
37 27 37
37 29 52
37 31 22
37 32 44
37 34 15
37 36 46
38 0 76
38 1 71
38 4 38
38 5 59
38 6 29
38 7 52
38 9 29
38 11 27
38 14 41
38 21 9
38 22 21
38 23 48
38 24 49
38 25 47
38 26 83
38 27 61
38 28 11
38 30 12
38 31 54
38 33 33
38 36 14
39 1 56
39 2 72
39 8 45
39 9 27
39 10 56
39 13 51
39 15 36
39 18 75
39 19 90
39 21 36
39 22 50
39 23 38
39 28 43
39 29 7
39 30 42
39 34 51
39 35 86
39 37 46
39 38 31
40 7 81
40 8 74
40 9 73
40 11 58
40 13 86
40 15 86
40 17 53
40 20 19
40 21 47
40 23 91
40 26 99
40 28 36
40 31 41
40 33 26
40 35 31
40 37 30
41 0 38
41 3 44
41 4 10
41 5 40
41 6 18
41 9 53
41 16 19
41 17 61
41 19 62
41 22 44
41 25 63
41 26 45
41 29 33
41 30 50
41 35 63
41 36 51
41 37 26
41 39 30
41 40 56
42 3 21
42 5 86
42 7 47
42 11 36
42 15 11
42 17 108
42 23 15
42 24 60
42 25 80
42 27 77
42 28 42
42 32 82
42 33 62
42 36 28
42 37 61
42 38 33
42 41 53
43 3 95
43 5 50
43 6 73
43 7 94
43 9 81
43 12 46
43 13 98
43 17 59
43 19 59
43 22 31
43 24 77
43 26 111
43 28 44
43 29 88
43 33 39
43 34 53
43 35 34
43 36 60
43 38 53
43 40 12
43 42 86
44 2 92
44 5 16
44 6 67
44 8 49
44 10 81
44 12 34
44 13 58
44 16 67
44 17 14
44 18 82
44 19 15
44 20 66
44 24 49
44 29 83
44 31 19
44 32 37
44 34 29
44 36 88
44 37 41
44 39 79
44 42 100
44 43 64
45 1 96
45 3 73
45 8 87
45 9 53
45 10 6
45 11 57
45 13 98
45 14 72
45 18 15
45 19 85
45 20 18
45 21 28
45 23 70
45 24 75
45 25 30
45 26 111
45 28 20
45 29 69
45 31 66
45 32 90
45 33 44
45 35 64
45 36 31
45 38 31
45 39 62
45 41 65
45 42 59
45 44 84
46 0 62
46 1 63
46 4 27
46 5 70
46 7 32
46 8 52
46 9 20
46 10 50
46 12 51
46 13 59
46 14 17
46 15 30
46 17 92
46 19 92
46 20 51
46 21 29
46 23 33
46 26 68
46 28 37
46 34 54
46 38 26
46 39 8
46 41 34
46 42 18
46 44 82
47 0 36
47 1 36
47 3 32
47 4 3
47 5 53
47 7 15
47 8 25
47 9 47
47 10 63
47 14 20
47 15 56
47 17 74
47 18 80
47 19 75
47 21 48
47 22 51
47 23 58
47 24 16
47 25 73
47 30 52
47 32 37
47 34 37
47 36 50
47 38 40
47 40 66
47 41 13
47 45 70
47 46 27
48 1 57
48 2 87
48 4 65
48 6 70
48 7 80
48 11 67
48 13 66
48 14 86
48 16 72
48 17 7
48 19 7
48 21 81
48 23 117
48 25 56
48 26 77
48 27 41
48 28 73
48 29 87
48 30 78
48 31 21
48 33 40
48 36 87
48 41 54
48 46 85
49 0 70
49 1 68
49 2 50
49 4 32
49 8 57
49 9 21
49 10 35
49 12 44
49 14 31
49 15 34
49 16 39
49 17 85
49 18 55
49 19 86
49 20 36
49 22 32
49 23 39
49 24 46
49 25 57
49 26 77
49 28 22
49 32 66
49 34 49
49 35 76
49 37 38
49 39 21
49 40 53
49 41 36
49 43 64
49 44 78
49 45 41
50 2 65
50 3 21
50 5 63
50 6 10
50 7 29
50 9 26
50 11 11
50 12 45
50 15 36
50 17 85
50 18 68
50 22 43
50 23 39
50 25 68
50 28 36
50 31 57
50 33 42
50 35 81
50 40 62
50 41 28
50 42 25
50 43 74
50 44 76
50 47 21
51 1 79
51 2 48
51 6 64
51 13 85
51 14 82
51 15 93
51 17 44
51 18 36
51 19 44
51 24 65
51 28 44
51 29 81
51 30 49
51 33 28
51 35 21
51 36 61
51 38 51
51 39 74
51 43 15
51 45 43
51 47 69
51 48 41
52 5 51
52 11 47
52 12 37
52 16 65
52 21 28
52 24 61
52 25 21
52 26 97
52 28 17
52 29 63
52 31 49
52 32 74
52 36 33
52 37 30
52 39 56
52 41 51
52 46 52
52 48 63
52 49 37
52 51 28
53 2 79
53 4 40
53 9 21
53 11 34
53 13 67
53 14 20
53 16 38
53 19 110
53 20 68
53 27 72
53 31 81
53 33 66
53 34 71
53 36 40
53 37 64
53 38 42
53 40 85
53 44 99
53 46 18
53 51 91
53 52 68
54 1 66
54 2 56
54 5 22
54 11 53
54 16 66
54 17 36
54 18 45
54 21 55
54 22 30
54 23 96
54 28 45
54 30 50
54 37 21
54 38 48
54 40 18
54 41 47
54 44 37
54 46 67
55 0 112
55 4 75
55 5 81
55 7 88
55 10 16
55 11 64
55 12 65
55 13 107
55 15 61
55 21 30
55 23 67
55 27 93
55 28 27
55 29 73
55 32 101
55 34 73
55 36 31
55 39 66
55 43 47
55 44 97
55 45 13
55 47 77
55 49 45
55 50 60
55 51 56
55 54 62
56 1 52
56 4 39
56 7 57
56 8 46
56 9 65
56 10 45
56 12 5
56 13 57
56 14 58
56 15 79
56 18 51
56 19 42
56 21 47
56 23 83
56 26 70
56 29 57
56 35 34
56 36 52
56 38 39
56 40 28
56 41 30
56 45 50
56 46 52
56 47 42
56 48 34
56 51 27
56 53 70
56 55 62
57 0 87
57 1 79
57 4 50
57 9 44
57 15 57
57 17 74
57 19 75
57 21 18
57 23 63
57 24 58
57 25 31
57 28 6
57 31 53
57 38 17
57 39 48
57 40 29
57 42 49
57 44 72
57 46 43
57 47 53
57 55 26
57 56 36
58 0 104
58 1 95
58 4 70
58 5 61
58 12 49
58 14 78
58 17 76
58 19 76
58 21 37
58 22 21
58 23 81
58 24 76
58 26 111
58 27 80
58 28 27
58 31 60
58 32 88
58 36 41
58 37 43
58 39 69
58 43 23
58 44 77
58 45 12
58 46 64
58 50 62
58 51 32
58 52 14
58 54 40
58 55 24
58 56 45
59 0 85
59 2 91
59 3 110
59 4 78
59 7 93
59 10 83
59 13 79
59 15 124
59 16 85
59 17 8
59 20 68
59 21 90
59 22 66
59 23 128
59 24 68
59 26 90
59 27 55
59 28 81
59 29 99
59 30 86
59 31 33
59 32 59
59 33 50
59 34 43
59 36 96
59 37 51
59 38 83
59 39 95
59 41 67
59 44 22
59 46 96
59 47 80
59 48 13
59 49 89
59 50 90
59 55 98
59 56 45
59 58 75
60 6 46
60 7 46
60 8 20
60 11 44
60 12 30
60 15 92
60 17 43
60 20 65
60 22 60
60 25 72
60 26 40
60 27 5
60 29 59
60 31 24
60 33 39
60 34 22
60 36 77
60 37 37
60 38 63
60 39 57
60 40 63
60 41 27
60 42 81
60 43 75
60 45 83
60 47 38
60 48 37
60 50 56
60 52 67
60 53 76
60 54 47
60 55 94
60 56 35
60 57 67
61 0 61
61 2 71
61 3 11
61 4 29
61 5 74
61 9 20
61 10 56
61 13 59
61 14 13
61 15 28
61 24 44
61 25 77
61 27 61
61 28 43
61 29 10
61 30 42
61 34 58
61 36 34
61 37 51
61 38 32
61 42 17
61 43 84
61 50 11
61 51 78
61 52 58
61 53 12
61 54 72
61 57 49
62 1 15
62 3 62
62 5 35
62 6 39
62 7 38
62 8 12
62 9 75
62 11 38
62 13 22
62 14 50
62 15 86
62 16 32
62 20 65
62 21 68
62 25 74
62 26 34
62 27 3
62 28 66
62 31 29
62 32 8
62 35 62
62 36 73
62 42 74
62 44 37
62 45 82
62 46 56
62 50 49
62 52 67
62 54 51
62 57 66
62 58 80
63 0 45
63 1 45
63 3 25
63 4 9
63 8 34
63 9 38
63 11 7
63 15 47
63 17 79
63 18 75
63 19 80
63 20 53
63 24 24
63 34 41
63 35 78
63 36 42
63 38 33
63 39 11
63 41 18
63 44 68
63 45 64
63 47 9
63 49 25
63 54 60
63 57 47
63 59 85
63 60 45
63 61 19
64 0 30
64 2 86
64 3 34
64 4 9
64 5 56
64 6 18
64 7 10
64 8 20
64 9 52
64 11 19
64 12 43
64 16 3
64 21 55
64 22 58
64 25 79
64 31 49
64 32 34
64 37 43
64 38 47
64 39 25
64 42 50
64 43 85
64 44 63
64 49 40
64 55 84
64 56 47
64 57 60
64 59 82
64 60 36
64 61 33
64 62 28
64 63 15
65 2 17
65 4 85
65 11 76
65 14 93
65 15 86
65 16 95
65 17 85
65 20 31
65 21 50
65 25 25
65 26 126
65 27 94
65 28 40
65 29 90
65 30 42
65 32 102
65 33 55
65 35 61
65 36 53
65 37 58
65 41 81
65 43 27
65 44 88
65 47 88
65 54 51
65 55 27
65 62 95
65 64 94
66 4 77
66 5 30
66 7 94
66 8 77
66 11 76
66 12 41
66 13 87
66 14 96
66 15 114
66 18 59
66 20 52
66 22 52
66 23 119
66 24 71
66 25 38
66 27 62
66 32 68
66 34 43
66 35 3
66 37 44
66 40 33
66 41 66
66 42 104
66 43 36
66 44 36
66 45 67
66 47 80
66 56 38
66 59 21
66 60 59
66 63 82
67 0 77
67 4 42
67 7 60
67 9 48
67 11 34
67 13 71
67 14 54
67 16 52
67 18 34
67 20 11
67 21 25
67 29 52
67 30 20
67 31 41
67 32 62
67 33 18
67 34 34
67 36 31
67 37 19
67 40 25
67 42 52
67 43 36
67 44 60
67 47 45
67 50 38
67 52 13
67 53 59
67 54 30
67 55 38
67 57 12
67 59 65
67 60 55
67 64 52
67 66 53
68 1 30
68 2 79
68 4 31
68 5 21
68 6 38
68 7 45
68 10 64
68 11 35
68 15 83
68 16 38
68 17 41
68 18 73
68 19 42
68 20 51
68 22 46
68 23 87
68 28 55
68 31 15
68 32 21
68 36 65
68 37 23
68 38 51
68 39 50
68 41 20
68 43 62
68 44 29
68 48 34
68 49 51
68 50 47
68 53 70
68 54 35
68 55 80
68 56 21
68 57 54
68 59 47
68 62 15
68 63 39
68 64 34
68 65 80
69 1 79
69 2 89
69 5 33
69 7 100
69 8 79
69 9 114
69 14 105
69 15 127
69 16 92
69 17 17
69 18 76
69 20 68
69 21 92
69 22 67
69 23 132
69 24 75
69 29 105
69 30 87
69 31 40
69 32 68
69 33 53
69 37 55
69 39 100
69 40 50
69 41 73
69 44 31
69 45 83
69 46 101
69 47 87
69 49 92
69 52 68
69 53 119
69 54 37
69 55 97
69 56 48
69 57 76
69 58 73
69 60 59
69 61 106
69 63 90
69 64 89
69 65 80
70 0 36
70 2 77
70 3 45
70 4 11
70 6 19
70 8 20
70 9 55
70 11 18
70 12 27
70 16 18
70 17 61
70 19 61
70 22 46
70 23 69
70 29 34
70 30 52
70 34 24
70 36 53
70 41 2
70 43 70
70 48 54
70 52 53
70 53 51
70 54 48
70 55 76
70 56 31
70 58 67
70 59 67
70 60 26
70 63 19
70 64 16
70 65 83
70 66 67
70 67 40
70 68 19
70 69 73
71 1 49
71 3 17
71 6 22
71 8 39
71 9 41
71 12 58
71 14 7
71 17 94
71 19 95
71 24 34
71 26 49
71 27 52
71 28 59
71 31 67
71 34 57
71 39 16
71 41 33
71 42 36
71 44 83
71 47 20
71 48 87
71 52 71
71 53 25
71 54 78
71 55 83
71 59 101
71 61 20
71 63 18
71 64 20
71 66 99
71 67 59
71 68 53
71 69 107
72 2 82
72 3 45
72 6 22
72 8 15
72 11 21
72 18 80
72 19 63
72 21 54
72 22 51
72 24 4
72 25 70
72 26 38
72 30 56
72 32 25
72 35 67
72 38 45
72 42 56
72 43 75
72 44 50
72 45 72
72 46 38
72 48 55
72 49 41
72 50 32
72 51 63
72 53 51
72 55 81
72 56 35
72 59 69
72 60 25
72 61 40
72 64 13
72 66 70
72 68 21
72 69 76
72 70 5
72 71 32
73 0 95
73 2 67
73 3 104
73 4 76
73 5 32
73 6 78
73 7 94
73 8 78
73 9 98
73 11 75
73 13 89
73 14 95
73 17 31
73 18 54
73 19 30
73 21 75
73 22 49
73 23 117
73 25 33
73 26 101
73 27 64
73 29 95
73 30 69
73 33 40
73 34 44
73 35 5
73 37 43
73 39 89
73 41 66
73 42 102
73 43 31
73 45 62
73 47 79
73 48 30
73 50 83
73 52 48
73 53 107
73 54 21
73 55 75
73 60 61
73 61 94
73 63 81
73 64 83
73 66 5
73 69 22
73 70 67
73 71 99
74 1 53
74 3 82
74 7 68
74 9 82
74 10 60
74 11 52
74 12 16
74 14 72
74 17 24
74 21 63
74 22 42
74 24 44
74 28 55
74 30 60
74 35 24
74 37 23
74 38 55
74 39 67
74 41 40
74 43 44
74 44 21
74 46 68
74 49 61
74 53 86
74 55 76
74 56 17
74 57 51
74 61 73
74 63 57
74 65 68
74 66 27
74 67 39
74 68 24
74 73 28
75 3 77
75 4 45
75 6 50
75 9 81
75 10 65
75 11 48
75 12 17
75 15 94
75 16 52
75 17 27
75 19 27
75 21 66
75 22 47
75 26 62
75 32 31
75 36 71
75 37 25
75 39 62
75 42 83
75 43 55
75 46 65
75 48 20
75 49 60
75 52 52
75 53 82
75 54 26
75 59 33
75 60 22
75 61 70
75 62 28
75 63 52
75 64 49
75 65 77
75 66 37
75 69 40
75 70 34
75 73 39
75 74 11
76 1 94
76 3 79
76 4 68
76 5 61
76 6 62
76 7 85
76 9 61
76 10 14
76 11 59
76 12 48
76 15 73
76 20 14
76 21 35
76 22 20
76 23 79
76 25 19
76 30 27
76 32 87
76 34 56
76 40 23
76 45 11
76 46 62
76 47 71
76 50 60
76 53 78
76 55 23
76 56 44
76 57 19
76 60 79
76 61 68
76 64 77
76 70 66
76 71 82
76 73 52
76 74 55
77 2 77
77 5 47
77 7 20
77 9 50
77 10 61
77 13 31
77 16 12
77 17 68
77 20 54
77 21 47
77 24 12
77 26 43
77 28 48
77 29 26
77 30 51
77 34 31
77 36 51
77 37 33
77 38 39
77 41 7
77 44 57
77 46 30
77 47 5
77 49 34
77 51 64
77 55 75
77 56 37
77 59 74
77 60 33
77 61 32
77 62 25
77 64 10
77 65 85
77 66 74
77 68 27
77 69 81
77 70 7
77 74 48
77 76 68
78 0 90
78 1 76
78 2 70
78 3 102
78 6 76
78 8 74
78 9 98
78 10 64
78 11 72
78 12 37
78 13 84
78 14 93
78 16 83
78 19 25
78 22 49
78 24 68
78 26 96
78 27 59
78 28 64
78 29 93
78 30 70
78 34 40
78 35 1
78 36 81
78 38 69
78 39 87
78 41 63
78 50 81
78 56 35
78 58 54
78 59 21
78 61 92
78 62 62
78 65 62
78 69 18
78 70 64
78 71 96
78 73 5
78 74 24
78 77 71
79 0 45
79 1 31
79 3 69
79 7 50
79 8 29
79 11 40
79 13 39
79 14 57
79 15 88
79 17 36
79 18 74
79 22 49
79 23 92
79 29 58
79 31 12
79 33 27
79 34 10
79 38 55
79 39 55
79 40 50
79 44 24
79 46 59
79 50 52
79 56 23
79 58 68
79 59 43
79 61 62
79 62 17
79 64 39
79 65 82
79 67 44
79 69 50
79 70 24
79 72 26
79 74 21
79 75 11
79 76 67
79 77 32
80 0 71
80 3 31
80 4 33
80 6 22
80 7 43
80 8 57
80 11 22
80 12 46
80 15 33
80 17 87
80 19 87
80 20 37
80 21 15
80 22 33
80 23 38
80 24 46
80 25 58
80 27 61
80 29 27
80 30 22
80 32 67
80 33 40
80 34 50
80 35 77
80 39 21
80 45 42
80 48 80
80 49 1
80 50 14
80 51 61
80 52 38
80 53 30
80 54 58
80 59 90
80 60 64
80 63 26
80 64 41
80 67 29
80 68 53
80 69 94
80 70 39
81 3 44
81 6 36
81 10 89
81 11 38
81 12 58
81 13 18
81 14 32
81 16 19
81 17 85
81 19 86
81 21 73
81 28 75
81 29 36
81 30 77
81 31 61
81 32 36
81 33 63
81 34 54
81 35 94
81 36 75
81 39 39
81 40 89
81 41 33
81 42 63
81 43 102
81 50 44
81 52 83
81 53 52
81 54 79
81 55 102
81 56 62
81 57 78
81 58 98
81 59 92
81 64 18
81 65 113
81 67 70
81 70 32
81 71 27
81 73 98
81 74 70
81 75 60
81 76 96
81 78 94
81 79 49
82 0 53
82 1 55
82 3 14
82 4 20
82 6 12
82 7 22
82 9 29
82 10 58
82 13 50
82 15 37
82 17 90
82 19 91
82 21 38
82 22 52
82 23 38
82 24 35
82 25 77
82 30 45
82 31 62
82 32 57
82 33 49
82 35 88
82 37 47
82 43 83
82 44 80
82 48 83
82 51 76
82 52 58
82 53 19
82 54 69
82 56 53
82 57 50
82 61 9
82 62 49
82 65 85
82 66 91
82 67 47
82 70 31
82 72 32
82 73 90
82 75 63
82 78 88
82 80 23
82 81 38
83 1 92
83 3 36
83 6 45
83 8 81
83 10 46
83 11 46
83 12 72
83 15 14
83 16 59
83 19 113
83 24 71
83 29 40
83 30 34
83 31 86
83 32 92
83 33 65
83 34 76
83 36 21
83 37 64
83 38 32
83 39 37
83 40 74
83 41 62
83 42 14
83 44 105
83 53 29
83 55 47
83 56 71
83 57 45
83 58 62
83 60 89
83 64 62
83 68 79
83 70 64
83 71 51
83 72 67
83 73 101
83 75 88
84 5 14
84 6 69
84 10 78
84 11 66
84 12 33
84 18 78
84 19 9
84 22 60
84 29 85
84 32 43
84 37 40
84 38 73
84 39 81
84 42 100
84 44 6
84 47 65
84 50 77
84 52 64
84 54 32
84 56 34
84 57 69
84 59 16
84 60 34
84 62 42
84 65 83
84 66 29
84 68 32
84 70 52
84 71 86
84 72 53
84 73 33
84 74 18
84 75 18
84 77 60
84 79 27
84 80 79
84 82 82
85 1 65
85 2 52
85 3 31
85 5 61
85 7 41
85 9 23
85 10 37
85 11 18
85 12 42
85 13 63
85 14 29
85 15 36
85 17 83
85 18 56
85 19 84
85 20 37
85 21 17
85 23 41
85 24 42
85 27 57
85 28 23
85 30 23
85 32 63
85 34 47
85 36 19
85 40 53
85 42 25
85 43 64
85 44 76
85 45 43
85 46 14
85 48 76
85 49 3
85 50 12
85 51 59
85 54 55
85 56 42
85 58 50
85 61 20
85 62 55
85 65 64
85 68 49
85 69 91
85 73 76
85 74 59
85 76 48
85 77 31
85 79 53
85 80 4
85 83 30
85 84 76
86 1 62
86 3 92
86 4 61
86 5 13
86 6 65
86 8 60
86 13 70
86 14 82
86 19 19
86 20 48
86 22 46
86 23 109
86 24 54
86 26 82
86 27 45
86 28 61
86 31 19
86 34 27
86 35 14
86 37 31
86 39 76
86 41 51
86 42 93
86 45 66
86 46 77
86 47 64
86 48 14
86 49 69
86 50 71
86 51 26
86 53 96
86 55 79
86 56 25
86 57 56
86 58 57
86 59 20
86 60 41
86 61 83
86 64 67
86 65 67
86 67 45
86 71 84
86 73 19
86 76 57
86 77 58
86 79 31
86 80 71
86 83 95
86 85 68
87 0 52
87 1 51
87 3 25
87 4 15
87 5 57
87 8 40
87 10 50
87 11 5
87 14 18
87 16 21
87 17 79
87 18 68
87 19 80
87 20 46
87 22 41
87 23 46
87 26 59
87 27 45
87 28 36
87 31 51
87 34 41
87 35 76
87 37 35
87 38 25
87 39 10
87 43 72
87 44 70
87 51 64
87 52 48
87 53 29
87 54 57
87 58 61
87 59 84
87 64 22
87 65 76
87 67 36
87 69 90
87 71 23
87 73 78
87 74 56
87 75 53
87 79 46
87 80 18
87 81 40
87 82 11
87 85 15
88 3 89
88 6 63
88 7 68
88 8 42
88 10 82
88 11 61
88 13 50
88 14 77
88 15 109
88 16 61
88 17 22
88 18 86
88 20 68
88 21 82
88 23 112
88 27 27
88 30 81
88 32 29
88 36 88
88 40 59
88 41 45
88 43 69
88 45 86
88 47 58
88 48 17
88 50 72
88 53 95
88 54 41
88 55 99
88 56 37
88 57 73
88 60 22
88 61 83
88 63 64
88 64 58
88 66 43
88 67 61
88 68 25
88 70 44
88 71 77
88 72 45
88 76 79
88 77 52
88 79 20
88 81 64
88 82 76
88 83 104
88 84 14
88 85 74
88 86 28
89 2 73
89 3 9
89 4 36
89 6 26
89 8 59
89 9 17
89 14 18
89 16 36
89 17 104
89 21 37
89 24 51
89 26 72
89 27 68
89 28 47
89 31 75
89 32 72
89 35 99
89 36 35
89 39 15
89 40 78
89 41 45
89 43 89
89 46 12
89 48 97
89 49 25
89 50 18
89 53 6
89 54 79
89 55 66
89 57 53
89 59 108
89 62 65
89 67 53
89 68 65
89 69 113
89 71 24
89 72 47
89 74 80
89 75 77
89 78 99
89 80 24
89 81 51
89 82 15
89 83 27
89 85 25
89 86 90
89 88 90
90 1 57
90 2 53
90 4 24
90 5 51
90 6 16
90 7 39
90 9 33
90 10 36
90 11 14
90 12 32
90 14 32
90 16 33
90 18 54
90 19 74
90 20 32
90 23 51
90 24 35
90 25 52
90 26 69
90 27 48
90 28 23
90 30 25
90 31 46
90 33 27
90 34 36
90 35 66
90 37 26
90 38 13
90 41 25
90 45 43
90 46 21
90 48 66
90 52 33
90 54 46
90 59 77
90 60 51
90 61 26
90 68 39
90 69 81
90 72 31
90 78 66
90 84 65
90 85 10
90 86 58
90 88 63
91 0 78
91 1 68
91 2 42
91 4 48
91 8 60
91 13 72
91 14 63
91 18 35
91 19 52
91 25 22
91 26 85
91 27 52
91 29 61
91 32 60
91 35 36
91 46 53
91 48 46
91 49 41
91 50 48
91 51 19
91 52 17
91 53 71
91 54 17
91 56 16
91 58 28
91 61 59
91 63 50
91 66 39
91 68 38
91 73 36
91 77 47
91 80 42
91 83 65
91 84 47
91 88 52
91 89 65
91 90 32
92 3 48
92 4 23
92 5 56
92 6 34
92 7 19
92 8 10
92 9 68
92 18 98
92 19 74
92 20 75
92 21 69
92 22 69
92 23 77
92 32 24
92 34 43
92 40 80
92 43 93
92 44 60
92 46 48
92 47 21
92 48 67
92 49 55
92 51 80
92 52 76
92 54 69
92 56 52
92 57 72
92 59 81
92 62 22
92 66 86
92 70 23
92 71 32
92 72 18
92 75 49
92 80 56
92 86 69
92 88 53
92 89 54
93 0 81
93 2 72
93 4 49
93 5 92
93 8 73
93 10 59
93 11 41
93 15 8
93 16 50
93 18 80
93 20 65
93 23 9
93 24 64
93 26 86
93 27 81
93 29 29
93 34 77
93 36 34
93 37 67
93 38 40
93 39 28
93 40 84
93 42 6
93 43 93
93 44 106
93 47 48
93 48 107
93 51 91
93 53 13
93 57 55
93 60 85
93 62 78
93 64 53
93 65 87
93 68 77
93 70 59
93 72 61
93 73 108
93 74 90
93 75 88
93 76 73
93 79 82
93 80 29
93 82 29
93 83 17
93 87 36
93 89 14
93 91 72
93 92 68
94 0 76
94 2 47
94 3 72
94 8 59
94 13 70
94 14 65
94 15 79
94 17 46
94 19 47
94 21 43
94 22 18
94 23 84
94 30 38
94 31 28
94 32 57
94 33 11
94 34 26
94 35 31
94 38 36
94 40 15
94 41 41
94 51 17
94 52 22
94 53 74
94 54 12
94 59 48
94 60 48
94 61 62
94 62 50
94 63 51
94 64 57
94 65 46
94 68 35
94 71 69
94 72 47
94 73 32
94 74 24
94 82 59
94 84 42
94 87 47
94 88 47
94 92 65
94 93 75
95 0 102
95 1 99
95 3 56
95 5 84
95 6 53
95 7 75
95 8 88
95 11 53
95 12 66
95 13 97
95 14 60
95 15 40
95 17 103
95 18 42
95 22 38
95 23 46
95 25 56
95 27 88
95 29 57
95 30 19
95 32 95
95 34 73
95 36 15
95 37 58
95 38 27
95 41 66
95 43 62
95 44 99
95 45 27
95 48 97
95 54 69
95 55 21
95 56 63
95 59 105
95 60 91
95 66 90
95 67 40
95 68 78
95 70 68
95 72 72
95 74 79
95 77 66
95 78 88
95 80 31
95 81 90
95 84 98
95 85 34
95 87 49
95 89 47
95 92 87
95 94 57
96 2 70
96 5 19
96 6 36
96 7 48
96 8 33
96 11 33
96 13 45
96 14 53
96 15 80
96 16 40
96 18 64
96 19 41
96 21 53
96 24 26
96 25 50
96 27 23
96 28 47
96 29 53
96 30 52
96 32 31
96 33 16
96 36 58
96 37 14
96 38 44
96 39 48
96 40 41
96 42 68
96 43 53
96 44 31
96 45 60
96 46 51
96 47 34
96 50 44
96 52 44
96 53 68
96 54 27
96 55 72
96 59 46
96 62 24
96 65 71
96 66 45
96 67 33
96 68 9
96 71 55
96 73 46
96 75 14
96 79 11
96 82 49
96 84 32
96 85 44
96 87 38
96 88 29
96 89 63
96 92 41
96 93 74
96 95 71
97 0 53
97 1 57
97 10 68
97 12 61
97 15 37
97 17 99
97 18 88
97 19 100
97 20 68
97 21 47
97 23 37
97 24 41
97 25 88
97 27 58
97 30 55
97 35 98
97 36 47
97 37 57
97 40 82
97 42 28
97 43 94
97 44 88
97 48 92
97 49 33
97 50 20
97 51 87
97 52 69
97 54 79
97 55 78
97 59 105
97 60 63
97 62 55
97 67 58
97 69 110
97 73 101
97 74 77
97 78 98
97 79 63
97 80 32
97 82 11
97 83 42
97 85 31
97 86 87
97 87 22
97 88 83
97 89 15
97 92 40
97 95 61
97 96 58
98 0 47
98 3 38
98 4 11
98 5 44
98 7 29
98 11 8
98 14 28
98 15 56
98 16 21
98 18 65
98 19 67
98 26 54
98 32 40
98 34 28
98 35 64
98 38 29
98 39 23
98 40 52
98 42 44
98 48 59
98 49 26
98 51 55
98 53 43
98 55 64
98 56 29
98 57 39
98 58 58
98 60 37
98 63 13
98 64 21
98 67 31
98 69 77
98 70 12
98 71 31
98 72 16
98 77 11
98 79 32
98 82 24
98 83 52
98 85 23
98 87 13
98 88 53
98 90 15
98 91 37
98 95 56
98 96 25
98 97 34
99 1 66
99 4 40
99 8 57
99 9 49
99 15 63
99 17 61
99 18 37
99 22 8
99 23 68
99 25 31
99 29 51
99 30 23
99 33 15
99 34 31
99 35 48
99 40 25
99 42 53
99 44 57
99 48 55
99 51 31
99 53 59
99 55 42
99 56 21
99 61 47
99 63 40
99 67 3
99 69 65
99 71 58
99 72 42
99 74 37
99 75 41
99 78 48
99 80 30
99 81 68
99 82 46
99 83 53
99 84 55
99 85 28
99 86 43
99 87 35
99 88 58
99 91 12
99 93 59
99 97 57
