100 3465
-1
72 11 79
6 85 97
9 17 85
29 65 70
11 20 81
65 33 73
29 79 90
77 80 75
41 89 78
80 7 79
0 51 70
40 81 89
80 4 77
43 33 82
25 80 85
71 22 70
33 1 86
53 94 71
86 90 89
90 32 71
38 14 78
72 89 88
94 51 74
89 19 89
39 96 88
84 100 88
25 91 74
54 10 76
90 50 94
69 28 79
84 16 73
68 3 70
30 4 70
58 62 73
42 84 74
54 67 97
31 13 74
55 42 89
49 23 93
96 99 99
14 94 94
31 17 88
39 31 70
80 54 86
8 23 95
73 14 81
62 60 95
16 99 94
14 48 90
69 77 75
74 68 80
45 94 99
99 90 96
99 40 85
55 59 98
71 48 86
61 57 70
68 63 80
62 89 81
82 93 94
0 45 93
2 96 97
89 57 90
8 6 95
3 37 96
90 35 98
72 17 77
2 6 99
20 27 82
28 99 100
76 33 100
64 32 100
28 73 73
61 97 97
40 78 70
54 15 85
1 41 92
78 64 72
43 50 95
84 88 73
62 5 90
68 69 87
96 93 81
48 41 96
85 63 77
17 17 71
4 75 94
21 31 74
69 57 97
78 75 82
0 31 74
39 39 75
60 29 73
72 25 75
73 75 88
61 93 94
45 28 100
27 20 97
64 25 73
21 86 72
-1
1 0 99
2 0 63
2 1 68
3 0 69
3 1 30
3 2 52
4 0 61
4 1 65
4 3 48
5 0 23
5 2 58
5 3 48
5 4 55
6 1 23
6 2 65
6 3 14
6 5 58
7 0 69
7 1 71
7 2 92
7 4 89
7 5 48
7 6 48
8 0 83
8 3 26
8 4 75
8 6 15
8 7 37
9 0 8
9 1 107
9 2 71
9 3 77
9 6 88
9 7 73
10 0 82
10 1 34
10 3 32
10 5 67
10 6 40
10 7 82
10 9 91
11 0 76
11 2 71
11 3 19
11 4 67
11 5 54
11 7 37
11 8 8
11 9 84
12 0 10
12 1 109
12 2 72
12 3 79
12 4 70
12 5 32
12 11 86
13 0 36
13 1 63
13 3 34
13 4 34
13 6 48
13 8 56
13 10 46
13 12 47
14 0 83
14 1 19
14 2 65
14 3 15
14 5 61
14 6 4
14 7 52
14 8 18
15 0 11
15 1 90
15 3 60
15 4 60
15 5 12
15 6 70
15 7 58
15 8 73
15 9 17
15 10 76
15 11 66
15 12 20
15 13 30
15 14 74
16 0 40
16 1 88
16 2 28
16 4 29
16 6 78
16 7 90
16 9 47
16 10 59
16 11 80
16 12 47
16 13 33
16 14 79
16 15 43
17 0 85
17 1 47
17 2 88
17 3 37
17 4 85
17 5 62
17 6 28
17 7 27
17 8 13
17 9 91
17 11 18
17 13 61
17 14 31
17 15 74
17 16 95
18 0 80
18 1 80
18 2 106
18 3 62
18 8 45
18 9 83
18 10 94
18 11 46
18 12 86
18 13 71
18 14 61
18 15 69
18 17 33
19 0 27
19 1 99
19 2 82
19 4 79
19 5 25
19 6 77
19 7 49
19 8 75
19 11 70
19 12 29
19 13 47
19 14 80
19 15 21
19 16 64
20 2 29
20 4 27
20 6 65
20 7 76
20 8 75
20 10 53
20 11 67
20 12 43
20 13 19
20 14 67
20 15 33
20 16 13
20 17 81
20 18 89
20 19 55
21 0 78
21 2 95
21 3 49
21 4 92
21 5 56
21 7 10
21 8 31
21 9 82
21 10 81
21 13 63
21 14 47
21 15 67
21 18 14
21 19 59
21 20 82
22 0 45
22 1 94
22 2 91
22 4 88
22 9 46
22 11 61
22 13 54
22 15 37
22 17 59
22 18 39
22 19 19
22 21 43
23 0 18
23 3 75
23 4 78
23 5 27
23 6 84
23 7 62
23 9 15
23 10 94
23 11 79
23 12 17
23 13 48
23 14 88
23 15 18
23 16 58
23 18 71
23 20 51
23 21 72
23 22 32
24 1 34
24 3 32
24 4 80
24 5 68
24 7 41
24 8 7
24 9 97
24 10 59
24 11 15
24 12 100
24 15 80
24 16 95
24 17 14
24 20 82
24 21 33
24 22 71
24 23 91
25 0 89
25 1 79
25 2 111
25 3 65
25 5 69
25 6 58
25 7 21
25 8 44
25 9 93
25 11 47
25 12 96
25 14 62
25 16 111
25 17 31
25 18 10
25 20 97
25 22 50
25 23 81
26 0 92
26 1 19
26 3 26
26 4 72
26 5 70
26 7 53
26 8 16
26 9 100
26 10 47
26 11 18
26 12 102
26 13 60
26 15 82
26 17 28
26 18 61
26 20 78
26 21 47
26 22 79
26 23 96
26 24 14
27 0 18
27 1 89
27 4 44
27 5 25
27 6 73
27 8 80
27 9 26
27 12 26
27 13 25
27 14 75
27 15 20
27 16 22
27 17 84
27 18 86
27 19 42
27 20 16
27 21 81
27 22 57
27 23 36
27 25 94
27 26 86
28 0 42
28 1 91
28 2 87
28 5 30
28 6 67
28 7 32
28 9 44
28 11 58
28 12 47
28 13 49
28 14 71
28 16 75
28 17 57
28 18 40
28 20 63
28 21 42
28 23 31
28 24 68
28 26 76
29 0 17
29 3 54
29 4 58
29 8 67
29 10 72
29 13 26
29 15 6
29 16 45
29 17 67
29 18 64
29 19 21
29 20 34
29 22 33
29 23 21
29 24 74
29 27 23
29 28 30
30 2 75
30 3 73
30 5 25
30 6 83
30 7 64
30 9 9
30 10 91
30 11 78
30 13 44
30 14 87
30 17 83
30 19 17
30 20 46
30 21 73
30 23 5
30 24 91
30 25 84
30 27 30
30 28 34
30 29 19
31 1 102
31 2 60
31 4 59
31 6 85
31 7 77
31 8 90
31 9 12
31 10 83
31 11 82
31 12 12
31 15 19
31 16 35
31 17 92
31 19 36
31 20 31
31 21 86
31 22 54
31 23 26
31 28 51
31 29 25
32 1 84
32 5 45
32 6 75
32 9 50
32 10 55
32 11 77
32 12 50
32 15 44
32 16 4
32 17 92
32 18 102
32 20 12
32 21 94
32 22 79
32 23 60
32 25 110
32 26 87
32 28 75
32 29 45
32 31 38
33 0 52
33 1 56
33 4 63
33 6 33
33 7 26
33 8 31
33 10 59
33 12 62
33 13 32
33 14 37
33 15 42
33 17 32
33 19 43
33 20 52
33 21 30
33 22 37
33 23 53
33 25 46
33 26 43
33 27 52
33 28 34
33 29 35
33 31 59
33 32 64
34 1 36
34 5 55
34 6 13
34 8 5
34 10 53
34 11 3
34 12 88
34 13 51
34 16 83
34 17 14
34 18 44
34 19 70
34 20 70
34 21 30
34 23 80
34 24 12
34 25 44
34 26 18
34 27 74
34 28 58
34 30 79
34 31 85
34 33 27
35 0 58
35 1 51
35 2 67
35 4 63
35 5 35
35 6 27
35 8 25
35 10 56
35 11 19
35 12 68
35 13 35
35 14 31
35 17 27
35 18 39
35 22 43
35 25 44
35 26 37
35 27 57
35 28 39
35 32 67
35 33 6
35 34 20
36 0 41
36 1 76
36 3 52
36 5 39
36 6 66
36 8 76
36 9 49
36 11 68
36 14 67
36 16 12
36 17 83
36 19 61
36 20 7
36 24 83
36 28 69
36 29 40
36 30 53
36 31 38
36 32 9
36 33 55
36 34 71
36 35 58
37 1 65
37 2 52
37 3 34
37 4 49
37 5 13
37 7 43
37 8 49
37 11 41
37 13 15
37 14 48
37 15 25
37 17 52
37 18 57
37 19 36
37 20 32
37 24 56
37 25 64
37 26 57
37 27 32
37 31 41
37 32 45
37 33 20
37 34 43
37 35 25
38 0 25
38 1 75
38 4 38
38 6 59
38 7 63
38 8 66
38 9 34
38 11 58
38 12 36
38 13 11
38 14 61
38 15 22
38 17 71
38 18 76
38 19 41
38 21 69
38 22 53
38 24 73
38 26 72
38 27 13
38 28 49
38 31 27
38 32 26
38 33 40
38 34 61
38 35 44
38 36 20
39 0 91
39 1 91
39 2 119
39 5 72
39 6 69
39 7 26
39 8 55
39 10 107
39 12 96
39 13 84
39 14 73
39 16 116
39 17 43
39 21 26
39 22 48
39 23 80
39 24 57
39 25 12
39 27 98
39 30 83
39 31 100
39 32 115
39 33 53
39 34 56
39 35 52
39 36 107
39 37 70
40 0 101
40 1 12
40 3 32
40 4 74
40 9 109
40 10 45
40 13 67
40 14 17
40 15 91
40 17 39
40 18 72
40 22 90
40 23 106
40 25 70
40 26 11
40 28 87
40 30 104
40 32 91
40 33 54
40 34 29
40 36 82
40 37 66
40 39 82
41 1 72
41 2 22
41 3 48
41 5 37
41 6 62
41 7 78
41 8 72
41 9 50
41 11 64
41 13 20
41 14 63
41 17 80
41 18 91
41 19 60
41 20 7
41 23 58
41 24 79
41 27 24
41 29 39
41 31 39
41 32 13
41 34 67
41 35 55
41 37 34
41 38 18
41 39 104
41 40 78
42 0 38
42 3 35
42 4 30
42 5 26
42 6 49
42 8 58
42 9 47
42 11 50
42 12 49
42 13 4
42 15 33
42 17 64
42 19 51
42 20 17
42 21 66
42 22 58
42 23 51
42 24 65
42 26 61
42 28 54
42 29 30
42 30 47
42 31 40
42 32 28
42 33 36
42 38 12
42 39 88
42 40 67
42 41 16
43 0 43
43 1 80
43 2 80
43 3 52
43 4 76
43 6 56
43 7 26
43 8 52
43 9 47
43 10 80
43 11 48
43 15 33
43 16 70
43 17 48
43 19 24
43 20 58
43 21 35
43 22 14
43 23 36
43 24 58
43 25 46
43 26 66
43 32 70
43 35 29
43 36 63
43 38 43
43 40 77
43 41 61
43 42 47
44 0 65
44 1 62
44 2 6
44 9 73
44 10 29
44 11 66
44 12 74
44 14 59
44 15 63
44 16 33
44 18 102
44 19 82
44 21 91
44 22 90
44 23 81
44 24 79
44 25 108
44 26 70
44 28 86
44 29 61
44 30 76
44 31 63
44 32 29
44 33 63
44 34 69
44 36 25
44 38 41
44 39 116
44 40 71
44 41 23
44 42 32
45 1 97
45 2 64
45 5 20
45 8 81
45 9 9
45 10 81
45 11 74
45 12 12
45 13 35
45 14 81
45 15 8
45 16 42
45 18 77
45 19 24
45 22 42
45 23 16
45 24 88
45 25 86
45 26 90
45 28 39
45 30 11
45 31 12
45 32 44
45 33 50
45 34 76
45 35 56
45 36 42
45 38 25
45 41 42
45 42 38
45 43 40
45 44 65
46 0 50
46 1 61
46 3 33
46 4 64
46 5 27
46 6 38
46 7 25
46 9 55
46 10 62
46 11 30
46 13 33
46 14 42
46 17 35
46 18 38
46 19 39
46 20 51
46 21 30
46 22 33
46 23 49
46 26 48
46 27 50
46 28 29
46 29 32
46 33 4
46 34 31
46 35 10
46 36 56
46 37 19
46 38 39
46 40 58
46 41 53
46 42 37
46 44 65
47 0 104
47 1 17
47 2 82
47 5 82
47 6 23
47 8 26
47 9 112
47 10 50
47 12 114
47 13 71
47 14 21
47 15 94
47 19 99
47 20 87
47 21 56
47 22 91
47 23 108
47 24 23
47 26 12
47 27 96
47 28 88
47 29 88
47 30 107
47 31 109
47 33 55
47 34 30
47 36 87
47 37 69
47 38 82
47 39 80
47 43 78
47 44 76
48 0 68
48 1 37
48 2 31
48 4 28
48 6 34
48 7 70
48 8 49
48 9 77
48 10 14
48 11 42
48 12 79
48 13 32
48 16 50
48 19 77
48 23 80
48 25 87
48 26 44
48 27 55
48 28 76
48 29 58
48 31 70
48 33 46
48 34 45
48 35 44
48 36 38
48 39 96
48 40 46
48 41 35
48 43 66
48 44 25
48 47 51
49 0 66
49 1 63
49 2 84
49 3 41
49 4 81
49 5 44
49 6 40
49 8 30
49 9 70
49 11 29
49 12 73
49 13 51
49 14 44
49 15 55
49 16 84
49 18 21
49 19 49
49 20 70
49 21 12
49 22 36
49 23 61
49 24 35
49 25 27
49 27 68
49 28 34
49 29 49
49 30 62
49 31 74
49 33 18
49 34 27
49 35 18
49 36 74
49 37 37
49 38 57
49 39 34
49 40 57
49 43 25
49 44 81
49 45 63
49 47 57
49 48 62
50 0 57
50 1 70
50 3 45
50 4 79
50 5 36
50 6 46
50 7 12
50 9 61
50 10 75
50 12 64
50 14 50
50 16 78
50 17 33
50 18 25
50 19 39
50 20 64
50 22 26
50 24 44
50 25 33
50 26 54
50 28 24
50 32 77
50 33 17
50 34 35
50 38 51
50 39 38
50 40 65
50 41 66
50 42 50
50 43 15
50 44 79
50 45 54
50 46 14
50 47 65
50 49 10
51 1 40
51 2 85
51 3 33
51 4 81
51 6 21
51 7 34
51 8 6
51 9 93
51 10 62
51 13 61
51 15 76
51 16 93
51 17 8
51 18 41
51 19 76
51 20 80
51 21 27
51 22 65
51 24 6
51 25 39
51 26 20
51 28 62
51 29 70
51 30 87
51 31 93
51 32 91
51 33 34
51 34 10
51 36 82
51 37 52
51 39 51
51 40 31
51 41 78
51 42 63
51 43 53
51 44 80
51 45 84
51 46 38
51 48 55
51 49 29
52 0 83
52 2 115
52 5 66
52 6 70
52 7 24
52 9 85
52 11 59
52 13 79
52 14 74
52 15 73
52 17 46
52 18 13
52 19 58
52 21 27
52 24 60
52 25 18
52 26 74
52 27 91
52 28 41
52 30 75
52 33 49
52 34 57
52 35 50
52 36 102
52 37 65
52 38 83
52 40 85
52 41 99
52 42 84
52 43 40
52 44 113
52 46 47
52 48 94
52 49 32
52 50 33
52 51 54
53 1 103
53 3 74
53 4 90
53 5 34
53 6 80
53 7 45
53 9 38
53 10 99
53 13 56
53 14 84
53 15 33
53 16 76
53 17 70
53 19 12
53 20 66
53 21 55
53 23 23
53 24 82
53 25 61
53 26 89
53 27 54
53 28 13
53 29 32
53 30 28
53 31 48
53 32 77
53 33 46
53 34 72
53 35 52
53 36 73
53 37 44
53 39 59
53 41 71
53 42 60
53 43 23
53 44 92
53 45 36
53 46 42
53 47 101
53 49 47
53 50 37
53 51 76
53 52 50
54 1 55
54 3 26
54 4 58
54 7 30
54 8 33
54 9 57
54 11 26
54 12 60
54 14 36
54 18 43
54 19 44
54 20 48
54 21 34
54 22 39
54 24 40
54 25 50
54 28 36
54 29 34
54 30 51
54 31 57
54 32 60
54 33 4
54 39 57
54 40 53
54 42 32
54 43 25
54 44 59
54 45 48
54 46 7
54 49 22
54 50 21
54 52 53
54 53 47
55 0 37
55 1 74
55 4 66
55 5 16
55 6 52
55 8 50
55 9 41
55 11 45
55 12 44
55 14 56
55 15 26
55 16 60
55 19 24
55 20 47
55 21 41
55 22 23
55 23 34
55 24 57
55 25 53
55 26 62
55 27 41
55 28 19
55 29 20
55 30 34
55 31 45
55 32 60
55 33 19
55 34 46
55 35 25
55 36 53
55 37 17
55 38 33
55 42 36
55 43 10
55 45 34
55 46 15
55 47 75
55 49 29
55 50 20
55 51 52
56 0 47
56 1 61
56 2 65
56 3 32
56 4 62
56 5 24
56 6 38
56 7 28
56 8 37
56 10 61
56 12 56
56 13 30
56 15 36
56 19 38
56 20 48
56 22 33
56 23 47
56 24 44
56 26 49
56 28 29
56 30 47
56 31 54
56 32 61
56 33 5
56 35 12
56 36 53
56 37 16
56 38 36
56 40 59
56 43 19
56 45 44
56 46 3
56 47 61
56 48 47
56 49 21
56 53 41
56 54 6
56 55 13
57 0 52
57 1 65
57 3 39
57 4 71
57 5 30
57 6 42
57 8 37
57 10 69
57 11 33
57 12 60
57 13 39
57 14 46
57 17 34
57 19 38
57 21 26
57 22 28
57 23 48
57 25 40
57 26 51
57 27 54
57 28 25
57 29 35
57 33 10
57 34 33
57 35 14
57 37 24
57 38 44
57 41 59
57 42 43
57 44 72
57 45 49
57 46 6
57 47 63
57 48 56
57 49 14
57 50 7
57 52 41
57 53 38
57 55 15
57 56 9
58 0 78
58 1 56
58 2 89
58 3 40
58 4 85
58 9 83
58 10 72
58 13 59
58 15 67
58 17 10
58 18 24
58 19 63
58 21 10
58 22 49
58 23 75
58 24 24
58 25 24
58 26 37
58 27 79
58 28 48
58 29 61
58 31 86
58 33 27
58 34 20
58 35 23
58 36 82
58 37 47
58 38 67
58 39 35
58 40 48
58 41 78
58 42 62
58 43 39
58 44 85
58 45 75
58 46 29
58 47 47
58 48 63
58 49 13
58 51 17
58 53 61
58 54 30
58 56 32
58 57 26
59 1 76
59 2 105
59 6 54
59 8 41
59 9 86
59 10 92
59 11 43
59 12 89
59 14 58
59 16 104
59 17 29
59 19 61
59 20 90
59 22 43
59 23 74
59 26 57
59 27 87
59 29 66
59 31 91
59 33 39
59 35 38
59 36 94
59 38 77
59 39 15
59 40 68
59 41 91
59 42 75
59 43 39
59 44 101
59 45 79
59 48 81
59 49 20
59 50 26
59 51 37
59 53 55
59 54 43
59 55 46
59 56 41
60 0 79
60 1 40
60 2 29
60 3 35
60 4 27
60 7 84
60 9 88
60 11 53
60 13 44
60 14 43
60 16 55
60 17 72
60 19 90
60 21 84
60 22 94
60 24 64
60 26 52
60 27 64
60 28 90
60 31 79
60 35 58
60 37 55
60 38 53
60 40 50
60 41 41
60 42 41
60 43 80
60 46 63
60 47 56
60 48 14
60 49 76
60 51 66
60 52 108
60 53 99
60 54 56
60 55 71
60 56 62
60 57 70
60 58 76
60 59 95
61 1 11
61 2 79
61 3 41
61 4 76
61 5 89
61 6 31
61 7 76
61 9 118
61 10 45
61 12 120
61 14 28
61 15 101
61 18 84
61 19 108
61 22 102
61 25 82
61 26 23
61 27 100
61 28 99
61 29 95
61 30 114
61 31 114
61 33 65
61 34 41
61 35 59
61 38 86
61 39 94
61 40 12
61 41 84
61 42 74
61 43 88
61 44 73
61 45 108
61 46 69
61 47 14
61 48 49
61 49 69
61 51 43
61 52 97
61 53 112
61 55 84
61 56 70
61 57 73
61 58 60
61 59 80
62 3 60
62 4 86
62 8 57
62 9 50
62 10 89
62 11 54
62 12 53
62 14 68
62 16 79
62 17 51
62 18 33
62 20 66
62 21 36
62 22 7
62 24 63
62 28 7
62 29 35
62 32 79
62 33 31
62 34 54
62 35 36
62 37 37
62 38 52
62 40 83
62 41 70
62 46 27
62 49 28
62 50 18
62 51 57
62 53 19
62 55 20
62 57 21
62 59 36
62 60 89
63 1 79
63 2 11
63 3 62
63 4 14
63 5 63
63 6 75
63 7 101
63 9 72
63 11 81
63 12 72
63 13 44
63 14 75
63 16 25
63 17 98
63 18 114
63 20 31
63 21 104
63 22 97
63 24 95
63 25 120
63 26 86
63 27 46
63 29 64
63 30 76
63 32 22
63 33 75
63 34 85
63 35 76
63 36 24
63 37 59
63 39 128
63 45 65
63 46 76
63 48 42
63 49 93
63 50 90
63 51 95
63 52 123
63 53 97
63 54 70
63 55 75
63 56 73
63 58 99
63 59 114
63 60 39
63 61 90
63 62 95
64 0 73
64 1 48
64 2 20
64 3 38
64 6 49
64 7 85
64 8 64
64 9 82
64 10 14
64 12 83
64 13 40
64 14 48
64 15 69
64 16 46
64 18 98
64 19 87
64 20 41
64 21 86
64 23 87
64 24 69
64 25 102
64 27 57
64 28 87
64 30 83
64 32 42
64 33 60
64 34 61
64 35 59
64 36 36
64 37 52
64 38 48
64 39 111
64 40 58
64 41 34
64 42 36
64 44 14
64 45 73
64 46 63
64 47 63
64 49 77
64 50 77
64 51 70
64 53 96
64 54 56
64 55 68
64 56 61
64 57 70
64 58 78
64 59 96
64 60 8
64 62 88
64 63 31
65 1 97
65 2 82
65 3 67
65 4 80
65 5 25
65 8 72
65 10 91
65 11 67
65 12 32
65 14 79
65 16 66
65 17 69
65 18 55
65 19 3
65 20 56
65 21 56
65 22 16
65 24 79
65 27 43
65 28 15
65 29 22
65 30 19
65 31 38
65 32 67
65 33 41
65 35 48
65 36 62
65 37 35
65 39 64
65 40 96
65 41 61
65 42 51
65 43 21
65 44 82
65 45 27
65 46 37
65 47 97
65 48 77
65 49 46
65 50 36
65 51 74
65 52 55
65 53 10
65 54 42
65 55 23
65 56 36
65 57 35
65 58 60
65 59 58
65 60 90
65 62 22
65 64 87
66 1 94
66 2 63
66 3 64
66 6 75
66 8 78
66 9 12
66 11 71
66 14 78
66 15 5
66 16 42
66 18 74
66 20 34
66 23 17
66 24 85
66 25 83
66 26 87
66 27 19
66 29 11
66 30 12
66 31 14
66 34 73
66 35 53
66 36 41
66 37 30
66 39 85
66 40 96
66 41 41
66 42 35
66 43 37
66 45 3
66 48 65
66 49 60
66 50 51
66 51 81
66 52 77
66 53 35
66 54 45
66 55 31
66 56 41
66 58 72
66 59 76
66 61 105
66 63 64
66 65 25
67 0 70
67 1 79
67 3 64
67 5 68
67 6 77
67 7 105
67 8 91
67 10 45
67 11 84
67 12 78
67 13 49
67 16 31
67 17 101
67 18 118
67 19 91
67 20 36
67 21 108
67 22 102
67 23 87
67 24 97
67 25 124
67 26 88
67 28 98
67 29 70
67 30 82
67 32 28
67 33 79
67 34 87
67 35 80
67 37 64
67 38 49
67 39 132
67 40 88
67 41 31
67 42 44
67 43 91
67 44 18
67 45 71
67 46 80
67 47 94
67 48 43
67 49 97
67 50 95
67 51 97
67 52 128
67 54 74
67 55 80
67 56 77
67 58 102
67 59 118
67 62 100
67 64 31
67 66 70
68 0 54
68 1 59
68 2 14
68 3 39
68 4 11
68 7 77
68 8 65
68 10 31
68 11 57
68 15 51
68 16 29
68 18 91
68 21 80
68 22 77
68 23 69
68 25 97
68 28 73
68 30 64
68 31 53
68 32 25
68 34 61
68 37 38
68 38 29
68 39 104
68 40 67
68 41 14
68 42 19
68 43 65
68 50 67
68 51 71
68 52 101
68 53 80
68 55 55
68 57 60
68 58 74
68 59 90
68 65 70
68 67 27
69 0 98
69 3 34
69 5 75
69 8 16
69 9 105
69 11 21
69 13 67
69 15 88
69 16 98
69 18 58
69 19 91
69 20 85
69 24 11
69 28 79
69 29 81
69 30 100
69 31 104
69 32 95
69 33 47
69 36 86
69 37 63
69 38 78
69 39 68
69 40 14
69 41 82
69 42 68
69 44 78
69 45 96
69 46 51
69 47 12
69 48 52
69 49 46
69 50 55
69 52 71
69 55 66
69 56 53
69 57 53
69 59 54
69 60 60
69 61 26
69 63 95
69 64 66
69 65 89
69 67 96
69 68 72
70 0 22
70 1 87
70 2 68
70 3 56
70 4 66
70 5 11
70 6 65
70 9 26
70 11 60
70 12 29
70 14 69
70 15 12
70 17 65
70 19 14
70 20 42
70 21 56
70 22 25
70 23 19
70 24 73
70 25 67
70 26 77
70 27 31
70 29 8
70 30 18
70 31 31
70 33 34
70 34 61
70 35 40
70 36 49
70 37 22
70 39 68
70 40 86
70 41 47
70 42 37
70 46 30
70 47 89
70 48 63
70 49 44
70 50 35
70 52 61
70 53 24
70 54 33
70 55 15
70 56 28
70 57 31
70 58 57
70 59 60
70 60 76
70 65 14
70 66 16
70 67 78
70 68 56
70 69 81
71 0 22
71 2 57
71 4 54
71 6 58
71 7 49
71 9 29
71 10 66
71 11 54
71 12 32
71 14 61
71 17 62
71 25 70
71 26 70
71 27 24
71 29 6
71 30 25
71 32 44
71 34 56
71 35 36
71 36 38
71 37 13
71 38 17
71 39 74
71 42 25
71 43 27
71 44 56
71 45 20
71 46 28
71 48 52
71 49 45
71 50 37
71 51 64
71 52 67
71 54 28
71 55 17
71 56 25
71 58 57
71 59 63
71 62 35
71 63 61
71 64 61
71 65 26
71 67 67
71 68 44
71 69 76
72 0 76
72 1 25
72 2 59
72 3 8
72 4 55
72 5 54
72 6 6
72 7 49
72 9 84
72 13 42
72 14 7
72 15 66
72 17 32
72 18 60
72 19 74
72 20 59
72 22 69
72 23 81
72 26 18
72 27 68
72 29 60
72 32 69
72 33 31
72 34 17
72 36 60
72 37 41
72 40 25
72 42 43
72 43 55
72 46 36
72 49 41
72 50 46
72 52 73
72 53 78
72 55 49
72 56 36
72 58 37
72 60 39
72 62 63
72 64 43
72 66 71
72 67 71
72 68 46
72 69 26
72 70 62
73 0 86
73 1 56
73 2 95
73 3 45
73 4 91
73 6 36
73 7 23
73 8 21
73 10 76
73 12 94
73 13 66
73 14 39
73 15 75
73 16 100
73 17 8
73 18 25
73 19 71
73 21 13
73 22 56
73 24 22
73 26 36
73 27 87
73 28 55
73 29 69
73 31 94
73 32 98
73 33 35
73 34 23
73 35 30
73 38 74
73 39 35
73 40 47
73 44 91
73 46 37
73 47 45
73 48 67
73 49 21
73 50 31
73 51 16
73 52 38
73 53 68
73 54 38
73 55 50
73 56 40
73 59 21
73 60 80
73 62 48
73 63 105
73 64 83
73 65 68
73 67 108
73 68 81
73 70 65
73 71 65
74 0 74
74 2 68
74 3 17
74 4 64
74 5 51
74 6 11
74 8 11
74 9 81
74 10 48
74 11 3
74 12 84
74 13 45
74 15 64
74 17 20
74 18 47
74 19 67
74 20 64
74 22 60
74 23 76
74 24 18
74 25 49
74 26 19
74 27 69
74 28 57
74 29 57
74 30 76
74 31 80
74 32 74
74 33 24
74 35 17
74 36 65
74 39 59
74 40 30
74 42 47
74 44 63
74 45 72
74 46 28
74 48 39
74 49 29
74 52 60
74 53 70
74 54 24
74 55 43
74 56 29
74 57 31
74 58 24
74 60 51
74 61 42
74 62 53
74 64 55
74 65 65
74 67 81
74 68 54
74 70 57
74 71 51
74 73 28
75 0 18
75 2 45
75 3 55
75 4 43
75 5 21
75 6 68
75 7 68
75 9 27
75 10 64
75 11 67
75 12 28
75 14 71
75 15 18
75 16 25
75 18 81
75 20 16
75 21 76
75 22 53
75 25 90
75 29 19
75 30 30
75 31 18
75 32 26
75 33 47
75 34 70
75 36 23
75 37 27
75 38 9
75 39 93
75 40 88
75 41 23
75 42 21
75 43 46
75 45 19
75 46 45
75 48 51
75 49 63
75 50 56
75 51 79
75 52 87
75 54 44
75 55 37
75 57 50
75 58 74
75 59 82
75 61 96
75 62 54
75 63 46
75 64 55
75 66 18
75 68 36
75 69 87
75 70 28
75 71 19
75 72 63
75 73 82
75 74 64
76 0 77
76 1 44
76 2 25
76 4 23
76 6 47
76 7 85
76 9 86
76 11 55
76 12 87
76 15 72
76 17 74
76 18 98
76 19 89
76 20 45
76 21 85
76 23 90
76 25 101
76 27 61
76 29 69
76 31 77
76 33 60
76 34 59
76 36 41
76 37 54
76 38 51
76 39 111
76 40 54
76 42 39
76 43 80
76 44 19
76 45 76
76 46 63
76 47 59
76 48 14
76 49 76
76 50 77
76 52 109
76 53 98
76 54 56
76 57 70
76 59 96
76 60 4
76 62 89
76 63 35
76 66 74
76 67 35
76 68 23
76 69 63
76 70 75
76 71 63
76 72 41
76 73 82
76 74 53
77 1 75
77 3 49
77 4 80
77 6 51
77 8 44
77 9 57
77 10 79
77 13 46
77 17 39
77 19 34
77 20 64
77 21 25
77 22 20
77 23 46
77 24 50
77 26 59
77 27 59
77 28 18
77 31 61
77 32 76
77 38 50
77 40 70
77 41 66
77 42 51
77 43 10
77 44 81
77 45 50
77 46 16
77 48 65
77 49 15
77 51 44
77 52 33
77 53 31
77 54 23
77 55 17
77 56 18
77 57 10
77 58 29
77 60 80
77 62 13
77 63 90
77 64 79
77 66 47
77 67 95
77 70 31
77 71 34
77 72 50
77 74 40
77 76 80
78 0 48
78 2 47
78 3 20
78 4 43
78 5 27
78 6 32
78 7 45
78 13 17
78 14 34
78 16 50
78 17 45
78 19 50
78 20 36
78 22 51
78 23 55
78 24 46
78 25 64
78 26 44
78 27 41
78 30 53
78 31 53
78 32 47
78 33 19
78 34 34
78 36 38
78 37 14
78 38 27
78 39 72
78 41 35
78 43 37
78 44 44
78 45 46
78 46 21
78 48 29
78 49 37
78 50 35
78 52 68
78 54 15
78 55 28
78 57 28
78 58 43
78 59 58
78 60 43
78 62 46
78 63 56
78 64 42
78 65 49
78 68 32
78 69 51
78 70 37
78 71 27
78 72 27
78 76 42
79 0 77
79 1 78
79 2 103
79 3 59
79 4 99
79 5 58
79 6 55
79 7 10
79 8 43
79 10 91
79 11 44
79 12 84
79 13 68
79 14 59
79 15 67
79 16 100
79 18 2
79 19 56
79 20 87
79 21 12
79 22 38
79 24 45
79 27 83
79 29 61
79 30 72
79 31 86
79 33 36
79 34 42
79 35 36
79 37 54
79 39 16
79 41 88
79 42 72
79 43 34
79 44 100
79 45 74
79 46 35
79 47 68
79 49 18
79 50 22
79 51 39
79 53 50
79 54 41
79 55 42
79 57 29
79 58 22
79 59 5
79 60 94
79 61 82
79 62 31
79 63 111
79 64 95
79 67 115
79 68 88
79 70 55
79 71 59
79 74 45
79 75 78
79 78 55
80 0 11
80 1 97
80 2 54
80 3 68
80 4 53
80 5 28
80 6 81
80 7 76
80 8 86
80 9 18
80 10 77
80 11 79
80 12 18
80 13 33
80 14 83
80 15 19
80 16 29
80 20 25
80 21 84
80 22 56
80 23 30
80 25 97
80 26 93
80 27 9
80 28 53
80 30 24
80 31 6
80 33 57
80 34 81
80 35 62
80 36 32
80 39 99
80 40 101
80 41 33
80 42 34
80 44 56
80 45 14
80 47 104
80 49 72
80 50 64
80 51 90
80 53 50
80 54 54
80 56 52
80 60 73
80 61 109
80 62 58
80 63 54
80 64 67
80 65 41
80 66 15
80 67 60
80 68 47
80 69 99
80 70 31
80 74 76
80 75 12
80 76 70
80 77 61
81 0 58
81 3 39
81 4 75
81 5 36
81 6 40
81 8 33
81 9 63
81 10 70
81 11 30
81 13 43
81 14 44
81 15 47
81 16 76
81 18 27
81 19 43
81 20 62
81 21 20
81 22 31
81 23 54
81 24 39
81 25 34
81 27 60
81 28 29
81 29 41
81 30 55
81 31 66
81 32 75
81 33 12
81 36 67
81 37 29
81 38 49
81 39 41
81 40 59
81 41 63
81 42 47
81 45 55
81 46 10
81 47 60
81 49 8
81 50 6
81 52 37
81 54 16
81 55 21
81 57 6
81 58 20
81 59 27
81 61 71
81 62 24
81 63 87
81 64 72
81 66 52
81 67 91
81 69 50
81 70 36
81 72 40
81 73 28
81 74 29
81 75 55
81 76 72
81 78 31
81 79 24
81 80 64
82 1 90
82 7 23
82 8 55
82 9 87
82 12 90
82 13 80
82 14 72
82 15 75
82 17 43
82 18 10
82 19 61
82 21 24
82 22 42
82 23 74
82 24 57
82 25 13
82 26 71
82 27 93
82 28 43
82 31 94
82 32 110
82 33 49
82 34 54
82 36 103
82 37 65
82 38 84
82 39 6
82 42 84
82 43 42
82 44 112
82 45 82
82 46 47
82 48 93
82 50 33
82 52 4
82 53 53
82 54 53
82 56 50
82 57 41
82 58 34
82 60 107
82 61 94
82 62 36
82 63 123
82 64 108
82 66 79
82 67 128
82 68 100
82 70 63
82 72 70
82 73 35
82 74 57
82 75 88
82 78 68
82 80 94
82 81 36
83 0 38
83 1 60
83 3 30
83 6 42
83 8 48
83 9 46
83 11 40
83 13 9
83 16 42
83 17 53
83 18 62
83 19 42
83 20 28
83 21 53
83 24 55
83 26 55
83 27 31
83 29 24
83 30 43
83 32 41
83 35 26
83 36 32
83 37 7
83 38 18
83 39 75
83 41 29
83 44 43
83 45 36
83 48 34
83 49 41
83 50 37
83 52 70
83 56 20
83 57 29
83 58 50
83 60 48
83 62 44
83 64 45
83 68 31
83 69 61
83 71 18
83 72 37
83 73 57
83 74 37
83 75 26
83 77 37
83 78 10
83 79 59
83 80 38
83 81 34
83 82 70
84 1 82
84 3 56
84 4 85
84 5 36
84 7 18
84 8 51
84 9 56
84 10 85
84 11 48
84 12 59
84 15 43
84 16 80
84 17 44
84 19 31
84 21 29
84 26 66
84 27 61
84 28 13
84 29 38
84 31 62
84 32 80
84 34 47
84 35 31
84 36 73
84 38 53
84 41 70
84 43 10
84 44 86
84 45 50
84 50 12
84 51 50
84 53 26
84 54 30
84 55 20
84 56 24
84 57 17
84 58 34
84 60 86
84 63 95
84 64 86
84 65 28
84 67 100
84 68 74
84 70 31
84 71 37
84 72 57
84 73 41
84 76 86
84 77 7
84 80 62
84 81 18
85 7 87
85 8 75
85 9 63
85 10 38
85 11 68
85 12 64
85 17 85
85 18 100
85 19 74
85 21 90
85 22 84
85 23 72
85 24 82
85 27 37
85 29 53
85 30 67
85 31 52
85 32 18
85 33 60
85 34 71
85 35 62
85 36 14
85 38 32
85 39 113
85 40 77
85 41 14
85 42 26
85 43 73
85 44 10
85 45 56
85 46 62
85 47 82
85 51 81
85 52 109
85 53 85
85 55 62
85 56 59
85 57 68
85 58 84
85 59 100
85 60 32
85 61 80
85 62 82
85 63 14
85 65 75
85 66 55
85 67 18
85 68 10
85 69 82
85 70 61
85 71 49
85 73 91
85 74 65
85 75 37
85 76 28
85 79 97
85 80 46
85 81 72
85 83 39
86 1 10
86 2 58
86 4 55
86 5 74
86 6 25
86 7 73
86 9 101
86 10 24
86 11 36
86 12 104
86 13 57
86 14 21
86 17 52
86 19 96
86 20 69
86 22 93
86 23 101
86 26 26
86 28 89
86 31 96
86 34 39
86 35 50
86 36 67
86 37 60
86 39 95
86 40 21
86 41 63
86 42 56
86 43 78
86 45 92
86 46 59
86 47 26
86 48 28
86 49 65
86 50 70
86 51 45
86 54 53
86 56 59
86 57 65
86 63 69
86 65 94
86 66 89
86 67 69
86 69 33
86 70 83
86 71 73
86 74 36
86 76 34
86 78 46
86 79 81
86 80 90
86 81 64
86 82 93
86 83 55
86 84 81
86 85 59
87 0 54
87 1 56
87 2 18
87 3 34
87 4 14
87 5 44
87 6 48
87 7 74
87 10 29
87 12 64
87 15 50
87 16 32
87 17 70
87 18 87
87 20 24
87 21 77
87 22 75
87 23 69
87 25 93
87 27 39
87 28 71
87 29 48
87 31 54
87 33 48
87 34 57
87 36 20
87 37 35
87 39 101
87 40 63
87 41 17
87 42 18
87 43 63
87 44 15
87 45 54
87 46 50
87 47 68
87 48 18
87 49 66
87 50 64
87 51 67
87 52 97
87 53 78
87 54 44
87 55 52
87 56 47
87 57 56
87 58 71
87 60 25
87 62 72
87 63 28
87 64 18
87 65 69
87 66 52
87 68 4
87 69 68
87 70 55
87 72 42
87 73 77
87 75 36
87 76 22
87 78 29
87 79 84
87 80 48
87 81 60
87 82 97
87 83 28
87 84 71
87 85 14
88 0 46
88 1 68
88 2 72
88 3 40
88 5 24
88 6 45
88 8 42
88 9 51
88 10 69
88 11 37
88 12 54
88 13 35
88 14 49
88 15 35
88 16 66
88 17 40
88 18 37
88 19 32
88 23 42
88 24 49
88 25 45
88 26 55
88 27 49
88 29 29
88 30 43
88 31 54
88 33 12
88 34 38
88 35 18
88 36 58
88 41 55
88 42 39
88 44 69
88 47 67
88 48 55
88 49 20
88 50 12
88 51 44
88 52 44
88 54 14
88 55 9
88 56 8
88 58 32
88 59 38
88 60 70
88 61 77
88 62 20
88 64 68
88 66 40
88 68 57
88 69 58
88 70 25
88 71 25
88 74 35
88 75 44
88 78 26
88 79 34
88 80 52
88 81 12
88 82 45
88 83 26
88 84 17
88 85 65
88 86 67
88 87 54
89 1 72
89 2 90
89 4 86
89 5 43
89 7 5
89 8 39
89 9 68
89 10 81
89 11 38
89 12 71
89 13 54
89 14 53
89 16 86
89 17 31
89 18 17
89 19 44
89 20 72
89 21 15
89 22 28
89 25 25
89 28 27
89 29 47
89 32 85
89 33 23
89 34 37
89 35 25
89 37 40
89 38 59
89 39 30
89 41 74
89 42 58
89 45 61
89 46 21
89 47 66
89 48 69
89 49 9
89 50 8
89 51 38
89 52 25
89 53 40
89 54 28
89 55 27
89 56 24
89 57 15
89 58 21
89 59 18
89 60 83
89 62 21
89 63 98
89 64 84
89 65 41
89 67 102
89 68 75
89 69 55
89 72 50
89 74 38
89 75 64
89 77 11
89 78 43
89 79 14
89 81 11
89 82 25
89 83 45
89 87 72
90 1 54
90 2 16
90 3 44
90 6 56
90 9 83
90 10 20
90 11 64
90 12 84
90 13 43
90 14 55
90 15 71
90 16 44
90 19 90
90 20 41
90 21 92
90 23 89
90 24 75
90 25 108
90 26 65
90 27 57
90 28 91
90 29 69
90 30 85
90 31 73
90 33 65
90 37 56
90 38 49
90 40 64
90 42 39
90 43 83
90 44 11
90 45 74
90 46 68
90 47 69
90 48 22
90 49 82
90 50 82
90 51 77
90 55 73
90 56 66
90 57 75
90 59 102
90 60 14
90 61 65
90 63 26
90 64 6
90 65 90
90 66 73
90 67 25
90 68 20
90 69 73
90 70 76
90 71 64
90 73 89
90 74 61
90 76 10
90 77 84
90 78 47
90 82 114
90 84 90
90 85 22
90 86 44
90 87 21
90 88 73
91 0 43
91 2 37
91 3 27
91 4 33
91 7 55
91 10 40
91 11 42
91 15 36
91 16 38
91 17 56
91 18 69
91 19 51
91 23 53
91 24 57
91 26 53
91 29 31
91 31 46
91 32 36
91 34 45
91 36 27
91 37 16
91 39 82
91 40 60
91 41 23
91 42 8
91 43 43
91 44 34
91 45 42
91 47 64
91 50 45
91 51 55
91 52 78
91 53 60
91 55 33
91 56 28
91 58 55
91 59 69
91 61 67
91 62 53
91 64 36
91 65 51
91 67 49
91 68 22
91 69 61
91 70 37
91 71 25
91 72 35
91 75 28
91 77 46
91 78 11
91 79 66
91 80 41
91 81 41
91 83 9
91 85 31
91 88 34
91 89 53
92 2 52
92 5 6
92 6 58
92 10 63
92 11 55
92 12 32
92 13 17
92 14 61
92 16 38
92 20 26
92 21 61
92 22 40
92 23 30
92 24 70
92 25 74
92 27 19
92 28 36
92 29 9
92 30 27
92 31 27
92 32 39
92 33 33
92 37 13
92 39 78
92 41 31
92 42 21
92 43 32
92 45 19
92 51 66
92 52 72
92 53 40
92 55 21
92 56 28
92 57 34
92 58 60
92 60 62
92 62 40
92 63 56
92 64 57
92 65 30
92 66 16
92 68 40
92 69 76
92 71 5
92 73 68
92 74 52
92 75 15
92 76 60
92 79 63
92 81 40
92 83 16
92 84 42
92 85 44
92 86 72
92 87 39
92 88 29
93 0 14
93 1 89
93 2 63
93 3 58
93 4 61
93 5 10
93 7 55
93 8 71
93 9 19
93 10 76
93 11 64
93 12 22
93 13 30
93 14 72
93 15 3
93 16 45
93 17 71
93 18 66
93 19 19
93 21 64
93 22 34
93 24 78
93 25 75
93 26 81
93 27 23
93 28 30
93 30 15
93 31 22
93 33 39
93 34 66
93 35 45
93 36 42
93 37 24
93 38 23
93 40 90
93 42 33
93 43 30
93 44 64
93 45 11
93 46 36
93 47 92
93 49 52
93 50 43
93 51 74
93 54 38
93 55 23
93 58 64
93 60 74
93 61 99
93 63 66
93 66 8
93 67 72
93 68 52
93 69 86
93 70 8
93 72 65
93 73 72
93 74 61
93 75 20
93 77 39
93 78 38
93 79 64
93 80 22
93 82 72
93 83 28
93 85 55
93 86 84
93 87 51
93 88 32
93 89 50
93 90 72
93 91 35
93 92 12
94 0 64
94 1 67
94 2 86
94 3 45
94 4 82
94 5 42
94 6 44
94 7 6
94 9 68
94 10 76
94 11 33
94 12 71
94 14 48
94 15 53
94 16 84
94 17 27
94 19 46
94 20 70
94 21 14
94 22 31
94 23 58
94 24 39
94 25 27
94 29 47
94 30 60
94 31 72
94 32 83
94 33 19
94 34 32
94 35 20
94 37 37
94 38 57
94 39 33
94 40 61
94 42 55
94 43 22
94 44 83
94 45 61
94 46 18
94 47 61
94 51 33
94 52 30
94 53 43
94 54 24
94 55 27
94 56 21
94 57 13
94 58 17
94 60 78
94 61 74
94 64 79
94 65 43
94 66 58
94 67 99
94 68 71
94 70 42
94 72 45
94 74 33
94 77 12
94 78 39
94 80 70
94 81 7
94 82 29
94 84 16
94 85 80
94 86 69
94 87 68
94 88 18
94 89 5
94 90 85
94 91 49
94 92 47
94 93 50
95 0 82
95 1 55
95 2 92
95 4 88
95 5 60
95 6 34
95 7 20
95 8 20
95 9 88
95 10 74
95 11 24
95 12 91
95 13 62
95 14 38
95 16 96
95 18 25
95 19 67
95 21 11
95 22 53
95 24 22
95 26 36
95 27 83
95 30 80
95 32 94
95 36 85
95 37 51
95 38 71
95 39 35
95 40 47
95 41 81
95 42 65
95 44 87
95 45 79
95 46 33
95 47 45
95 48 65
95 49 17
95 50 28
95 51 16
95 52 38
95 54 34
95 55 46
95 57 30
95 58 4
95 59 21
95 60 77
95 62 45
95 63 101
95 64 80
95 66 76
95 67 105
95 68 77
95 69 33
95 70 61
95 71 61
95 72 38
95 73 4
95 74 25
95 75 78
95 76 79
95 77 33
95 79 23
95 80 88
95 81 25
95 82 35
95 83 53
95 85 87
95 86 59
95 88 36
95 89 24
95 90 86
95 91 58
95 92 64
95 93 68
95 94 21
96 0 31
96 1 69
96 2 37
96 4 34
96 5 20
96 6 53
96 7 61
96 8 61
96 9 40
96 11 53
96 12 42
96 14 55
96 15 26
96 16 29
96 18 74
96 19 45
96 20 15
96 22 54
96 23 44
96 24 68
96 25 81
96 26 66
96 28 50
96 30 40
96 31 33
96 32 28
96 38 6
96 42 6
96 46 36
96 50 49
96 52 82
96 53 55
96 54 32
96 55 32
96 58 63
96 59 74
96 64 42
96 66 29
96 67 48
96 68 25
96 69 73
96 70 31
96 71 19
96 72 48
96 73 70
96 76 45
96 77 48
96 78 22
96 79 71
96 80 28
96 81 47
96 82 82
96 83 13
96 84 53
96 85 30
96 86 62
96 87 24
96 88 37
96 89 57
96 90 45
96 91 12
96 92 15
96 93 27
96 94 54
96 95 66
97 0 45
97 1 68
97 2 18
97 3 45
97 4 16
97 5 40
97 6 59
97 7 78
97 8 70
97 9 54
97 10 41
97 11 62
97 13 20
97 14 60
97 16 19
97 18 91
97 20 12
97 22 73
97 23 62
97 24 76
97 25 98
97 26 71
97 27 28
97 28 69
97 29 42
97 30 57
97 32 16
97 33 52
97 35 54
97 36 8
97 37 35
97 38 22
97 40 75
97 41 5
97 42 16
97 43 62
97 47 79
97 48 30
97 49 70
97 53 74
97 54 48
97 55 52
97 56 50
97 57 59
97 58 77
97 59 91
97 60 36
97 62 72
97 64 29
97 65 64
97 66 45
97 67 28
97 70 50
97 71 38
97 72 53
97 74 59
97 75 27
97 78 34
97 79 88
97 80 38
97 81 63
97 82 100
97 83 29
97 84 72
97 86 59
97 87 12
97 91 22
97 92 34
97 93 45
97 94 71
97 95 80
98 1 83
98 4 53
98 5 8
98 6 64
98 7 56
98 9 24
98 10 69
98 11 60
98 12 26
98 13 22
98 16 39
98 17 69
98 18 68
98 19 26
98 20 28
98 21 64
98 22 39
98 23 25
98 27 18
98 29 5
98 30 21
98 31 22
98 34 62
98 35 43
98 36 35
98 37 19
98 38 15
98 42 25
98 43 33
98 45 14
98 46 35
98 48 55
98 49 52
98 50 44
98 51 71
98 52 73
98 54 35
98 55 24
98 57 38
98 58 64
98 59 70
98 60 67
98 61 94
98 62 40
98 64 62
98 65 27
98 71 7
98 72 60
98 74 58
98 75 14
98 77 41
98 79 66
98 80 20
98 81 44
98 82 75
98 83 22
98 87 43
98 88 32
98 89 51
98 91 28
98 93 8
98 94 50
98 95 68
98 97 37
99 2 70
99 3 22
99 4 66
99 6 10
99 7 56
99 8 20
99 9 98
99 10 40
99 11 19
99 12 101
99 13 57
99 14 7
99 15 81
99 16 85
99 20 73
99 22 80
99 25 64
99 26 6
99 28 77
99 29 75
99 32 82
99 33 44
99 34 21
99 35 38
99 36 73
99 37 55
99 38 68
99 40 10
99 41 69
99 43 67
99 44 64
99 45 88
99 46 48
99 47 13
99 48 38
99 49 48
99 51 25
99 54 43
99 58 41
99 60 46
99 64 52
99 65 85
99 67 82
99 68 59
99 69 14
99 70 76
99 71 69
99 73 41
99 75 78
99 77 61
99 78 42
99 79 63
99 81 49
99 82 75
99 84 68
99 86 20
99 87 55
99 89 58
99 90 58
99 91 50
99 92 69
99 93 79
99 95 40
99 97 66
99 98 74
