100 3465
-1
96 40 75
21 52 87
81 87 139
10 37 81
71 59 123
70 76 81
95 9 101
82 42 102
66 59 86
23 48 121
10 19 102
79 66 136
94 8 117
75 10 92
43 59 77
66 78 125
47 80 103
60 10 114
69 41 79
79 4 118
99 48 137
5 42 110
13 71 80
26 77 88
95 97 123
99 29 101
78 55 122
96 88 84
5 62 135
75 67 136
79 10 127
93 81 141
50 87 94
53 57 93
85 48 116
29 42 121
13 47 105
64 23 95
75 54 92
41 35 81
15 26 129
25 98 77
81 61 93
2 96 123
7 72 75
26 39 96
54 82 100
23 32 127
21 86 116
2 34 118
84 95 136
42 2 102
94 25 124
3 77 76
77 18 109
47 8 126
86 37 114
11 64 105
74 33 104
57 51 98
55 74 124
95 85 141
28 67 138
89 4 126
25 70 129
64 32 72
33 57 115
99 35 96
74 55 86
9 33 103
19 70 84
51 2 115
8 35 97
96 52 129
54 69 120
11 16 109
50 95 93
3 87 128
11 92 96
3 15 128
29 69 106
80 51 82
59 89 106
49 36 134
87 0 80
56 97 127
28 26 85
41 17 133
88 35 128
27 51 85
43 32 116
61 71 82
64 32 127
35 44 104
68 9 116
73 1 74
67 2 120
12 0 133
70 71 100
64 7 107
-1
2 0 49
3 0 86
3 2 86
4 0 31
4 1 50
4 2 29
4 3 64
5 0 44
5 1 54
5 2 15
5 4 17
6 0 31
6 1 85
6 2 79
6 4 55
7 2 45
7 3 72
7 4 20
7 5 36
8 1 45
8 2 31
8 4 5
8 5 17
8 6 57
8 7 23
9 0 73
9 1 4
9 4 49
9 5 54
9 6 81
9 8 44
10 1 34
10 2 98
10 3 18
10 4 72
10 6 85
10 8 68
11 1 59
11 2 21
11 3 74
11 4 10
11 5 13
11 6 59
11 8 14
11 9 58
12 0 32
12 1 85
12 2 80
12 3 88
12 4 55
12 5 72
12 6 1
12 8 58
12 10 84
13 0 36
13 3 70
13 5 66
13 6 20
13 7 32
13 8 49
13 11 56
13 12 19
14 0 56
14 1 23
14 3 39
14 5 31
14 6 72
14 7 42
14 9 22
14 11 36
14 13 58
15 0 48
15 1 51
15 4 19
15 5 4
15 6 74
15 7 39
15 8 19
15 9 52
15 10 81
15 11 17
15 14 29
16 0 63
16 1 38
16 2 34
16 3 56
16 5 23
16 6 85
16 8 28
16 10 71
16 11 34
16 12 85
16 13 75
16 14 21
16 15 19
17 0 46
17 1 57
17 2 79
17 3 56
17 4 50
17 5 66
17 6 35
17 8 49
17 11 59
17 12 34
17 15 68
17 16 71
18 0 27
18 1 49
18 4 18
18 5 35
18 6 41
18 7 13
18 8 18
18 10 62
18 11 26
18 13 31
18 14 31
18 15 37
18 16 44
18 17 32
19 0 39
19 1 75
19 2 83
19 3 76
19 4 55
19 5 72
19 6 16
19 7 38
19 8 56
19 9 71
19 11 62
19 13 7
19 14 65
19 15 75
19 16 82
20 2 42
20 4 30
20 5 40
20 7 18
20 13 44
20 14 57
20 15 44
20 16 61
20 17 54
20 18 30
20 19 48
21 0 91
21 1 18
21 2 88
21 3 7
21 4 68
21 5 73
21 6 95
21 7 77
21 8 63
21 9 18
21 10 23
21 11 77
21 13 76
21 14 41
21 15 70
21 16 56
21 18 64
21 19 83
21 20 94
22 0 88
22 2 69
22 3 34
22 4 59
22 5 57
22 7 74
22 8 54
22 11 66
22 13 86
22 16 35
22 17 77
22 18 63
23 0 79
23 2 55
23 5 44
23 7 66
23 8 43
23 10 60
23 11 54
23 12 96
23 14 24
23 15 40
23 16 21
23 17 75
23 19 90
24 0 57
24 1 86
24 3 104
24 4 44
24 5 32
24 9 87
24 10 115
24 11 34
24 12 89
24 13 89
24 14 64
24 15 34
24 16 50
24 17 93
24 18 61
24 21 105
24 22 86
24 23 71
25 0 11
25 2 60
25 3 89
25 4 41
25 5 55
25 6 20
25 10 89
25 11 42
25 12 21
25 13 30
25 14 63
25 19 32
25 20 19
25 21 94
25 22 95
25 23 87
25 24 68
26 0 23
26 2 32
26 3 70
26 5 22
26 6 49
26 8 12
26 10 76
26 12 49
26 14 35
26 15 25
26 18 16
26 19 51
26 20 22
26 21 74
26 22 66
26 23 56
26 25 33
27 3 99
27 4 38
27 5 28
27 6 79
27 8 41
27 9 83
27 10 110
27 11 27
27 12 80
27 13 80
27 14 60
27 15 31
27 18 54
27 20 40
27 21 101
27 23 70
27 24 9
27 26 37
28 0 93
28 1 18
28 3 25
28 4 66
28 5 66
28 6 104
28 8 61
28 9 22
28 10 43
28 12 104
28 13 87
28 14 38
28 15 63
28 16 45
28 18 67
28 19 94
28 21 20
28 25 99
28 26 73
28 27 94
29 0 34
29 1 56
29 3 71
29 4 8
29 10 80
29 11 4
29 13 57
29 14 32
29 15 14
29 16 30
29 17 58
29 18 26
29 20 30
29 21 74
29 22 62
29 26 12
29 27 29
29 28 70
30 0 34
30 1 71
30 3 74
30 4 49
30 5 66
30 7 32
30 8 50
30 9 67
30 11 56
30 12 15
30 14 60
30 15 69
30 16 76
30 17 19
30 20 42
30 23 85
30 24 88
30 27 79
30 28 90
30 29 57
31 0 41
31 1 77
31 2 13
31 5 23
31 6 72
31 7 40
31 8 34
31 11 20
31 12 73
31 13 73
31 14 54
31 15 27
31 18 46
31 19 78
31 20 33
31 21 96
31 24 16
31 25 52
31 28 90
31 29 22
32 2 31
32 3 64
32 4 35
32 7 55
32 9 47
32 12 90
32 13 80
32 16 7
32 17 77
32 18 49
32 19 87
32 21 63
32 22 40
32 23 26
32 24 46
32 25 75
32 27 46
32 28 51
32 30 82
33 3 47
33 4 18
33 5 25
33 6 63
33 8 13
33 9 31
33 10 57
33 11 27
33 13 51
33 14 10
33 15 24
33 16 23
33 17 47
33 19 59
33 20 46
33 21 50
33 23 33
33 24 58
33 26 25
33 28 48
34 0 13
34 1 64
34 2 39
34 3 75
34 5 31
34 7 6
34 10 80
34 11 18
34 15 35
34 16 49
34 17 45
34 19 44
34 20 14
34 23 65
34 24 50
34 25 23
34 27 41
34 28 81
34 29 21
34 30 38
34 32 52
34 33 33
35 0 67
35 1 12
35 2 68
35 3 19
35 4 45
35 5 53
35 7 53
35 8 40
35 10 29
35 11 55
35 12 73
35 14 22
35 17 44
35 20 70
35 21 24
35 22 33
35 24 85
35 25 71
35 26 50
35 28 31
35 29 52
35 30 59
35 32 49
35 33 28
35 34 56
36 0 83
36 1 9
36 2 78
36 3 10
36 4 59
36 6 90
36 8 54
36 9 10
36 10 28
36 14 32
36 16 47
36 17 59
36 18 56
36 19 78
36 21 9
36 22 24
36 23 32
36 25 87
36 26 65
36 29 65
36 30 75
36 31 86
36 32 54
36 33 41
36 34 72
36 35 16
37 3 55
37 4 36
37 5 53
37 6 34
37 8 36
37 10 54
37 12 33
37 15 55
37 16 59
37 19 24
37 22 70
37 28 70
37 29 45
37 30 19
37 31 64
37 32 65
37 33 35
37 34 32
37 35 39
37 36 56
38 0 25
38 1 54
38 4 6
38 5 22
38 6 49
38 7 13
38 9 52
38 10 73
38 11 12
38 12 49
38 13 44
38 15 25
38 16 38
38 17 46
38 19 50
38 20 24
38 21 71
38 22 64
38 24 47
38 25 34
38 26 3
38 27 39
38 29 13
38 30 44
38 32 41
38 33 22
38 34 11
38 37 32
39 2 65
39 3 31
39 5 50
39 6 59
39 7 41
39 8 34
39 10 34
39 11 49
39 12 59
39 13 42
39 14 24
39 15 49
39 16 45
39 19 49
39 20 59
39 22 45
39 23 44
39 24 82
39 25 58
39 31 69
39 33 25
39 34 45
39 36 30
39 37 25
39 38 38
40 1 26
40 2 89
40 3 12
40 5 74
40 6 81
40 7 68
40 9 23
40 10 8
40 11 75
40 13 62
40 14 43
40 15 72
40 16 62
40 19 67
40 21 18
40 22 45
40 24 106
40 25 84
40 26 69
40 27 102
40 31 95
40 32 70
40 33 49
40 34 73
40 35 21
40 39 27
41 1 46
41 3 62
41 4 60
41 5 50
41 7 79
41 8 56
41 10 80
41 11 62
41 14 42
41 15 45
41 16 28
41 17 94
41 18 72
41 20 89
41 21 59
41 22 29
41 24 70
41 25 101
41 28 41
41 29 58
41 32 27
41 33 49
41 34 78
41 35 56
42 2 26
42 3 74
42 5 18
42 7 19
42 8 15
42 9 59
42 10 82
42 11 5
42 15 22
42 16 38
42 17 55
42 18 23
42 19 57
42 20 22
42 21 78
42 24 38
42 25 36
42 27 30
42 28 76
42 29 8
42 30 51
42 31 23
42 32 40
42 33 28
42 34 13
42 35 55
42 38 9
42 39 47
42 40 74
42 41 67
43 0 109
43 2 79
43 3 59
43 4 78
43 6 127
43 7 96
43 11 82
43 12 127
43 13 112
43 14 55
43 15 66
43 16 47
43 17 103
43 18 86
43 19 119
43 20 108
43 21 54
43 22 27
43 23 30
43 25 117
43 26 86
43 27 94
43 28 34
43 30 115
43 32 48
43 33 64
43 34 95
43 35 60
43 37 95
43 38 84
43 40 71
43 42 86
44 2 75
44 3 35
44 5 63
44 9 28
44 10 53
44 13 92
44 15 59
44 17 81
44 18 69
44 19 99
44 20 95
44 21 30
44 22 6
44 23 19
44 24 91
44 26 73
44 27 90
44 28 10
44 29 68
44 31 86
44 32 45
44 33 48
44 35 37
44 36 25
44 37 75
44 38 70
44 42 74
44 43 24
45 0 70
45 1 13
45 7 56
45 10 25
45 11 59
45 13 56
45 16 46
45 17 44
45 18 43
45 19 63
45 20 73
45 21 21
45 22 34
45 23 38
45 24 90
45 25 73
45 26 54
45 27 85
45 28 31
45 29 56
45 30 60
45 32 53
45 33 32
45 34 59
45 35 4
45 36 15
45 37 41
45 38 51
45 39 15
45 40 17
45 41 59
45 42 59
45 43 61
45 44 38
46 0 59
46 2 27
46 3 62
46 6 83
46 7 48
46 9 46
46 10 76
46 11 29
46 12 84
46 15 12
46 16 7
46 17 72
46 19 81
46 21 63
46 22 42
46 23 28
46 24 43
46 25 69
46 27 42
46 29 25
46 30 76
46 31 39
46 33 25
46 34 46
46 35 47
46 37 59
46 38 35
46 41 33
46 42 34
46 43 53
46 44 48
47 0 73
47 2 79
47 4 55
47 5 64
47 6 75
47 8 50
47 9 16
47 10 18
47 14 33
47 15 62
47 17 43
47 18 46
47 19 62
47 20 77
47 21 20
47 22 40
47 23 45
47 24 97
47 28 34
47 29 62
47 30 60
47 31 85
47 32 61
47 35 11
47 38 56
47 40 10
47 44 43
47 45 7
48 1 34
48 2 60
48 3 50
48 4 56
48 6 106
48 8 52
48 9 38
48 10 67
48 11 61
48 13 93
48 14 34
48 16 26
48 17 85
48 20 86
48 23 10
48 24 74
48 26 64
48 28 28
48 29 57
48 32 29
48 33 43
48 34 74
48 35 44
48 36 39
48 37 76
48 38 62
48 39 54
48 40 60
48 43 21
48 44 19
48 45 47
48 46 33
48 47 54
49 0 94
49 1 26
49 3 8
49 4 73
49 6 96
49 7 80
49 8 68
49 10 17
49 11 83
49 12 95
49 13 76
49 14 48
49 17 62
49 18 67
49 20 98
49 21 8
49 22 38
49 23 49
49 24 112
49 25 97
49 26 78
49 28 28
49 29 80
49 30 80
49 31 102
49 32 71
49 33 55
49 35 28
49 36 17
49 37 62
49 38 75
49 39 39
49 41 68
49 43 62
49 44 38
49 46 70
49 47 21
49 48 55
50 0 56
50 1 76
50 4 38
50 5 23
50 6 86
50 9 77
50 10 106
50 11 29
50 12 87
50 15 24
50 16 39
50 17 88
50 18 56
50 19 91
50 21 95
50 22 74
50 23 60
50 27 13
50 28 85
50 29 29
50 31 16
50 32 34
50 34 47
50 35 76
50 36 85
50 37 74
50 38 41
50 39 73
50 40 97
50 41 59
50 42 34
50 45 80
50 49 102
51 0 66
51 1 54
51 3 47
51 5 79
51 6 53
51 7 56
51 9 49
51 11 73
51 12 52
51 14 57
51 15 79
51 16 78
51 17 19
51 20 73
51 21 54
51 24 108
51 25 63
51 26 64
51 28 70
51 29 72
51 30 37
51 31 94
51 32 85
51 33 56
51 35 42
51 36 53
51 37 30
51 38 61
51 41 97
51 42 70
51 43 102
51 45 40
51 46 80
51 48 86
52 0 15
52 1 77
52 2 63
52 3 84
52 4 41
52 5 56
52 6 16
52 7 20
52 8 44
52 9 74
52 12 17
52 13 24
52 14 61
52 16 72
52 17 37
52 18 29
52 19 25
52 20 23
52 21 90
52 22 93
52 23 85
52 25 6
52 26 34
52 28 96
52 29 46
52 33 52
52 34 24
52 35 67
52 36 83
52 37 30
52 39 53
52 40 79
52 41 100
52 42 38
52 44 98
52 46 69
52 47 71
52 48 95
52 49 92
52 50 70
52 51 56
53 0 100
53 1 30
53 3 40
53 4 70
53 6 114
53 7 86
53 9 35
53 11 76
53 12 114
53 14 43
53 15 63
53 17 87
53 18 75
53 19 105
53 21 35
53 22 11
53 24 94
53 26 78
53 27 93
53 28 15
53 29 72
53 31 90
53 33 53
53 35 43
53 36 31
53 37 81
53 39 56
53 40 52
53 41 30
53 43 19
53 47 49
53 48 20
53 50 82
53 51 84
53 52 104
54 0 29
54 1 65
54 3 69
54 4 41
54 5 58
54 6 20
54 7 24
54 8 42
54 9 61
54 11 48
54 13 8
54 14 53
54 15 61
54 16 68
54 17 18
54 19 14
54 20 37
54 21 75
54 22 83
54 23 77
54 24 81
54 25 24
54 27 72
54 33 45
54 34 31
54 35 53
54 36 70
54 37 13
54 38 36
54 40 62
54 41 95
54 42 43
54 44 88
54 45 55
54 46 68
54 47 55
54 50 77
54 51 38
54 52 18
54 53 94
55 1 51
55 2 86
55 3 47
55 4 56
55 6 48
55 8 54
55 9 46
55 11 66
55 12 47
55 13 28
55 15 72
55 17 13
55 18 39
55 19 32
55 20 65
55 21 54
55 22 71
55 23 72
55 25 56
55 26 56
55 27 93
55 28 68
55 30 32
55 33 49
55 35 38
55 38 53
55 39 27
55 40 36
55 41 92
55 42 62
55 43 98
55 44 75
55 45 37
55 46 74
55 47 33
55 48 82
55 49 51
55 52 49
55 53 81
55 54 31
56 0 10
56 1 66
56 3 76
56 5 42
56 6 29
56 7 6
56 8 29
56 9 63
56 13 29
56 14 48
56 15 45
56 21 81
56 22 80
56 23 72
56 24 60
56 25 15
56 26 19
56 29 31
56 30 27
56 31 44
56 32 61
56 33 38
56 34 11
56 37 26
56 39 45
56 40 71
56 41 86
56 42 24
56 43 102
56 45 60
56 46 55
56 51 56
56 52 14
56 53 92
56 55 48
57 1 15
57 2 73
57 4 60
57 5 60
57 6 100
57 8 55
57 9 20
57 11 68
57 13 83
57 14 32
57 15 56
57 16 39
57 17 72
57 19 90
57 21 22
57 23 19
57 24 90
57 25 94
57 26 67
57 27 88
57 28 6
57 29 64
57 30 86
57 31 83
57 32 45
57 33 42
57 34 75
57 35 28
57 36 17
57 38 64
57 43 33
57 44 8
57 45 29
57 47 34
57 49 31
57 50 79
57 54 80
58 2 54
58 3 64
58 4 26
58 6 31
58 7 12
58 9 53
58 10 65
58 12 32
58 13 23
58 14 40
58 15 45
58 16 54
58 17 26
58 18 9
58 21 69
58 22 71
58 23 65
58 24 67
58 25 25
58 26 22
58 27 59
58 28 74
58 29 34
58 30 23
58 31 51
58 32 59
58 34 18
58 35 45
58 37 14
58 39 33
58 40 59
58 41 81
58 44 77
58 45 48
58 46 52
58 50 62
58 51 44
58 53 83
58 56 12
58 57 70
59 1 36
59 3 49
59 4 16
59 5 28
59 7 26
59 8 12
59 9 34
59 11 26
59 12 56
59 15 28
59 17 41
59 19 51
59 23 40
59 24 59
59 25 47
59 27 53
59 28 53
59 29 24
59 30 46
59 31 46
59 32 36
59 33 7
59 34 28
59 36 44
59 37 28
59 38 18
59 40 48
59 43 71
59 44 54
59 45 33
59 46 31
59 48 50
59 50 51
59 51 51
59 52 45
59 54 38
59 55 44
59 56 32
59 57 47
60 0 53
60 1 40
60 3 58
60 4 21
60 5 15
60 6 76
60 9 41
60 10 71
60 12 76
60 13 67
60 15 11
60 16 10
60 17 64
60 18 35
60 19 74
60 20 51
60 21 59
60 22 42
60 23 29
60 24 46
60 25 62
60 26 29
60 27 43
60 28 51
60 29 21
60 30 68
60 31 38
60 32 13
60 33 17
60 34 39
60 35 41
60 36 49
60 37 51
60 38 28
60 39 41
60 41 38
60 45 45
60 47 52
60 48 36
60 49 66
60 50 35
60 51 73
60 53 52
60 54 60
60 55 66
60 56 48
60 58 45
60 59 23
61 0 45
61 1 81
61 2 14
61 4 35
61 5 26
61 6 76
61 7 44
61 8 38
61 9 80
61 10 107
61 11 24
61 12 77
61 14 58
61 15 29
61 16 48
61 17 82
61 18 51
61 21 99
61 22 83
61 24 12
61 25 56
61 26 34
61 27 3
61 30 76
61 31 4
61 32 45
61 33 50
61 34 38
61 35 78
61 36 90
61 37 69
61 38 36
61 41 71
61 43 93
61 44 88
61 45 82
61 47 89
61 48 74
61 49 106
61 51 98
61 53 92
61 54 69
61 55 90
61 56 48
61 57 86
61 58 56
61 59 50
61 60 41
62 0 73
62 2 56
62 3 34
62 4 43
62 5 42
62 6 88
62 7 59
62 9 19
62 10 51
62 11 51
62 12 88
62 13 73
62 14 17
62 15 39
62 16 23
62 17 65
62 23 10
62 24 73
62 25 80
62 28 23
62 31 66
62 32 29
62 33 26
62 35 25
62 36 25
62 37 56
62 39 34
62 40 43
62 41 31
62 42 53
62 43 38
62 44 21
62 46 30
62 50 62
62 52 78
62 53 26
62 54 69
62 55 61
62 57 17
62 59 33
62 60 27
62 61 69
63 0 36
63 1 83
63 2 83
63 3 85
63 4 57
63 5 74
63 6 7
63 7 38
63 8 59
63 11 62
63 13 15
63 14 71
63 16 86
63 17 29
63 18 42
63 20 45
63 21 92
63 22 101
63 24 93
63 25 26
63 26 52
63 28 102
63 29 64
63 32 91
63 33 64
63 37 31
63 40 77
63 41 113
63 42 57
63 43 126
63 44 106
63 45 72
63 46 85
63 47 71
63 48 106
63 50 91
63 51 47
63 53 112
63 54 18
63 55 42
63 57 98
63 58 32
63 59 56
63 60 77
63 61 81
63 62 87
64 0 77
64 1 18
64 3 36
64 5 45
64 6 92
64 9 22
64 12 92
64 13 78
64 14 21
64 15 41
64 17 69
64 20 77
64 21 34
64 24 75
64 25 84
64 27 73
64 28 21
64 29 50
64 30 80
64 31 68
64 32 30
64 34 63
64 35 28
64 36 25
64 38 52
64 39 38
64 43 34
64 44 18
64 46 31
64 49 42
64 50 64
64 51 70
64 52 82
64 54 73
64 55 65
64 56 69
64 57 15
64 60 30
64 61 71
64 62 4
65 0 32
65 1 47
65 2 57
65 7 20
65 8 27
65 11 37
65 13 24
65 14 34
65 16 50
65 18 10
65 20 38
65 22 64
65 24 72
65 25 35
65 27 64
65 28 66
65 31 56
65 32 56
65 33 27
65 34 26
65 38 24
65 40 49
65 41 76
65 42 33
65 44 69
65 47 41
65 48 69
65 49 62
65 50 66
65 52 30
65 53 75
65 54 19
65 56 22
65 58 10
65 59 20
65 60 42
65 64 54
66 1 13
66 2 56
66 3 30
66 4 38
66 5 41
66 6 78
66 7 51
66 8 33
66 9 13
66 10 44
66 11 46
66 12 78
66 14 10
66 15 39
66 16 26
66 18 39
66 19 70
66 21 31
66 22 24
66 25 71
66 26 45
66 27 70
66 29 43
66 30 65
66 31 64
66 32 34
66 33 20
66 34 52
66 35 15
66 36 22
66 37 46
66 38 42
66 39 23
66 41 41
66 42 48
66 45 19
66 46 32
66 47 26
66 50 63
66 51 55
66 53 36
66 54 58
66 55 50
66 56 56
66 57 23
66 58 47
66 60 27
66 63 77
66 65 39
67 0 5
67 1 79
67 2 55
67 3 89
67 4 36
67 6 26
67 7 18
67 8 40
67 9 77
67 10 90
67 11 36
67 15 54
67 16 68
67 17 46
67 18 30
67 20 13
67 21 94
67 25 6
67 26 29
67 28 97
67 29 40
67 31 46
67 32 71
67 33 50
67 34 19
67 35 70
67 36 86
67 37 37
67 39 58
67 40 84
67 43 114
67 44 99
67 45 73
67 47 76
67 48 93
67 49 97
67 50 61
67 51 65
67 52 11
67 54 27
67 55 58
67 57 92
67 58 25
67 59 44
67 60 58
67 61 50
67 63 32
67 64 81
67 65 35
67 66 69
68 0 26
68 1 53
68 4 5
68 5 21
68 6 50
68 8 8
68 9 51
68 10 73
68 11 12
68 12 51
68 13 45
68 14 31
68 15 24
68 16 36
68 17 47
68 18 14
68 19 51
68 21 70
68 22 63
68 23 52
68 25 36
68 27 39
68 28 69
68 29 12
68 30 45
68 31 32
68 34 13
68 35 46
68 38 1
68 39 38
68 41 65
68 42 9
68 43 82
68 46 33
68 47 55
68 49 75
68 50 41
68 51 61
68 52 36
68 53 74
68 54 37
68 55 54
68 56 21
68 57 63
68 58 22
68 60 26
68 61 36
68 63 53
68 65 25
68 66 41
68 67 32
69 0 87
69 1 22
69 2 90
69 3 4
69 6 89
69 7 73
69 8 62
69 9 20
69 10 14
69 12 88
69 13 69
69 15 72
69 17 55
69 18 60
69 19 75
69 21 9
69 22 38
69 23 47
69 24 107
69 25 90
69 26 72
69 27 102
69 28 29
69 29 74
69 30 73
69 33 50
69 34 77
69 38 69
69 39 32
69 40 9
69 41 66
69 43 63
69 44 39
69 47 14
69 48 54
69 49 7
69 51 45
69 52 85
69 53 44
69 54 69
69 55 45
69 56 77
69 57 31
69 61 100
69 63 85
69 64 40
69 65 55
69 66 33
69 67 90
69 68 68
70 0 82
70 1 18
70 4 53
70 5 51
70 6 97
70 8 48
70 9 22
70 11 60
70 13 82
70 14 26
70 15 47
70 16 29
70 17 72
70 18 57
70 22 6
70 23 9
70 26 60
70 27 79
70 28 16
70 30 84
70 31 74
70 32 35
70 35 29
70 36 23
70 37 65
70 42 62
70 43 31
70 44 12
70 46 37
70 47 38
70 48 16
70 49 39
70 50 69
70 51 71
70 52 87
70 53 17
70 54 77
70 55 68
70 56 74
70 57 10
70 59 42
70 60 36
70 61 77
70 63 96
70 64 6
70 67 87
70 68 57
71 1 58
71 2 90
71 3 53
71 4 60
71 6 44
71 7 50
71 8 58
71 10 44
71 11 69
71 12 43
71 13 25
71 14 57
71 15 77
71 16 78
71 18 42
71 20 66
71 21 60
71 22 78
71 24 104
71 25 55
71 27 97
71 29 69
71 30 29
71 32 85
71 33 55
71 34 57
71 38 57
71 39 34
71 40 43
71 41 99
71 43 106
71 45 44
71 46 80
71 48 89
71 49 58
71 50 98
71 51 9
71 55 7
71 57 73
71 58 38
71 59 49
71 60 72
71 61 93
71 63 38
71 64 72
71 65 32
71 66 57
71 68 57
71 70 75
72 1 21
72 2 89
72 3 2
72 4 67
72 5 74
72 8 62
72 9 19
72 10 16
72 11 77
72 12 90
72 15 72
72 17 57
72 18 61
72 19 77
72 20 91
72 23 45
72 24 106
72 25 91
72 26 72
72 27 102
72 28 27
72 29 74
72 30 75
72 31 96
72 32 66
72 34 78
72 35 22
72 36 13
72 37 57
72 39 33
72 40 11
72 41 65
72 42 77
72 43 61
72 44 37
72 45 18
72 46 65
72 48 52
72 49 6
72 50 96
72 51 47
72 52 86
72 53 42
72 54 71
72 55 47
72 56 78
72 58 66
72 60 61
72 61 100
72 62 37
72 64 38
72 65 56
72 66 33
72 68 68
72 70 36
72 71 54
73 0 12
73 1 75
73 2 38
73 3 87
73 4 25
73 5 35
73 6 43
73 7 17
73 8 30
73 9 73
73 11 22
73 12 44
73 17 55
73 20 5
73 21 91
73 22 85
73 23 74
73 24 45
73 25 23
73 26 18
73 29 25
73 30 45
73 31 29
73 33 43
73 35 67
73 37 43
73 39 57
73 40 85
73 44 91
73 45 71
73 47 75
73 48 82
73 50 44
73 51 73
73 52 27
73 55 65
73 56 18
73 57 85
73 58 29
73 59 39
73 60 46
73 62 69
73 63 48
73 64 73
73 65 37
73 69 89
73 70 79
73 71 67
74 2 32
74 4 19
74 5 17
74 6 72
74 7 38
74 9 37
74 10 66
74 13 62
74 14 14
74 15 15
74 16 13
74 17 59
74 18 31
74 22 41
74 23 29
74 24 49
74 25 60
74 26 27
74 27 46
74 28 49
74 29 21
74 30 64
74 31 40
74 32 18
74 33 12
74 34 37
74 35 36
74 37 47
74 38 25
74 39 36
74 40 58
74 42 28
74 43 58
74 44 47
74 46 13
74 47 48
74 49 62
74 50 39
74 52 59
74 53 51
74 55 61
74 57 43
74 58 41
74 59 18
74 60 5
74 61 44
74 62 26
74 63 73
74 65 38
74 66 24
74 67 56
74 68 24
74 69 57
74 70 35
74 71 67
74 73 45
75 1 37
75 3 21
75 4 73
75 5 84
75 6 84
75 7 75
75 8 69
75 9 34
75 10 3
75 12 83
75 13 64
75 14 53
75 15 82
75 16 73
75 17 49
75 18 63
75 19 69
75 20 93
75 21 26
75 23 62
75 25 88
75 27 111
75 28 46
75 29 81
75 30 68
75 31 104
75 32 81
75 33 58
75 37 53
75 39 35
75 40 10
75 41 83
75 42 83
75 43 80
75 44 56
75 46 78
75 47 20
75 48 70
75 49 20
75 50 107
75 51 34
75 52 83
75 54 66
75 55 36
75 56 77
75 58 65
75 59 57
75 60 72
75 61 108
75 62 53
75 63 78
75 64 55
75 65 55
75 66 46
75 67 90
75 68 74
75 70 54
75 71 42
75 72 19
75 73 92
75 74 68
76 0 71
76 1 51
76 2 32
76 5 27
76 6 97
76 7 61
76 8 39
76 11 41
76 13 88
76 14 36
76 15 23
76 17 85
76 18 57
76 19 95
76 20 67
76 21 69
76 22 44
76 23 30
76 25 82
76 26 48
76 28 55
76 30 89
76 31 45
76 33 38
76 35 57
76 36 60
76 37 73
76 38 48
76 40 77
76 41 25
76 42 46
76 44 48
76 45 60
76 46 13
76 47 68
76 48 30
76 49 77
76 50 34
76 51 93
76 52 82
76 53 50
76 54 81
76 55 87
76 56 68
76 57 49
76 58 66
76 59 44
76 60 21
76 61 46
76 62 35
76 63 99
76 64 35
76 67 77
76 68 46
76 70 39
76 73 62
76 74 26
77 0 104
77 1 39
77 2 78
77 3 50
77 4 73
77 5 67
77 6 120
77 7 90
77 8 68
77 9 43
77 10 68
77 11 78
77 12 120
77 16 44
77 17 95
77 18 80
77 20 103
77 21 45
77 22 18
77 23 25
77 24 92
77 25 112
77 26 81
77 27 93
77 29 74
77 30 108
77 31 90
77 33 58
77 34 90
77 36 41
77 37 88
77 38 79
77 39 64
77 40 62
77 41 24
77 43 9
77 44 15
77 45 53
77 46 51
77 47 58
77 48 18
77 49 53
77 50 81
77 51 93
77 52 110
77 53 10
77 54 101
77 55 90
77 56 96
77 58 89
77 62 32
77 64 27
77 67 109
77 68 77
77 69 54
77 70 23
77 74 54
77 75 71
77 76 47
78 1 41
78 2 70
78 3 55
78 4 68
78 7 86
78 8 64
78 11 72
78 12 118
78 15 56
78 16 37
78 17 95
78 18 77
78 19 111
78 20 98
78 21 50
78 22 21
78 23 21
78 24 84
78 25 108
78 26 76
78 27 85
78 28 30
78 30 106
78 31 82
78 32 39
78 33 54
78 34 86
78 35 53
78 36 45
78 38 74
78 40 66
78 43 9
78 45 55
78 47 61
78 48 11
78 49 58
78 50 73
78 52 106
78 53 17
78 54 99
78 56 93
78 58 86
78 59 61
78 60 47
78 62 30
78 63 117
78 64 26
78 66 41
78 68 73
78 70 23
78 71 98
78 72 57
78 74 48
78 75 76
78 77 9
79 1 41
79 3 23
79 5 90
79 6 92
79 7 83
79 9 38
79 10 8
79 11 91
79 15 89
79 18 70
79 20 101
79 22 56
79 23 66
79 24 123
79 27 118
79 29 88
79 31 111
79 32 85
79 33 65
79 34 88
79 37 61
79 38 81
79 40 16
79 41 85
79 43 81
79 44 57
79 45 33
79 48 73
79 49 19
79 51 41
79 53 62
79 54 74
79 56 85
79 58 73
79 59 64
79 60 78
79 61 115
79 62 57
79 63 86
79 64 59
79 65 63
79 66 51
79 68 81
79 69 18
79 70 57
79 71 49
79 73 100
79 74 74
79 76 92
79 78 77
80 1 18
80 2 55
80 3 37
80 4 43
80 5 41
80 6 89
80 9 21
80 11 50
80 12 89
80 13 74
80 15 38
80 16 21
80 17 66
80 19 82
80 20 73
80 22 16
80 23 8
80 25 80
80 28 25
80 30 77
80 31 65
80 32 27
80 33 26
80 34 59
80 36 27
80 37 57
80 38 48
80 39 36
80 40 45
80 41 29
80 42 52
80 46 28
80 47 37
80 48 18
80 49 44
80 51 68
80 52 78
80 54 70
80 55 63
80 56 65
80 59 33
80 60 26
80 61 67
80 64 4
80 65 50
80 66 12
80 70 10
80 71 70
80 72 39
80 74 25
80 75 55
80 76 33
80 78 29
80 79 59
81 0 19
81 1 59
81 2 36
81 3 71
81 5 26
81 7 9
81 9 57
81 10 76
81 11 15
81 13 41
81 15 30
81 16 43
81 17 45
81 18 14
81 20 19
81 21 75
81 23 59
81 26 4
81 27 40
81 28 75
81 29 16
81 32 46
81 33 27
81 34 5
81 35 51
81 37 32
81 38 5
81 39 42
81 40 69
81 41 72
81 42 10
81 43 90
81 45 55
81 47 60
81 49 79
81 51 62
81 52 29
81 55 54
81 56 15
81 57 70
81 60 33
81 61 37
81 62 54
81 65 24
81 66 47
81 67 24
81 68 7
81 69 73
81 70 63
81 72 73
81 73 16
81 74 31
81 75 77
81 76 53
81 78 80
82 1 53
82 2 22
82 3 71
82 4 32
82 5 17
82 7 52
82 8 30
82 9 54
82 11 30
82 12 88
82 13 80
82 16 15
82 17 79
82 18 49
82 19 87
82 22 49
82 23 35
82 24 36
82 26 38
82 30 81
82 31 34
82 32 9
82 33 32
82 34 48
82 35 55
82 36 62
82 41 35
82 44 54
82 45 59
82 47 67
82 49 79
82 50 25
82 51 88
82 52 72
82 53 57
82 54 73
82 56 58
82 57 54
82 58 57
82 62 38
82 66 41
82 67 67
82 68 37
82 72 74
82 73 52
82 75 87
82 77 56
82 78 48
83 0 47
83 1 32
83 3 39
83 4 31
83 7 33
83 9 28
83 10 42
83 11 42
83 13 36
83 14 23
83 16 44
83 17 28
83 18 20
83 20 51
83 21 44
83 23 47
83 24 76
83 27 70
83 30 39
83 32 51
83 34 37
83 37 19
83 38 31
83 39 8
83 41 66
83 42 40
83 43 76
83 44 55
83 45 23
83 46 46
83 47 26
83 48 57
83 49 47
83 50 68
83 51 34
83 53 61
83 54 33
83 55 28
83 56 37
83 57 47
83 58 25
83 59 17
83 60 38
83 62 37
83 63 51
83 64 41
83 65 15
83 67 50
83 69 40
83 71 34
83 72 41
83 74 33
83 75 42
83 76 59
83 78 67
84 0 41
84 3 85
84 4 61
84 5 77
84 7 42
84 8 62
84 9 80
84 10 79
84 11 66
84 12 10
84 14 73
84 15 80
84 16 89
84 17 28
84 18 44
84 20 49
84 21 92
84 22 102
84 23 98
84 24 97
84 25 31
84 26 55
84 28 102
84 29 68
84 31 81
84 33 66
84 34 48
84 35 71
84 36 87
84 38 55
84 39 57
84 41 115
84 42 61
84 43 128
84 44 107
84 45 72
84 46 88
84 47 71
84 48 108
84 49 91
84 50 95
84 53 113
84 54 20
84 55 40
84 57 99
84 58 35
84 59 59
84 60 80
84 61 85
84 62 89
84 63 4
84 64 93
84 65 39
84 67 37
84 68 56
84 69 84
84 70 97
84 71 36
84 72 86
84 73 52
84 74 76
84 77 120
84 78 119
84 79 85
84 80 90
84 82 93
85 0 69
85 3 75
85 4 40
85 5 25
85 6 96
85 7 60
85 8 39
85 13 89
85 15 21
85 16 19
85 17 87
85 18 57
85 19 95
85 20 65
85 21 75
85 23 36
85 24 39
85 25 80
85 26 47
85 29 35
85 31 40
85 32 11
85 33 40
85 34 56
85 35 61
85 36 65
85 37 74
85 38 47
85 39 63
85 40 81
85 41 31
85 42 43
85 44 55
85 46 15
85 47 72
85 48 36
85 49 82
85 51 96
85 53 56
85 54 81
85 55 89
85 56 67
85 57 55
85 58 66
85 59 46
85 60 23
85 61 40
85 62 41
85 64 41
85 68 45
85 69 79
85 71 95
85 72 78
85 73 60
85 74 28
85 76 6
85 77 53
85 79 97
85 80 38
85 81 51
85 84 101
86 0 69
86 1 26
86 6 69
86 7 56
86 8 50
86 9 22
86 10 19
86 11 64
86 12 68
86 13 49
86 14 36
86 15 64
86 17 35
86 21 28
86 22 47
86 25 71
86 26 57
86 27 92
86 28 42
86 29 62
86 31 85
86 32 64
86 35 16
86 36 25
86 37 36
86 39 15
86 41 72
86 42 63
86 43 74
86 47 7
86 48 60
86 49 27
86 50 88
86 51 27
86 52 66
86 53 56
86 54 49
86 56 59
86 57 41
86 58 46
86 59 38
86 60 55
86 61 89
86 63 64
86 64 44
86 65 36
86 66 31
86 67 71
86 68 54
86 69 20
86 70 44
86 71 33
86 72 21
86 73 72
86 75 19
86 76 72
86 77 65
86 78 68
86 79 27
86 80 43
86 81 57
86 82 70
86 83 23
86 85 76
87 1 40
87 3 36
87 4 51
87 5 65
87 6 54
87 7 48
87 8 48
87 9 35
87 10 31
87 11 62
87 14 42
87 18 36
87 19 40
87 21 43
87 22 60
87 26 53
87 28 57
87 29 60
87 30 38
87 31 82
87 32 70
87 34 53
87 35 27
87 37 23
87 38 50
87 39 18
87 40 27
87 41 82
87 42 59
87 43 88
87 44 64
87 45 26
87 47 23
87 48 71
87 49 42
87 50 89
87 51 15
87 52 53
87 53 71
87 54 36
87 55 10
87 56 49
87 57 55
87 60 58
87 61 86
87 62 51
87 63 49
87 64 55
87 65 27
87 66 40
87 68 50
87 69 35
87 71 18
87 73 65
87 74 53
87 75 30
87 76 78
87 78 80
87 81 51
87 84 49
87 85 81
87 86 15
88 1 69
88 2 52
88 3 78
88 5 44
88 6 26
88 7 9
88 8 32
88 9 66
88 10 79
88 11 32
88 12 27
88 14 51
88 16 60
88 19 32
88 21 83
88 22 83
88 24 62
88 25 12
88 26 22
88 27 53
88 28 87
88 30 26
88 31 46
88 32 64
88 33 41
88 34 13
88 35 59
88 36 75
88 40 73
88 41 89
88 42 26
88 44 89
88 45 62
88 46 58
88 47 65
88 49 86
88 50 60
88 51 56
88 53 94
88 55 49
88 56 2
88 57 82
88 59 34
88 61 50
88 63 31
88 65 24
88 67 11
88 69 79
88 70 77
88 71 49
88 72 80
88 75 79
88 76 71
88 77 99
88 79 87
88 80 68
88 81 17
88 82 61
88 84 35
88 85 69
89 0 69
89 3 22
89 4 44
89 5 49
89 6 79
89 7 55
89 8 39
89 9 5
89 11 54
89 14 17
89 16 35
89 19 70
89 22 24
89 23 26
89 24 82
89 25 75
89 26 51
89 27 78
89 30 66
89 32 42
89 34 58
89 35 9
89 36 14
89 37 46
89 38 48
89 39 21
89 40 27
89 41 47
89 42 54
89 44 29
89 45 12
89 46 41
89 47 19
89 49 30
89 50 72
89 51 51
89 52 71
89 53 35
89 54 59
89 55 47
89 56 60
89 57 20
89 58 50
89 59 30
89 60 36
89 61 76
89 63 77
89 64 19
89 66 8
89 67 73
89 68 47
89 69 25
89 70 20
89 71 54
89 72 24
89 73 69
89 74 32
89 76 49
89 78 44
89 79 43
89 80 18
89 82 49
89 83 26
89 84 78
89 85 54
89 87 36
89 88 63
90 0 53
90 2 66
90 3 33
90 4 38
90 6 56
90 7 40
90 8 35
90 10 35
90 11 49
90 16 48
90 17 27
90 18 27
90 19 45
90 20 58
90 21 39
90 22 49
90 23 48
90 27 77
90 29 47
90 31 70
90 32 55
90 33 26
90 34 44
90 35 17
90 36 33
90 37 22
90 38 38
90 40 28
90 41 68
90 43 76
90 44 53
90 46 51
90 49 41
90 50 75
90 51 30
90 53 60
90 54 36
90 55 24
90 56 43
90 57 45
90 58 31
90 59 23
90 60 43
90 61 74
90 62 38
90 66 26
90 68 38
90 69 34
90 71 31
90 73 56
90 75 35
90 76 63
90 78 68
90 80 39
90 83 7
90 87 15
90 89 24
91 1 44
91 3 61
91 6 70
91 7 35
91 8 13
91 9 44
91 10 72
91 11 18
91 12 71
91 13 62
91 15 8
91 16 16
91 18 31
91 19 69
91 20 44
91 21 63
91 22 48
91 23 35
91 25 56
91 28 56
91 29 14
91 30 63
91 31 33
91 32 19
91 33 16
91 34 33
91 35 43
91 37 48
91 38 22
91 39 41
91 40 64
91 41 45
91 43 64
91 44 54
91 46 13
91 47 54
91 48 42
91 49 69
91 50 33
91 51 71
91 52 56
91 53 58
91 54 55
91 55 64
91 56 42
91 57 50
91 58 40
91 60 6
91 61 36
91 63 72
91 65 39
91 66 31
91 68 20
91 69 64
91 70 42
91 73 39
91 74 7
91 75 74
91 77 60
91 78 54
91 79 80
91 80 32
91 82 18
91 83 37
91 84 75
91 85 26
91 86 55
91 87 57
91 88 45
92 0 32
92 4 27
92 5 44
92 6 38
92 8 27
92 9 44
92 10 55
92 12 38
92 13 24
92 16 50
92 18 10
92 19 31
92 21 59
92 23 58
92 24 72
92 25 35
92 26 26
92 27 64
92 29 36
92 30 26
92 31 56
92 32 56
92 33 27
92 34 26
92 35 36
92 36 53
92 38 24
92 39 23
92 40 49
92 41 76
92 42 33
92 46 50
92 47 41
92 48 69
92 49 62
92 50 66
92 51 37
92 52 30
92 53 75
92 55 29
92 57 61
92 58 10
92 59 20
92 60 42
92 61 61
92 62 50
92 63 37
92 64 54
92 65 0
92 67 35
92 69 55
92 72 56
92 74 38
92 75 55
92 77 82
92 79 63
92 81 24
92 82 57
92 83 15
92 84 39
92 88 24
92 89 41
92 90 21
93 0 61
93 1 16
93 3 25
93 4 39
93 6 69
93 7 47
93 9 12
93 12 69
93 13 52
93 14 17
93 15 46
93 18 34
93 19 59
93 21 30
93 22 34
93 23 34
93 26 44
93 33 22
93 34 50
93 35 6
93 36 22
93 37 35
93 38 41
93 39 10
93 40 26
93 43 61
93 44 39
93 45 10
93 46 42
93 47 16
93 48 44
93 50 70
93 53 45
93 54 49
93 55 37
93 56 51
93 57 31
93 58 40
93 59 23
93 60 36
93 61 72
93 62 24
93 63 67
93 64 27
93 65 31
93 66 13
93 67 64
93 68 40
93 69 28
93 71 44
93 73 61
93 74 31
93 76 53
93 77 53
93 78 53
93 79 43
93 80 25
93 81 45
93 85 57
93 86 19
93 87 27
93 89 10
93 91 37
93 92 31
94 0 41
94 1 63
94 2 79
94 3 64
94 4 50
94 7 35
94 8 50
94 10 58
94 13 7
94 14 55
94 17 8
94 19 12
94 20 49
94 21 71
94 23 79
94 25 36
94 26 47
94 27 83
94 28 82
94 29 58
94 30 11
94 31 76
94 32 80
94 33 50
94 34 42
94 35 51
94 37 14
94 38 45
94 39 37
94 40 55
94 42 53
94 43 109
94 44 87
94 45 51
94 47 50
94 48 90
94 49 70
94 50 87
94 52 30
94 53 94
94 56 33
94 57 79
94 58 24
94 59 43
94 61 80
94 62 70
94 63 21
94 64 74
94 66 59
94 67 40
94 72 65
94 73 51
94 74 61
94 75 57
94 76 87
94 77 101
94 78 100
94 79 65
94 80 71
94 82 80
94 84 21
94 86 43
94 87 28
94 88 32
94 89 58
94 91 62
94 92 23
94 93 48
95 1 72
95 3 72
95 4 58
95 6 23
95 7 41
95 8 58
95 10 65
95 11 65
95 12 22
95 13 9
95 14 65
95 16 83
95 17 15
95 18 40
95 19 6
95 20 53
95 21 79
95 22 92
95 24 98
95 27 89
95 30 10
95 31 82
95 33 59
95 34 48
95 35 60
95 38 53
95 39 46
95 40 63
95 41 108
95 43 118
95 44 96
95 45 60
95 46 83
95 47 58
95 48 99
95 49 78
95 50 94
95 51 31
95 52 31
95 59 52
95 60 75
95 62 79
95 63 16
95 64 84
95 65 32
95 66 68
95 67 42
95 70 87
95 71 22
95 73 55
95 74 70
95 76 96
95 79 71
95 80 80
95 82 89
95 85 97
95 86 51
95 87 35
95 88 37
95 90 43
95 91 71
95 92 32
95 93 57
95 94 9
96 2 86
96 4 57
96 5 74
96 6 28
96 8 57
96 10 59
96 12 27
96 13 11
96 15 76
96 16 80
96 17 10
96 18 39
96 20 56
96 21 73
96 22 87
96 23 85
96 26 54
96 28 86
96 29 65
96 33 56
96 35 55
96 38 52
96 39 42
96 40 57
96 41 104
96 43 114
96 44 92
96 46 81
96 48 95
96 49 72
96 50 94
96 51 25
96 52 35
96 54 18
96 55 20
96 56 39
96 57 83
96 58 31
96 60 72
96 61 87
96 62 75
96 64 79
96 66 64
96 67 45
96 69 65
96 70 83
96 71 16
96 72 67
96 73 57
96 74 68
96 75 57
96 76 94
96 78 106
96 79 65
96 80 77
96 81 50
96 82 87
96 83 38
96 84 20
96 85 95
96 86 45
96 87 30
96 88 39
96 89 63
96 90 38
96 92 30
96 93 52
96 94 7
96 95 6
97 0 93
97 2 111
97 3 37
97 5 95
97 6 83
97 7 81
97 8 79
97 9 49
97 10 19
97 11 94
97 12 82
97 13 63
97 14 66
97 15 94
97 16 87
97 18 70
97 19 67
97 20 99
97 22 71
97 24 127
97 25 91
97 26 85
97 28 62
97 30 67
97 31 114
97 33 70
97 34 87
97 36 47
97 37 56
97 38 82
97 39 45
97 40 26
97 42 92
97 43 96
97 44 72
97 45 41
97 46 92
97 47 33
97 48 86
97 50 119
97 51 30
97 52 85
97 53 77
97 54 67
97 55 35
97 56 82
97 57 64
97 61 118
97 62 68
97 63 77
97 65 61
97 67 93
97 68 82
97 69 33
97 70 70
97 71 39
97 72 35
97 73 98
97 76 102
97 77 87
97 78 92
97 80 71
97 81 85
97 82 100
97 83 51
97 84 75
97 85 106
97 87 33
97 88 83
97 89 53
97 90 44
97 93 49
97 94 56
97 95 61
97 96 55
98 0 40
98 1 52
98 3 68
98 4 12
98 5 5
98 6 66
98 7 31
98 9 52
98 10 79
98 12 67
98 13 61
98 16 24
98 18 30
98 19 67
98 21 71
98 22 57
98 24 36
98 25 51
98 26 17
98 27 31
98 28 65
98 30 61
98 31 25
98 32 25
98 34 27
98 35 50
98 36 61
98 37 48
98 39 46
98 42 14
98 44 63
98 45 54
98 46 19
98 49 77
98 50 27
98 52 51
98 53 67
98 54 53
98 55 67
98 56 37
98 57 59
98 58 38
98 59 23
98 62 42
98 63 69
98 64 45
98 65 39
98 68 16
98 69 71
98 70 51
98 71 71
98 72 71
98 74 16
98 75 80
98 77 68
98 79 87
98 81 22
98 82 21
98 83 40
98 84 73
98 86 61
98 88 40
98 89 47
98 90 47
98 92 39
98 93 44
98 94 62
99 0 45
99 1 62
99 2 81
99 3 61
99 4 52
99 5 69
99 7 39
99 8 52
99 9 57
99 10 55
99 11 60
99 13 11
99 15 71
99 18 34
99 20 53
99 21 68
99 23 79
99 24 95
99 25 41
99 26 50
99 27 87
99 28 80
99 29 61
99 34 46
99 35 49
99 36 64
99 37 16
99 38 48
99 39 36
99 40 52
99 41 99
99 43 108
99 44 86
99 45 49
99 46 75
99 47 48
99 48 89
99 50 90
99 51 22
99 53 92
99 54 17
99 55 17
99 56 37
99 57 77
99 58 27
99 59 44
99 60 67
99 61 83
99 62 69
99 63 25
99 65 25
99 66 58
99 67 44
99 68 49
99 69 60
99 70 77
99 71 13
99 72 62
99 74 62
99 75 53
99 76 89
99 77 100
99 78 100
99 79 61
99 80 71
99 81 46
99 83 32
99 85 90
99 88 36
99 89 57
99 90 32
99 91 64
99 92 25
99 94 4
99 95 10
99 98 64
