100 3465
-1
26 96 95
86 87 77
82 65 82
8 63 96
42 2 76
10 95 74
58 72 74
15 40 87
31 65 99
73 61 87
57 8 82
72 68 70
7 31 89
65 68 92
23 92 96
89 96 95
27 6 97
93 31 83
79 77 78
68 68 97
33 68 95
40 58 99
97 99 73
3 95 73
84 23 76
90 98 94
74 43 99
1 4 78
70 11 76
77 89 75
95 64 74
93 78 84
2 30 83
20 95 78
12 25 77
78 14 93
20 90 87
75 53 81
1 80 71
95 40 93
83 88 95
93 22 85
53 53 81
90 46 75
35 10 89
0 54 100
65 52 100
46 68 87
9 97 82
67 20 80
30 91 86
1 15 91
51 27 83
17 39 95
96 24 90
80 96 75
3 25 79
7 31 95
11 91 81
90 27 83
97 88 99
52 12 75
66 42 82
5 25 90
11 86 99
27 88 87
93 81 90
50 83 87
13 94 87
97 78 81
48 10 83
50 19 99
32 15 86
98 43 91
93 59 76
26 32 71
70 67 93
84 51 83
16 72 73
69 27 70
70 99 86
31 14 72
46 67 86
1 6 96
15 41 71
18 68 89
88 46 83
45 36 93
34 34 72
44 57 98
12 43 84
28 36 97
85 57 94
43 54 99
35 1 70
1 70 94
48 94 84
55 67 81
84 43 83
41 30 79
-1
1 0 60
2 0 64
2 1 22
3 0 37
3 1 81
3 2 74
4 1 95
4 2 74
4 3 69
5 3 32
6 2 25
7 0 57
7 1 85
7 2 71
7 3 24
7 5 55
7 6 53
8 1 59
8 2 51
8 3 23
8 6 27
9 1 29
9 2 9
9 3 65
9 4 66
9 7 61
9 8 42
10 0 93
10 2 62
10 3 73
10 5 98
10 6 64
10 8 62
11 0 53
11 1 23
11 2 10
11 3 64
11 4 72
11 5 67
11 6 14
11 7 63
11 8 41
11 9 7
11 10 61
12 0 67
12 1 96
12 2 82
12 4 45
12 5 64
12 6 65
12 7 12
12 8 41
12 9 72
12 10 55
12 11 74
13 0 48
13 2 17
13 4 69
13 5 61
13 6 8
13 8 34
13 9 10
13 10 60
13 12 68
14 1 63
14 2 64
14 4 91
14 6 40
14 7 52
14 8 28
14 9 58
14 11 54
14 12 63
15 1 9
15 2 31
15 4 105
15 5 79
15 7 92
15 8 65
15 10 93
15 11 32
15 13 36
15 14 66
16 0 90
16 1 100
16 4 15
16 7 36
16 8 59
16 9 71
16 10 30
16 11 76
16 12 32
16 13 72
16 15 109
17 0 93
17 1 56
17 4 58
17 5 104
17 6 53
17 7 78
17 8 70
17 10 42
17 11 42
17 12 86
17 13 46
17 14 92
17 15 65
17 16 70
18 1 12
18 2 12
18 3 72
18 4 83
18 5 71
18 6 21
18 7 73
18 9 17
18 10 72
18 11 11
18 12 85
18 13 16
18 14 57
18 16 88
18 17 48
19 0 50
19 1 26
19 2 14
19 4 70
19 5 63
19 6 10
19 7 59
19 8 37
19 10 61
19 11 4
19 12 71
19 13 3
19 14 51
19 15 35
19 16 74
19 17 44
19 18 14
20 0 28
20 1 56
20 3 25
20 4 66
20 5 35
20 6 25
20 8 3
20 9 40
20 10 64
20 12 45
20 13 32
20 16 62
20 18 46
20 19 35
21 0 40
21 2 42
21 3 32
21 6 22
21 8 11
21 9 33
21 10 52
21 11 33
21 12 42
21 13 26
21 14 38
21 16 53
21 18 43
21 19 29
22 0 71
22 1 16
22 5 87
22 7 101
22 9 44
22 11 39
22 12 112
22 13 44
22 14 74
22 15 8
22 16 116
22 17 68
22 18 28
22 21 70
23 0 23
23 1 83
23 2 84
23 3 32
23 4 100
23 5 7
23 6 59
23 7 56
23 8 41
23 10 102
23 11 74
23 12 64
23 13 67
23 14 20
23 15 86
23 17 110
23 18 78
23 19 70
23 20 40
23 21 52
23 22 94
24 0 93
24 1 64
24 2 42
24 4 46
24 5 103
24 6 55
24 8 67
24 9 39
24 10 30
24 11 46
24 12 77
24 13 48
24 14 92
24 15 73
24 16 59
24 17 12
24 18 54
24 19 47
24 20 68
24 21 56
24 22 77
25 2 33
25 3 89
25 5 80
25 6 41
25 8 67
25 9 40
25 10 95
25 13 39
25 14 67
25 16 111
25 17 67
25 18 23
25 20 64
25 22 7
25 24 75
26 1 45
26 2 23
26 3 68
26 4 52
26 5 82
26 6 33
26 7 59
26 10 38
26 13 26
26 14 70
26 15 55
26 16 59
26 17 22
26 18 34
26 21 37
26 22 60
26 23 88
26 24 22
27 1 118
27 3 59
27 4 41
27 5 91
27 6 88
27 7 38
27 8 67
27 9 91
27 10 56
27 11 95
27 12 27
27 13 90
27 14 90
27 15 127
27 16 26
27 17 95
27 18 106
27 21 66
27 22 135
27 23 91
27 24 85
27 25 129
28 0 95
28 1 77
28 3 80
28 5 103
28 9 50
28 10 13
28 11 57
28 12 66
28 14 93
28 17 30
28 19 57
28 21 55
28 24 18
28 25 89
28 26 32
28 27 69
29 0 51
29 1 9
29 3 73
29 4 93
29 5 67
29 8 51
29 9 28
29 10 83
29 14 54
29 15 13
29 16 96
29 18 12
29 19 22
29 21 48
29 23 74
29 24 66
29 25 15
29 26 46
29 27 114
29 28 78
30 1 24
30 2 13
30 3 87
30 4 81
30 5 90
30 6 37
30 7 83
30 8 64
30 9 22
30 10 67
30 12 93
30 15 32
30 17 33
30 18 20
30 20 62
30 22 35
30 23 97
30 24 42
30 25 34
30 26 29
30 28 58
31 0 69
31 3 86
31 4 91
31 5 84
31 9 26
31 10 78
31 11 23
31 13 29
31 14 71
31 16 97
31 18 14
31 19 26
31 21 56
31 22 21
31 24 55
31 25 20
31 26 39
31 28 70
31 29 19
32 0 70
32 1 101
32 2 87
32 3 33
32 5 65
32 6 70
32 7 16
32 8 45
32 9 77
32 10 59
32 12 5
32 13 73
32 14 65
32 15 109
32 20 49
32 21 47
32 22 117
32 24 82
32 25 111
32 26 73
32 27 26
32 28 70
32 29 95
32 31 102
33 1 66
33 2 68
33 3 34
33 4 95
33 5 10
33 6 44
33 7 55
33 8 31
33 9 62
33 10 94
33 13 52
33 15 69
33 16 89
33 17 97
33 18 61
33 21 42
33 22 77
33 23 17
33 24 96
33 25 70
33 26 74
33 28 97
33 29 57
33 30 81
33 31 74
33 32 67
34 0 72
34 1 96
34 2 80
34 3 38
34 4 37
34 5 70
34 6 65
34 7 15
34 9 70
34 11 73
34 13 68
34 14 67
34 17 81
34 18 84
34 19 70
34 20 47
34 21 43
34 22 112
34 23 70
34 24 72
34 25 106
34 27 23
34 28 59
34 29 91
34 30 91
34 31 96
34 32 11
34 33 70
35 2 51
35 4 37
35 9 47
35 12 73
35 14 95
35 15 82
35 16 51
35 17 22
35 18 63
35 19 54
35 20 70
35 21 58
35 23 110
35 24 10
35 25 84
35 26 29
35 27 77
35 28 8
35 29 75
35 30 52
35 31 65
35 32 77
36 0 8
36 1 66
36 2 66
36 5 11
36 6 42
36 7 50
36 9 60
36 10 89
36 11 56
36 12 60
36 13 50
36 14 3
36 15 69
36 16 84
36 20 25
36 21 37
36 25 70
36 27 88
36 28 93
36 29 57
36 30 79
36 31 73
36 33 5
36 35 95
37 0 65
37 1 35
37 3 67
37 4 60
37 6 25
37 8 45
37 9 8
37 12 71
37 13 18
37 15 45
37 17 28
37 18 24
37 21 35
37 22 50
37 24 31
37 25 47
37 27 88
37 28 42
37 30 22
37 32 76
37 33 69
37 35 39
37 36 66
38 1 85
38 2 82
38 3 18
38 4 88
38 7 42
38 8 33
38 12 49
38 13 65
38 15 89
38 16 78
38 17 104
38 18 78
38 19 68
38 20 34
38 21 44
38 22 97
38 26 81
38 27 76
38 28 97
38 29 76
38 31 92
38 33 24
38 36 21
39 0 88
39 1 47
39 4 65
39 6 48
39 7 80
39 8 68
39 15 56
39 16 76
39 17 9
39 18 40
39 19 38
39 20 68
39 22 59
39 23 107
39 25 58
39 27 100
39 28 38
39 30 24
39 31 38
39 32 93
39 33 93
39 34 84
39 36 90
39 37 23
40 0 57
40 1 3
40 2 23
40 3 79
40 4 95
40 7 83
40 9 28
40 10 84
40 11 22
40 12 95
40 13 26
40 14 60
40 15 10
40 16 99
40 17 57
40 19 25
40 20 53
40 21 52
40 22 17
40 26 45
40 29 6
40 30 26
40 31 14
40 32 99
40 34 94
40 35 74
40 36 63
40 38 82
40 39 49
41 0 99
41 2 44
41 3 94
41 4 54
41 5 110
41 6 61
41 7 80
41 8 75
41 11 50
41 12 86
41 13 53
41 14 98
41 15 74
41 16 67
41 17 9
41 19 52
41 21 64
41 22 77
41 24 9
41 26 28
41 27 93
41 28 25
41 32 91
41 34 81
41 37 35
41 38 108
41 40 66
42 1 47
42 2 31
42 3 46
42 4 52
42 6 19
42 7 40
42 8 25
42 9 21
42 10 45
42 11 24
42 13 19
42 16 53
42 17 45
42 19 21
42 22 63
42 24 43
42 25 58
42 26 23
42 27 71
42 29 43
42 30 43
42 31 47
42 32 55
42 34 49
42 35 46
42 36 49
42 37 22
42 40 46
42 41 50
43 0 81
43 3 83
43 4 65
43 5 93
43 7 75
43 8 61
43 10 50
43 11 28
43 12 84
43 13 33
43 14 81
43 15 50
43 16 74
43 19 31
43 20 61
43 22 53
43 23 99
43 24 23
43 27 98
43 28 40
43 29 44
43 30 18
43 31 32
43 32 89
43 33 85
43 37 16
43 38 95
43 39 7
43 40 42
43 41 24
44 0 86
44 1 92
44 2 72
44 4 10
44 5 88
44 6 66
44 7 36
44 8 55
44 9 63
44 10 22
44 11 68
44 12 35
44 13 65
44 14 82
44 15 101
44 16 8
44 18 80
44 19 66
44 20 58
44 23 90
44 25 103
44 26 51
44 28 35
44 30 80
44 31 89
44 32 38
44 34 27
44 35 43
44 36 81
44 37 58
44 38 77
44 39 67
44 40 91
44 42 46
45 0 49
45 1 92
45 2 82
45 3 12
45 4 66
45 6 60
45 7 20
45 10 73
45 11 73
45 12 24
45 14 44
45 15 98
45 18 82
45 19 69
45 20 35
45 22 106
45 23 41
45 30 95
45 31 96
45 33 45
45 34 31
45 35 87
45 36 41
45 37 75
45 38 26
45 41 98
45 43 90
45 44 56
46 1 40
46 3 58
46 4 55
46 6 21
46 7 51
46 9 12
46 10 44
46 13 16
46 15 50
46 17 35
46 18 28
46 19 16
46 20 35
46 21 25
46 22 56
46 23 75
46 24 34
46 25 52
46 26 12
46 27 80
46 28 41
46 31 38
46 32 66
46 34 59
46 35 40
46 36 58
46 37 10
46 39 32
46 41 41
46 44 51
47 0 34
47 1 44
47 3 38
47 4 66
47 6 12
47 7 41
47 10 61
47 11 26
47 12 53
47 14 33
47 15 51
47 16 64
47 17 59
47 19 22
47 20 13
47 22 59
47 23 50
47 24 58
47 26 37
47 27 78
47 29 37
47 30 49
47 32 58
47 34 54
47 37 32
47 39 56
47 42 16
47 43 49
47 44 59
47 45 48
47 46 24
48 0 17
48 3 34
48 5 2
48 6 55
48 7 57
48 8 38
48 9 73
48 11 69
48 12 66
48 14 14
48 15 80
48 17 106
48 18 72
48 19 65
48 20 37
48 21 49
48 23 6
48 24 105
48 26 84
48 27 93
48 30 92
48 31 86
48 32 67
48 33 11
48 34 72
48 38 18
48 40 74
48 41 112
48 42 62
48 44 90
48 45 43
48 46 71
48 47 47
49 1 69
49 5 94
49 6 52
49 7 55
49 8 57
49 9 41
49 11 48
49 12 61
49 13 48
49 15 79
49 17 28
49 18 58
49 19 48
49 21 46
49 22 84
49 23 98
49 25 81
49 27 67
49 28 9
49 29 69
49 30 52
49 31 63
49 32 65
49 33 88
49 35 12
49 36 84
49 37 33
49 38 89
49 39 34
49 40 69
49 41 26
49 42 35
49 43 34
49 44 33
49 45 75
49 47 52
49 48 96
50 0 6
50 1 56
50 2 58
50 3 35
50 4 89
50 5 20
50 6 33
50 9 52
50 11 47
50 12 64
50 13 41
50 14 7
50 19 44
50 20 23
50 21 34
50 22 67
50 23 27
50 25 60
50 26 65
50 27 91
50 30 70
50 31 64
50 32 67
50 33 10
50 34 68
50 35 90
50 37 58
50 39 82
50 41 93
50 42 44
50 43 75
50 44 81
50 45 47
50 46 52
50 47 28
50 48 21
51 0 84
51 1 111
51 3 48
51 5 80
51 6 80
51 7 28
51 8 58
51 9 85
51 12 17
51 14 80
51 16 27
51 19 85
51 20 61
51 21 58
51 23 80
51 24 83
51 26 78
51 27 11
51 29 106
51 30 106
51 31 111
51 32 15
51 33 82
51 34 14
51 35 77
51 36 77
51 37 83
51 38 65
51 40 109
51 42 64
51 43 94
51 45 39
51 46 73
51 47 69
51 48 82
51 50 81
52 0 73
52 3 56
52 4 26
52 5 79
52 6 45
52 9 40
52 10 19
52 11 46
52 12 44
52 13 43
52 14 70
52 15 78
52 16 31
52 17 42
52 19 44
52 20 44
52 21 32
52 23 83
52 24 33
52 26 28
52 29 67
52 30 57
52 32 49
52 34 39
52 36 70
52 37 35
52 38 72
52 39 45
52 40 68
52 43 43
52 45 57
52 48 81
52 49 17
52 51 51
53 0 57
53 1 84
53 2 70
53 3 25
53 5 56
53 7 2
53 8 29
53 10 50
53 11 62
53 14 53
53 15 91
53 16 34
53 17 76
53 19 58
53 21 29
53 22 100
53 23 57
53 24 68
53 26 57
53 29 78
53 30 81
53 32 17
53 33 56
53 34 14
53 35 65
53 37 59
53 38 44
53 39 78
53 40 82
53 41 77
53 42 38
53 45 22
53 46 49
53 48 58
53 50 53
53 51 28
53 52 36
54 0 100
54 1 63
54 2 43
54 3 96
54 5 111
54 6 61
54 7 82
54 9 43
54 11 50
54 12 89
54 13 53
54 14 99
54 15 72
54 16 71
54 18 55
54 19 52
54 20 76
54 21 65
54 22 75
54 23 117
54 24 12
54 27 97
54 28 29
54 30 40
54 33 104
54 34 84
54 35 20
54 36 100
54 37 35
54 38 110
54 39 16
54 40 65
54 41 3
54 43 22
54 44 62
54 45 100
54 46 41
54 47 66
54 48 113
54 49 29
55 4 101
55 5 70
55 8 57
55 12 97
55 13 31
55 14 57
55 19 30
55 20 54
55 22 17
55 23 77
55 24 73
55 27 121
55 29 7
55 31 22
55 32 102
55 34 98
55 35 82
55 36 60
55 37 43
55 38 80
55 39 57
55 41 75
55 44 97
55 45 90
55 46 46
55 47 44
55 50 50
55 51 113
55 53 84
55 54 73
56 1 103
56 2 88
56 3 38
56 5 70
56 6 72
56 8 48
56 9 78
56 10 56
56 11 81
56 12 7
56 13 75
56 14 69
56 17 90
56 18 92
56 19 77
56 20 52
56 21 49
56 22 119
56 23 70
56 26 73
56 27 21
56 31 104
56 32 5
56 33 72
56 34 9
56 37 77
56 38 55
56 39 93
56 40 101
56 41 90
56 43 89
56 47 60
56 48 72
56 49 64
56 50 71
56 52 48
56 53 19
56 54 93
57 1 96
57 2 82
57 3 32
57 4 45
57 6 65
57 7 12
57 8 41
57 10 55
57 11 74
57 12 0
57 13 68
57 14 63
57 18 85
57 19 71
57 20 45
57 21 42
57 22 112
57 23 64
57 25 106
57 26 68
57 27 27
57 30 93
57 31 98
57 32 5
57 36 60
57 37 71
57 38 49
57 39 88
57 40 95
57 41 86
57 42 50
57 43 84
57 44 35
57 45 24
57 46 61
57 47 53
57 48 66
57 49 61
57 50 64
57 51 17
57 52 44
57 54 89
57 55 97
57 56 7
58 0 15
58 1 75
58 2 75
58 3 28
58 4 94
58 5 4
58 6 50
58 8 32
58 9 68
58 10 94
58 11 65
58 12 60
58 14 12
58 15 78
58 16 86
58 17 101
58 18 69
58 19 61
58 20 31
58 21 43
58 22 86
58 23 8
58 24 99
58 26 79
58 27 87
58 29 66
58 30 88
58 31 83
58 32 61
58 33 9
58 35 102
58 36 9
58 37 74
58 38 14
58 40 72
58 42 56
58 44 84
58 45 38
58 46 66
58 47 41
58 49 90
58 50 19
58 52 75
58 54 108
58 55 69
58 56 66
58 57 60
59 0 94
59 1 60
59 3 89
59 4 54
59 5 104
59 7 76
59 8 70
59 9 38
59 10 38
59 12 83
59 14 93
59 16 66
59 17 5
59 19 46
59 20 70
59 23 110
59 24 7
59 25 71
59 27 91
59 29 63
59 30 37
59 31 51
59 32 88
59 33 97
59 34 78
59 35 17
59 36 94
59 38 103
59 40 61
59 41 5
59 42 45
59 43 19
59 44 57
59 45 93
59 46 35
59 47 60
59 48 107
59 49 24
59 50 87
59 51 89
59 53 73
59 54 6
59 55 69
59 56 87
59 57 83
59 58 101
60 0 71
60 1 11
60 2 27
60 3 92
60 4 102
60 7 95
60 8 69
60 9 36
60 10 89
60 12 106
60 17 57
60 19 35
60 20 67
60 21 64
60 23 94
60 24 66
60 25 12
60 26 50
60 27 127
60 28 81
60 34 105
60 35 76
60 36 77
60 37 41
60 41 66
60 42 56
60 43 42
60 44 99
60 45 102
60 46 48
60 48 88
60 51 120
60 52 76
60 53 93
60 54 64
60 56 113
60 57 106
60 58 86
60 59 61
61 0 87
61 1 82
61 2 60
61 3 67
61 5 93
61 7 46
61 10 6
61 13 57
61 14 85
61 15 91
61 16 25
61 17 45
61 18 70
61 22 97
61 23 96
61 24 33
61 25 94
61 26 38
61 28 18
61 30 67
61 32 53
61 34 42
61 37 47
61 38 85
61 40 82
61 42 41
61 43 50
61 44 17
61 45 66
61 46 42
61 47 56
61 48 95
61 50 82
61 52 15
61 53 44
61 54 45
61 55 88
61 56 50
61 57 48
61 59 40
62 4 46
62 5 77
62 8 41
62 9 20
62 10 35
62 11 26
62 13 26
62 14 65
62 16 53
62 17 29
62 19 26
62 24 26
62 25 60
62 26 8
62 27 75
62 28 31
62 29 48
62 30 36
62 31 45
62 32 65
62 34 56
62 36 66
62 37 14
62 39 29
62 40 49
62 41 33
62 42 17
62 43 24
62 45 67
62 46 10
62 48 79
62 50 60
62 51 70
62 53 49
62 54 34
62 55 55
62 56 65
62 58 73
62 59 28
62 60 55
62 61 33
63 0 74
63 1 102
63 2 86
63 3 38
63 4 43
63 5 70
63 6 70
63 7 18
63 8 47
63 9 76
63 10 54
63 11 79
63 13 73
63 14 69
63 15 109
63 16 29
63 17 88
63 18 90
63 19 76
63 20 51
63 21 48
63 22 118
63 23 70
63 26 71
63 28 66
63 29 96
63 30 98
63 31 102
63 32 5
63 33 71
63 35 73
63 36 66
63 37 75
63 38 55
63 39 91
63 40 100
63 41 88
63 42 55
63 46 65
63 47 59
63 50 70
63 51 10
63 52 46
63 53 18
63 54 91
63 55 103
63 56 2
63 58 66
63 59 85
63 61 48
64 1 75
64 2 74
64 3 23
64 4 89
64 5 9
64 7 46
64 8 29
64 9 66
64 10 90
64 11 63
64 12 55
64 13 56
64 15 78
64 20 28
64 22 86
64 23 12
64 24 96
64 26 76
64 30 86
64 33 12
64 34 61
64 35 98
64 38 11
64 39 95
64 40 72
64 42 53
64 43 88
64 47 39
64 49 86
64 51 71
64 53 47
64 54 105
64 56 61
64 57 55
64 58 5
64 59 98
64 60 86
64 61 84
64 62 70
64 63 61
65 0 8
65 1 59
65 2 59
65 3 31
65 4 87
65 5 18
65 6 34
65 7 49
65 9 53
65 10 85
65 13 42
65 15 62
65 16 82
65 19 45
65 20 20
65 23 25
65 24 86
65 25 63
65 28 88
65 29 50
65 30 72
65 31 66
65 32 63
65 34 64
65 35 89
65 36 7
65 37 59
65 38 27
65 39 83
65 40 56
65 41 93
65 43 75
65 44 78
65 45 43
65 49 78
65 50 4
65 51 77
65 52 65
65 54 94
65 55 53
65 56 67
65 58 16
65 59 87
65 61 80
65 62 60
65 63 66
66 1 9
66 3 86
66 4 94
66 5 84
66 6 36
66 7 88
66 8 64
66 11 24
66 12 99
66 13 30
66 14 70
66 16 99
66 18 14
66 19 28
66 22 18
66 23 91
66 24 58
66 27 119
66 28 73
66 29 17
66 30 17
66 31 3
66 32 104
66 35 68
66 36 73
66 37 33
66 38 92
66 39 41
66 40 12
66 41 59
66 45 96
66 46 40
66 47 48
66 48 85
66 49 66
66 50 63
66 51 113
66 55 19
66 56 106
66 57 99
66 60 8
66 61 80
66 62 47
66 63 104
66 64 82
66 65 66
67 1 36
67 2 36
67 3 46
67 4 81
67 5 41
67 6 13
67 7 55
67 9 31
67 10 75
67 12 67
67 13 21
67 14 28
67 15 41
67 16 80
67 18 29
67 21 26
67 22 49
67 24 68
67 25 42
67 26 46
67 27 92
67 28 74
67 29 27
67 30 48
67 33 32
67 34 69
67 35 74
67 36 30
67 37 39
67 40 33
67 41 74
67 42 30
67 43 54
67 44 74
67 45 57
67 46 34
67 47 15
67 49 65
67 50 21
67 51 83
67 52 56
67 55 32
67 56 74
67 57 67
67 59 68
67 61 71
67 64 39
67 66 43
68 2 74
68 3 31
68 4 96
68 5 3
68 8 34
68 9 68
68 10 96
68 11 64
68 12 63
68 15 76
68 16 89
68 17 101
68 19 60
68 21 45
68 22 84
68 23 10
68 24 100
68 25 77
68 26 79
68 28 100
68 29 64
68 30 87
68 31 81
68 35 103
68 36 8
68 37 74
68 38 18
68 39 98
68 42 57
68 43 90
68 44 86
68 45 42
68 46 66
68 47 42
68 48 5
68 50 17
68 51 79
68 52 77
68 53 55
68 54 108
68 56 69
68 58 3
68 59 102
68 60 84
68 61 90
68 62 74
68 64 8
68 65 15
68 66 81
68 67 38
69 0 73
69 1 14
69 2 19
69 3 90
69 4 93
69 7 90
69 8 67
69 11 26
69 12 101
69 13 33
69 14 75
69 15 19
69 16 100
69 17 47
69 19 30
69 20 64
69 21 60
69 22 21
69 23 95
69 24 56
69 27 121
69 28 72
69 29 22
69 30 14
69 33 78
69 34 100
69 37 33
69 38 96
69 39 38
69 40 17
69 42 50
69 46 41
69 47 51
69 48 90
69 49 65
69 50 68
69 51 114
69 53 89
69 54 54
69 55 24
69 56 107
69 58 86
69 59 51
69 60 10
69 61 79
69 62 47
69 63 106
69 65 70
69 66 5
69 67 47
69 68 85
70 0 88
70 1 85
70 3 66
70 4 10
70 7 44
70 8 57
70 9 56
70 10 9
70 12 46
70 13 60
70 16 21
70 17 49
70 18 73
70 19 61
70 20 59
70 21 48
70 22 101
70 23 96
70 24 38
70 25 97
70 26 42
70 30 71
70 31 81
70 32 50
70 33 89
70 36 84
70 37 50
70 38 84
70 39 55
70 40 85
70 41 46
70 43 55
70 44 13
70 45 65
70 46 45
70 48 95
70 49 21
70 50 82
70 54 50
70 55 91
70 56 47
70 57 46
70 59 45
70 61 4
70 63 45
70 66 84
70 67 73
70 68 91
71 0 80
71 3 60
71 4 18
71 5 85
71 7 40
71 8 49
71 11 53
71 12 44
71 14 77
71 15 86
71 20 51
71 21 40
71 23 89
71 24 34
71 25 88
71 26 33
71 28 21
71 29 75
71 30 63
71 31 73
71 32 49
71 35 28
71 36 77
71 37 42
71 39 49
71 41 43
71 46 36
71 48 88
71 49 17
71 50 74
71 51 49
71 52 8
71 54 46
71 55 82
71 56 47
71 57 44
71 58 81
71 59 40
71 61 7
71 62 28
71 63 45
71 65 72
71 66 75
71 67 64
71 68 83
71 70 9
72 0 81
72 4 16
72 6 62
72 7 30
72 8 50
72 9 61
72 10 25
72 11 66
72 12 29
72 13 62
72 14 77
72 15 99
72 18 77
72 19 64
72 20 53
72 21 43
72 22 106
72 23 85
72 24 52
72 25 101
72 26 50
72 28 38
72 30 79
72 31 87
72 33 80
72 34 22
72 36 75
72 38 72
72 39 67
72 40 89
72 41 61
72 42 43
72 43 65
72 44 5
72 47 54
72 48 85
72 49 35
72 50 76
72 51 31
72 53 28
72 54 64
72 56 30
72 57 29
72 58 78
72 60 97
72 61 20
72 62 43
72 65 73
72 67 70
72 68 81
72 69 90
72 70 16
72 71 18
73 0 89
73 1 45
73 5 102
73 6 49
73 7 83
73 9 30
73 10 53
73 13 41
73 14 89
73 16 80
73 20 69
73 21 59
73 22 56
73 23 108
73 25 55
73 27 104
73 28 42
73 29 50
73 30 21
73 31 35
73 34 87
73 35 35
73 37 25
73 38 103
73 40 47
73 41 21
73 42 46
73 43 8
73 44 71
73 46 34
73 47 57
73 49 38
73 51 100
73 53 81
73 54 19
73 56 96
73 57 91
73 58 99
73 59 17
73 60 45
73 61 55
73 65 84
73 67 62
73 68 99
73 69 35
73 70 59
74 0 76
74 1 28
74 2 12
74 3 85
74 5 90
74 6 37
74 7 80
74 9 20
74 10 62
74 11 22
74 13 29
74 18 22
74 19 26
74 20 60
74 21 53
74 22 40
74 26 24
74 27 107
74 28 53
74 29 34
74 30 5
74 31 19
74 32 95
74 33 81
74 35 47
74 36 79
74 37 18
74 38 94
74 41 37
74 42 40
74 44 75
74 46 28
74 47 47
74 48 92
74 49 46
74 50 70
74 51 101
74 52 52
74 53 78
74 54 35
74 57 90
74 58 88
74 60 29
74 61 62
74 63 94
74 64 86
74 65 72
74 67 49
74 70 66
74 72 75
74 73 16
75 1 81
75 2 65
75 4 34
75 5 65
75 6 51
75 7 13
75 8 33
75 9 55
75 10 39
75 14 60
75 15 89
75 16 26
75 17 67
75 19 55
75 20 36
75 22 97
75 23 67
75 28 48
75 31 81
75 32 24
75 33 63
75 35 55
75 38 54
75 39 69
75 41 67
75 42 34
75 43 65
75 46 43
75 50 59
75 54 70
75 55 83
75 56 24
75 57 19
75 59 64
75 60 90
75 61 32
75 63 22
75 64 56
75 65 56
75 66 83
75 67 56
75 68 63
75 69 84
75 70 31
75 71 27
75 72 18
75 73 72
75 74 72
76 0 52
76 1 25
76 2 12
76 3 62
76 4 70
76 5 66
76 6 13
76 8 39
76 10 60
76 11 2
76 12 72
76 13 5
76 15 34
76 16 74
76 17 42
76 18 13
76 19 2
76 20 37
76 22 41
76 23 72
76 24 46
76 25 36
76 26 24
76 27 93
76 28 56
76 30 25
76 32 77
76 33 57
76 35 53
76 37 14
76 38 70
76 39 36
76 40 24
76 41 50
76 42 22
76 43 29
76 44 66
76 45 71
76 46 15
76 47 24
76 48 67
76 52 44
76 53 59
76 54 50
76 55 30
76 57 72
76 63 77
76 64 61
76 65 47
76 66 26
76 68 63
76 69 29
76 73 36
76 74 24
76 75 56
77 0 73
77 2 14
77 4 64
77 5 86
77 6 33
77 7 69
77 12 79
77 13 25
77 14 73
77 15 45
77 17 21
77 18 26
77 22 49
77 24 28
77 25 47
77 26 12
77 28 42
77 29 38
77 30 17
77 34 76
77 35 37
77 36 74
77 38 87
77 39 15
77 42 31
77 43 7
77 44 63
77 48 87
77 51 90
77 52 40
77 54 29
77 56 85
77 57 79
77 58 83
77 59 24
77 60 39
77 62 20
77 63 83
77 64 80
77 65 67
77 66 31
77 69 29
77 72 63
77 73 16
77 74 12
77 75 61
77 76 21
78 1 71
78 2 66
78 3 12
78 6 42
78 7 32
78 8 16
78 10 76
78 11 56
78 12 41
78 13 49
78 14 21
78 15 76
78 16 66
78 17 87
78 18 63
78 19 52
78 20 17
78 21 27
78 22 85
78 24 83
78 25 78
78 26 64
78 27 69
78 28 81
78 29 63
78 31 77
78 33 23
78 34 47
78 35 84
78 36 18
78 37 61
78 38 17
78 40 68
78 41 91
78 42 41
78 43 78
78 44 64
78 45 24
78 46 52
78 47 30
78 48 25
78 49 72
78 50 23
78 51 58
78 52 57
78 53 33
78 55 68
78 56 48
78 57 41
78 59 86
78 60 82
78 61 69
78 63 48
78 64 14
78 65 19
78 67 35
78 70 69
78 73 86
78 75 41
79 0 81
79 1 62
79 7 55
79 8 53
79 9 34
79 10 22
79 11 41
79 14 79
79 16 46
79 17 24
79 18 50
79 19 41
79 21 42
79 23 94
79 24 15
79 25 74
79 27 71
79 28 16
79 29 62
79 30 45
79 31 56
79 32 67
79 33 83
79 34 57
79 35 15
79 39 29
79 40 62
79 43 28
79 44 38
79 45 74
79 46 25
79 48 92
79 49 7
79 50 74
79 51 69
79 52 18
79 53 53
79 54 27
79 55 69
79 56 66
79 59 21
79 60 67
79 62 15
79 63 64
79 66 59
79 67 59
79 68 87
79 69 58
79 70 27
79 71 20
79 72 38
79 73 33
79 74 40
79 75 43
79 77 28
79 78 69
80 0 44
80 1 20
80 6 29
80 8 51
80 9 38
80 10 91
80 12 92
80 13 31
80 14 47
80 15 19
80 16 102
80 17 71
80 20 48
80 23 67
80 24 77
80 26 56
80 27 117
80 29 12
80 32 96
80 33 50
80 34 94
80 35 85
80 36 50
80 40 17
80 41 80
80 42 49
80 43 56
80 44 95
80 46 47
80 47 39
80 48 61
80 50 40
80 51 108
80 53 80
80 55 10
80 56 99
80 57 92
80 58 59
80 61 88
80 62 57
80 63 98
80 65 44
80 66 29
80 68 57
80 71 82
80 72 92
80 73 62
80 74 46
80 76 32
80 77 50
80 78 60
80 79 72
81 0 82
81 1 91
81 2 72
81 4 16
81 5 83
81 6 63
81 7 30
81 8 51
81 9 63
81 10 26
81 13 63
81 14 78
81 15 100
81 16 8
81 18 79
81 19 65
81 20 54
81 22 107
81 24 53
81 26 51
81 27 31
81 29 87
81 30 81
81 31 89
81 32 33
81 33 81
81 34 21
81 36 76
81 37 58
81 38 72
81 39 69
81 40 90
81 42 44
81 43 67
81 45 50
81 46 50
81 47 56
81 48 85
81 49 36
81 50 77
81 52 23
81 53 28
81 54 65
81 57 29
81 58 79
81 59 60
81 60 99
81 62 44
81 66 91
81 68 82
81 69 91
81 70 17
81 71 19
81 72 1
81 74 76
81 76 65
81 77 64
81 78 59
81 79 40
81 80 93
82 2 36
82 3 38
82 4 65
82 5 45
82 8 15
82 9 27
82 10 60
82 11 26
82 12 53
82 13 19
82 14 33
82 15 51
82 16 63
82 17 59
82 18 34
82 19 22
82 20 13
82 21 10
82 22 60
82 24 58
82 25 53
82 26 36
82 27 77
82 28 60
82 29 38
82 30 49
82 32 57
82 34 54
82 36 34
82 37 32
82 38 46
82 39 55
82 40 42
82 41 65
82 42 15
82 43 48
82 44 58
82 46 24
82 47 1
82 49 51
82 50 28
82 52 40
82 54 65
82 55 44
82 58 42
82 59 59
82 60 55
82 61 55
82 63 58
82 64 39
82 65 28
82 67 16
82 69 52
82 71 48
82 72 53
82 73 57
82 74 47
82 75 40
82 76 24
82 78 30
82 79 46
82 80 40
83 0 93
83 1 117
83 2 100
83 3 57
83 4 41
83 5 89
83 6 87
83 7 36
83 8 66
83 9 90
83 12 25
83 13 89
83 14 88
83 15 125
83 16 26
83 17 95
83 22 133
83 23 89
83 24 84
83 25 128
83 26 81
83 28 69
83 29 112
83 30 110
83 31 116
83 32 24
83 33 91
83 34 21
83 35 77
83 36 86
83 37 87
83 38 74
83 39 99
83 40 115
83 41 93
83 44 34
83 45 48
83 48 91
83 49 67
83 50 89
83 51 9
83 54 96
83 55 119
83 56 19
83 58 85
83 59 91
83 60 126
83 61 51
83 62 74
83 63 19
83 64 80
83 65 86
83 66 118
83 68 88
83 69 120
83 70 47
83 71 50
83 72 32
83 73 103
83 74 106
83 75 36
83 78 67
83 79 71
83 80 115
83 81 31
83 82 75
84 1 84
84 3 23
84 4 47
84 5 54
84 6 53
84 7 1
84 8 28
84 9 61
84 13 56
84 14 51
84 15 92
84 16 37
84 17 78
84 19 59
84 23 55
84 24 71
84 26 59
84 29 78
84 30 83
84 31 86
84 32 17
84 33 54
84 36 49
84 37 61
84 38 41
84 40 82
84 42 39
84 43 75
84 44 36
84 46 51
84 47 41
84 48 56
84 51 29
84 55 85
84 57 12
84 58 50
84 59 76
84 60 94
84 62 51
84 64 45
84 65 48
84 67 54
84 69 89
84 73 83
84 74 80
84 76 60
84 77 69
84 78 31
84 79 55
84 81 31
84 82 40
85 1 70
85 3 11
85 4 70
85 9 55
85 10 71
85 11 54
85 12 38
85 13 47
85 14 24
85 16 62
85 17 83
85 19 50
85 20 15
85 22 84
85 24 79
85 25 78
85 26 61
85 27 66
85 28 77
85 29 62
85 31 75
85 33 27
85 34 43
85 37 58
85 39 81
85 41 87
85 42 38
85 43 75
85 44 60
85 46 49
85 48 30
85 49 68
85 50 25
85 51 55
85 52 52
85 53 29
85 54 89
85 55 68
85 59 82
85 60 81
85 61 65
85 62 54
85 63 44
85 64 19
85 65 21
85 66 76
85 69 79
85 72 54
85 75 36
85 76 52
85 77 68
85 79 65
85 82 28
85 83 64
85 84 27
86 1 41
86 2 19
86 4 63
86 5 92
86 7 73
86 8 60
86 9 21
86 10 49
86 11 27
86 12 82
86 14 79
86 15 50
86 16 72
86 17 15
86 18 32
86 20 59
86 22 53
86 23 98
86 24 23
86 25 52
86 27 96
86 29 44
86 30 19
86 33 83
86 35 33
86 38 93
86 40 42
86 41 24
86 42 35
86 44 64
86 45 88
86 46 23
86 47 47
86 48 94
86 49 33
86 51 92
86 52 41
86 53 71
86 54 23
86 55 50
86 56 87
86 57 82
86 58 89
86 60 42
86 61 49
86 63 85
86 64 86
86 65 74
86 66 35
86 68 89
86 71 46
86 76 27
86 77 6
86 78 76
86 79 26
86 80 55
86 82 46
86 83 95
86 84 73
87 0 62
87 1 65
87 2 47
87 4 34
87 5 68
87 6 38
87 10 30
87 11 41
87 12 38
87 13 37
87 14 60
87 15 74
87 16 34
87 17 48
87 18 53
87 19 39
87 20 34
87 21 22
87 22 81
87 23 72
87 24 41
87 25 76
87 26 29
87 27 54
87 28 35
87 29 61
87 32 43
87 34 34
87 35 39
87 36 59
87 37 34
87 39 50
87 40 64
87 41 50
87 42 18
87 43 46
87 45 48
87 46 25
87 48 70
87 49 27
87 50 57
87 51 48
87 53 28
87 54 52
87 55 69
87 56 43
87 57 38
87 58 64
87 59 45
87 61 25
87 62 21
87 63 41
87 64 60
87 68 66
87 69 66
87 71 17
87 72 24
87 74 53
87 75 19
87 77 41
87 78 46
87 79 25
87 81 26
87 82 31
87 85 41
87 86 44
88 0 62
88 1 74
88 2 57
88 4 32
88 5 65
88 7 19
88 8 31
88 9 47
88 10 34
88 11 50
88 12 27
88 14 59
88 16 28
88 17 59
88 18 62
88 19 48
88 20 34
88 21 24
88 22 90
88 23 68
88 24 51
88 25 85
88 26 41
88 28 42
88 30 67
88 32 32
88 33 62
88 36 57
88 37 45
88 38 56
88 39 61
88 41 60
88 42 26
88 44 24
88 45 39
88 46 35
88 48 67
88 49 35
88 50 57
88 52 18
88 53 17
88 54 62
88 55 77
88 56 32
88 59 56
88 60 82
88 61 28
88 65 54
88 66 75
88 67 51
88 68 63
88 69 76
88 70 27
88 71 21
88 72 19
88 77 52
88 80 74
88 81 20
88 82 35
88 83 43
88 84 20
88 86 55
88 87 11
89 0 42
89 1 51
89 2 38
89 3 36
89 6 20
89 8 15
89 9 29
89 10 50
89 12 45
89 13 23
89 14 40
89 15 59
89 16 53
89 17 55
89 18 40
89 20 15
89 21 4
89 22 67
89 23 55
89 24 52
89 25 61
89 27 68
89 30 51
89 31 53
89 32 49
89 35 54
89 37 31
89 38 48
89 42 9
89 45 44
89 47 11
89 48 53
89 49 43
89 50 36
89 51 60
89 52 30
89 55 53
89 56 52
89 58 47
89 61 45
89 62 26
89 64 43
89 65 35
89 66 54
89 67 26
89 68 48
89 69 57
89 71 38
89 72 43
89 76 27
89 77 40
89 78 31
89 84 33
89 85 28
89 86 45
89 87 21
89 88 25
90 0 54
90 1 86
90 2 73
90 3 20
90 4 50
90 6 54
90 7 4
90 8 29
90 9 63
90 10 57
90 12 13
90 13 58
90 14 50
90 15 93
90 16 39
90 18 75
90 19 61
90 20 32
90 21 31
90 22 101
90 23 52
90 24 74
90 25 95
90 26 62
90 27 40
90 28 66
90 29 79
90 30 85
90 31 88
90 32 16
90 33 52
90 36 47
90 37 63
90 38 38
90 39 83
90 40 84
90 42 42
90 43 78
90 44 40
90 46 53
90 47 42
90 48 54
90 49 59
90 50 51
90 51 30
90 52 42
90 53 6
90 54 86
90 55 86
90 56 20
90 59 79
90 61 50
90 62 54
90 65 47
90 66 89
90 68 51
90 69 91
90 72 34
90 74 82
90 77 72
90 78 29
90 79 59
90 80 80
90 82 41
90 84 3
90 85 25
90 86 76
90 87 33
90 88 23
90 89 34
91 1 77
91 3 33
91 6 46
91 7 13
91 8 29
91 9 51
91 10 40
91 15 85
91 19 51
91 20 32
91 21 25
91 23 64
91 24 57
91 28 48
91 29 72
91 30 72
91 31 77
91 32 26
91 33 59
91 34 19
91 36 54
91 37 49
91 39 67
91 40 75
91 43 62
91 44 26
91 45 33
91 46 40
91 47 36
91 49 42
91 50 55
91 51 34
91 53 11
91 54 69
91 55 79
91 56 27
91 57 21
91 58 57
91 60 86
91 61 33
91 62 38
91 64 52
91 65 52
91 66 79
91 69 80
91 73 70
91 74 68
91 75 4
91 77 57
91 79 41
91 81 22
91 82 35
91 84 13
91 85 33
91 87 17
91 88 6
91 89 26
91 90 17
92 0 70
92 1 30
92 2 8
92 3 77
92 4 69
92 5 84
92 6 30
92 7 72
92 8 54
92 9 12
92 10 56
92 11 17
92 12 82
92 13 22
92 14 71
92 15 39
92 16 77
92 17 27
92 19 20
92 20 53
92 22 43
92 23 90
92 24 34
92 25 41
92 26 17
92 27 99
92 28 48
92 29 32
92 33 75
92 34 79
92 35 43
92 36 72
92 38 87
92 40 31
92 41 35
92 42 32
92 44 68
92 48 85
92 49 41
92 50 64
92 51 93
92 52 45
92 54 34
92 55 39
92 56 88
92 57 82
92 58 81
92 59 30
92 60 33
92 61 55
92 62 24
92 63 86
92 64 79
92 65 65
92 66 25
92 67 43
92 70 59
92 71 51
92 72 67
92 73 19
92 75 64
92 76 18
92 79 34
92 80 44
92 81 69
92 82 40
92 84 71
92 88 55
92 90 74
92 91 60
93 1 54
93 2 40
93 3 36
93 4 52
93 5 52
93 6 23
93 7 31
93 8 16
93 9 30
93 11 32
93 12 42
93 15 62
93 16 50
93 17 55
93 18 42
93 19 28
93 20 17
93 21 5
93 22 70
93 23 57
93 24 51
93 25 64
93 27 65
93 28 50
93 29 48
93 30 52
93 32 47
93 33 47
93 34 42
93 35 53
93 36 42
93 37 32
93 38 49
93 40 52
93 41 59
93 43 47
93 44 44
93 45 43
93 46 22
93 47 14
93 48 54
93 49 41
93 50 39
93 51 57
93 52 28
93 54 60
93 58 48
93 59 54
93 61 42
93 63 47
93 64 45
93 65 37
93 66 56
93 68 50
93 70 44
93 71 35
93 72 40
93 75 27
93 76 29
93 77 41
93 79 37
93 80 52
93 82 13
93 83 63
93 84 30
93 85 28
93 87 18
93 88 21
93 89 3
93 91 23
93 92 42
94 2 79
94 3 67
94 5 97
94 6 74
94 10 23
94 11 76
94 12 41
94 13 73
94 15 109
94 16 9
94 17 65
94 22 115
94 23 99
94 25 111
94 26 57
94 27 34
94 28 36
94 29 97
94 30 87
94 31 96
94 32 43
94 33 95
94 34 33
94 35 44
94 36 90
94 37 65
94 38 86
94 39 71
94 40 99
94 43 71
94 45 63
94 46 59
94 48 99
94 49 37
94 50 90
94 52 30
94 54 65
94 55 105
94 57 41
94 58 93
94 60 106
94 62 51
94 63 38
94 64 88
94 66 98
94 68 95
94 69 98
94 71 23
94 72 14
94 73 75
94 74 82
94 77 70
94 78 73
94 80 104
94 81 13
94 83 34
94 84 44
94 88 33
94 89 56
94 90 47
94 91 35
94 92 75
95 1 86
95 2 81
95 3 9
95 4 79
95 5 26
95 7 33
95 8 30
95 11 71
95 14 31
95 16 69
95 17 99
95 21 40
95 22 100
95 23 25
95 25 93
95 27 66
95 28 90
95 29 78
95 33 31
95 35 95
95 36 27
95 37 75
95 39 98
95 40 83
95 42 54
95 43 92
95 44 68
95 46 66
95 47 45
95 48 28
95 49 82
95 53 34
95 54 105
95 57 39
95 59 98
95 60 97
95 61 77
95 62 70
95 63 45
95 64 18
95 65 31
95 66 92
95 68 26
95 69 96
95 71 70
95 72 63
95 74 92
95 75 45
95 76 69
95 77 85
95 80 74
95 81 63
95 82 45
95 84 32
95 85 17
95 86 90
95 88 48
95 89 44
95 92 85
95 93 44
95 94 76
96 0 22
96 1 38
96 3 50
96 4 92
96 5 38
96 6 24
96 7 63
96 8 33
96 10 86
96 11 35
96 12 75
96 14 25
96 16 90
96 17 77
96 18 35
96 20 30
96 21 36
96 22 49
96 23 45
96 24 79
96 25 42
96 27 101
96 28 85
96 29 29
96 32 78
96 34 77
96 35 85
96 37 49
96 38 49
96 39 71
96 41 84
96 44 85
96 45 62
96 46 45
96 47 26
96 48 39
96 49 76
96 50 18
96 52 67
96 53 63
96 54 84
96 55 32
96 57 75
96 58 37
96 59 79
96 60 49
96 61 82
96 62 55
96 64 37
96 65 21
96 68 35
96 70 84
96 71 75
96 72 80
96 74 57
96 76 34
96 77 56
96 78 38
96 79 70
96 80 22
96 81 81
96 82 27
96 83 99
96 84 62
96 85 39
96 86 62
96 88 61
96 89 37
96 90 62
96 91 61
96 92 52
96 94 93
97 0 41
97 1 36
97 3 47
97 5 53
97 7 48
97 8 24
97 9 18
97 10 59
97 11 17
97 12 60
97 14 40
97 16 67
97 17 52
97 18 26
97 19 13
97 20 22
97 21 17
97 22 52
97 23 59
97 24 52
97 25 46
97 26 30
97 27 82
97 29 31
97 30 40
97 33 44
97 34 60
97 35 57
97 37 24
97 38 55
97 39 48
97 40 35
97 41 58
97 42 14
97 44 60
97 45 56
97 46 18
97 48 54
97 53 47
97 54 59
97 55 38
97 56 66
97 59 53
97 62 27
97 64 47
97 65 35
97 66 40
97 67 16
97 70 57
97 73 49
97 74 38
97 75 45
97 76 15
97 77 33
97 79 42
97 80 35
97 81 58
97 82 9
97 83 81
97 84 47
97 85 37
97 86 39
97 87 32
97 88 39
97 90 49
97 91 41
97 92 31
97 94 68
97 95 54
97 96 27
98 0 78
98 1 44
98 2 22
98 5 90
98 6 38
98 7 69
98 9 21
98 10 44
98 11 27
98 13 31
98 14 78
98 15 53
98 16 67
98 19 29
98 20 56
98 22 57
98 25 55
98 27 91
98 29 46
98 30 23
98 31 36
98 32 83
98 33 82
98 34 74
98 35 29
98 37 13
98 39 11
98 40 45
98 41 22
98 42 32
98 43 6
98 44 59
98 48 92
98 50 72
98 51 87
98 52 36
98 55 53
98 56 82
98 57 77
98 58 87
98 59 17
98 60 46
98 62 18
98 63 81
98 65 72
98 66 39
98 67 52
98 68 87
98 69 37
98 70 48
98 71 41
98 73 14
98 75 59
98 76 27
98 77 8
98 78 73
98 81 60
98 82 44
98 83 90
98 84 69
98 85 70
98 86 5
98 87 39
98 88 50
98 91 56
98 92 14
98 94 64
98 95 87
98 97 37
99 0 67
99 2 53
99 5 72
99 6 45
99 7 27
99 8 36
99 9 44
99 10 27
99 11 49
99 13 44
99 15 81
99 16 27
99 17 52
99 18 60
99 19 46
99 20 38
99 22 88
99 23 75
99 24 43
99 25 83
99 26 35
99 27 47
99 28 34
99 29 69
99 30 63
99 31 70
99 33 68
99 34 29
99 36 63
99 37 41
99 42 25
99 45 47
99 49 27
99 50 61
99 51 42
99 52 10
99 53 25
99 54 55
99 55 76
99 56 38
99 57 34
99 58 67
99 59 49
99 60 80
99 62 27
99 63 36
99 64 63
99 65 59
99 66 72
99 67 53
99 70 21
99 71 14
99 72 17
99 73 58
99 76 47
99 78 48
99 79 28
99 80 74
99 81 18
99 84 28
99 87 7
99 88 8
99 91 14
99 95 56
99 97 39
99 98 44
