200 5970
-1
43 35 133
54 17 72
95 42 127
48 93 91
21 52 102
87 32 123
33 15 140
35 20 118
64 67 89
10 19 109
54 75 75
34 54 83
4 90 114
70 32 127
98 66 87
80 4 93
60 16 131
36 72 132
84 69 117
54 29 140
58 27 97
7 23 141
90 59 106
14 55 111
81 83 133
22 46 124
85 38 135
60 79 97
91 87 115
8 9 99
21 84 82
96 63 119
14 97 71
5 97 113
13 96 87
74 61 101
71 62 131
54 75 104
47 98 131
37 94 80
53 22 93
3 71 70
94 73 121
44 57 83
94 49 77
97 8 109
80 25 101
39 22 129
87 82 101
77 49 73
34 86 93
100 8 115
52 59 73
41 64 94
80 67 88
93 33 95
33 36 125
16 61 140
17 74 78
27 78 134
20 25 78
9 1 72
50 49 79
48 15 96
37 33 128
3 19 128
45 73 137
67 72 118
94 21 135
16 34 90
7 53 73
35 94 116
58 46 130
76 48 129
55 53 122
27 10 105
26 99 129
75 57 117
63 38 139
98 44 132
51 86 87
92 0 87
39 95 90
58 80 125
80 32 130
99 59 78
73 36 70
58 89 125
45 67 71
65 97 128
2 21 91
78 58 107
89 87 83
88 1 137
60 91 79
79 27 115
32 25 85
89 34 97
6 13 113
7 7 101
25 14 111
55 25 85
56 76 129
93 24 96
45 97 107
54 23 132
15 36 74
55 5 129
21 33 105
56 96 116
56 30 92
21 20 100
53 8 126
51 79 129
7 90 95
45 83 117
0 41 121
85 11 137
73 46 113
68 95 140
24 32 88
53 42 71
53 1 136
68 7 91
60 26 71
9 37 81
62 27 76
81 65 125
22 44 88
87 77 120
20 4 91
30 56 140
66 26 94
73 90 141
94 17 88
68 92 95
38 20 123
67 57 115
66 66 118
1 84 94
48 29 122
72 5 108
39 30 94
4 10 132
6 60 71
45 56 75
100 32 80
24 5 136
93 98 90
57 33 107
83 47 85
89 15 80
37 16 98
51 26 74
42 12 99
50 11 138
81 86 86
65 34 134
44 96 99
56 60 136
36 87 127
42 62 131
76 64 116
1 63 128
93 22 105
86 62 117
62 92 74
75 42 141
61 73 96
33 28 72
72 70 81
47 61 101
98 33 71
42 98 90
12 57 91
88 93 112
96 92 124
34 17 122
98 21 121
72 6 114
38 7 136
99 78 103
93 26 118
5 73 109
30 77 114
10 44 135
46 90 127
82 34 78
74 51 83
89 79 115
66 73 95
40 44 98
72 42 140
1 86 123
81 11 95
98 83 140
20 90 83
33 95 99
48 41 99
92 94 94
-1
1 0 21
2 0 52
3 0 58
5 0 44
5 3 72
5 4 68
8 2 39
9 5 78
9 6 23
9 8 72
10 5 54
10 9 71
11 1 42
11 8 32
11 9 42
12 1 88
12 4 41
12 9 71
13 7 37
13 10 45
14 0 63
14 4 78
14 5 35
14 7 78
15 1 29
15 2 40
15 6 48
15 11 67
15 12 114
15 13 29
15 14 64
17 0 37
17 7 52
17 14 62
18 0 53
18 1 60
18 4 65
18 6 74
18 11 52
18 12 82
19 5 33
19 8 39
19 9 45
19 12 78
19 13 16
19 14 57
19 15 36
19 18 50
20 1 10
20 2 39
20 6 27
20 9 48
20 13 13
20 14 55
20 17 50
21 1 47
21 5 80
21 7 28
21 10 70
21 14 100
21 20 51
22 0 52
22 1 55
22 2 17
22 3 54
22 8 27
22 12 91
22 17 55
22 19 46
22 21 90
23 3 50
23 5 76
23 6 44
23 8 51
23 13 60
23 15 83
23 16 60
23 18 71
24 1 71
24 4 67
24 6 83
24 14 24
24 18 14
24 19 60
24 20 60
24 21 95
24 22 25
24 23 72
25 1 43
25 3 53
25 4 6
25 9 29
25 14 78
25 21 27
25 22 69
26 4 65
26 17 59
26 18 31
26 25 63
27 3 18
27 5 54
27 7 64
27 10 7
27 21 77
28 0 70
28 3 43
28 4 78
28 5 55
28 8 33
28 13 58
28 17 57
28 23 83
28 26 49
29 0 43
29 5 82
29 6 25
29 7 29
29 10 80
29 13 66
29 21 14
29 27 87
30 0 53
30 2 85
30 5 84
30 8 46
30 15 99
30 17 19
30 20 67
30 23 29
30 25 38
30 26 78
30 27 39
30 28 70
31 3 56
31 15 61
31 18 13
31 20 52
31 22 7
31 27 39
31 28 24
32 0 68
32 2 97
32 3 34
32 4 45
32 5 97
32 10 45
32 11 47
32 12 12
32 20 82
32 21 74
32 22 84
32 24 68
32 26 92
33 4 47
33 10 53
33 11 51
33 13 91
33 14 98
33 20 87
33 21 74
33 23 42
33 25 53
33 29 88
34 0 67
34 3 35
34 6 83
34 7 79
34 12 10
34 15 113
34 17 33
34 18 75
34 22 85
34 23 41
34 25 50
34 27 49
34 31 89
34 33 8
35 3 41
35 9 76
35 10 24
35 15 57
35 18 12
35 20 37
35 21 77
35 23 60
35 26 25
35 27 22
35 28 31
35 30 57
35 33 77
36 5 34
36 6 60
36 9 74
36 11 37
36 16 47
36 19 37
36 21 74
36 31 25
36 32 66
36 34 67
37 1 58
37 2 52
37 3 18
37 4 40
37 6 63
37 11 29
37 21 70
37 26 48
37 27 7
37 28 38
37 32 45
38 4 52
38 5 77
38 23 54
38 30 29
38 32 33
39 1 78
39 4 44
39 6 79
39 9 79
39 10 25
39 11 40
39 14 67
39 19 67
39 20 70
39 24 45
39 25 50
39 26 73
39 28 54
39 30 18
39 31 66
40 0 16
40 1 5
40 2 46
40 4 43
40 13 19
40 15 32
40 19 7
40 20 7
40 21 46
40 31 59
40 33 89
40 38 76
41 1 74
41 3 50
41 14 95
41 15 102
41 28 89
41 29 62
41 33 26
41 35 71
41 40 70
42 0 63
42 1 68
42 2 31
42 6 84
42 7 79
42 14 8
42 16 66
42 17 58
42 18 10
42 20 58
42 21 100
42 24 16
42 29 107
42 36 25
42 38 53
42 39 60
43 0 22
43 11 10
43 17 17
43 27 27
43 28 55
43 29 60
43 33 55
43 37 20
43 38 41
43 41 43
43 42 52
44 0 52
44 1 51
44 2 7
44 3 63
44 8 34
44 19 44
44 20 42
44 33 101
44 37 47
44 38 67
44 41 93
44 43 50
45 0 60
45 8 67
45 12 123
45 14 58
45 16 37
45 17 88
45 19 47
45 27 80
45 29 89
45 32 121
45 34 121
45 37 79
45 41 113
45 42 65
45 44 41
46 1 27
46 13 12
46 15 21
46 20 22
46 21 73
46 24 58
46 32 97
46 34 97
46 37 56
46 40 27
46 42 50
46 43 48
46 45 24
47 1 15
47 6 9
47 10 55
47 11 32
47 12 76
47 13 32
47 22 63
47 23 41
47 24 74
47 25 29
47 27 60
47 31 70
47 37 55
47 40 14
47 44 61
47 45 59
47 46 41
48 0 64
48 5 50
48 9 99
48 13 52
48 16 71
48 18 13
48 20 62
48 24 6
48 30 66
48 33 83
48 38 43
48 41 84
48 42 11
48 43 49
48 47 76
49 1 39
49 3 52
49 4 56
49 6 55
49 11 43
49 13 18
49 14 27
49 15 45
49 17 47
49 19 30
49 21 74
49 23 63
49 24 34
49 25 55
49 30 66
49 34 79
49 38 57
49 39 60
49 42 29
49 45 45
50 0 51
50 6 71
50 10 22
50 13 64
50 15 94
50 24 47
50 26 70
50 27 26
50 28 57
50 30 13
50 31 66
50 35 47
50 41 34
50 49 56
51 1 46
51 6 67
51 7 66
51 8 69
51 17 90
51 19 50
51 22 51
51 24 77
51 25 86
51 26 33
51 31 55
51 32 123
51 33 130
51 37 81
51 39 106
51 49 47
51 50 102
52 4 31
52 8 14
52 15 61
52 19 30
52 23 38
52 30 39
52 32 53
52 37 16
52 38 39
52 39 38
52 43 8
52 46 44
52 48 41
52 49 26
53 3 29
53 8 23
53 10 17
53 14 57
53 15 71
53 16 51
53 17 9
53 24 44
53 32 42
53 33 48
53 34 42
53 36 30
53 40 43
53 42 53
54 0 48
54 2 29
54 14 18
54 16 54
54 17 44
54 19 46
54 20 45
54 23 67
54 30 61
54 33 80
54 35 8
54 36 10
54 37 27
54 45 61
54 52 29
55 6 62
55 8 44
55 9 84
55 14 33
55 16 37
55 17 69
55 19 39
55 21 86
55 23 82
55 32 101
55 36 36
55 38 79
55 41 97
55 42 40
55 48 49
55 50 79
55 53 60
56 8 43
56 10 44
56 15 56
56 17 36
56 19 22
56 22 61
56 26 52
56 28 77
56 29 36
56 34 63
56 42 71
56 49 45
57 3 45
57 4 10
57 6 49
57 10 40
57 13 61
57 14 82
57 15 85
57 16 62
57 17 22
57 18 68
57 20 54
57 21 39
57 23 6
57 29 52
57 33 37
57 35 58
57 38 48
57 42 78
57 43 28
57 44 78
57 50 30
58 1 67
58 12 20
58 13 67
58 18 67
58 21 51
58 24 64
58 27 43
58 28 75
58 30 10
58 33 25
58 35 58
58 39 28
58 40 63
58 42 77
58 44 80
58 46 79
58 48 70
58 50 20
58 52 38
58 53 26
59 0 45
59 4 26
59 7 58
59 8 38
59 14 72
59 16 70
59 18 57
59 21 58
59 26 70
59 28 64
59 29 71
59 31 70
59 36 46
59 41 25
59 47 57
59 51 101
59 57 20
60 0 25
60 1 34
60 15 63
60 23 30
60 24 84
60 25 21
60 32 72
60 42 88
60 46 60
60 52 46
60 54 73
60 56 17
60 58 49
61 2 95
61 3 99
61 10 86
61 13 68
61 15 71
61 21 22
61 26 84
61 28 118
61 31 106
61 35 88
61 37 86
61 39 97
61 40 48
61 46 74
61 49 83
61 52 72
61 53 70
61 57 60
61 59 79
61 60 26
62 11 16
62 18 39
62 20 23
62 25 28
62 27 31
62 28 55
62 35 26
62 37 26
62 40 27
62 41 51
62 42 50
62 43 10
62 44 44
62 47 29
62 49 27
62 51 64
62 53 17
63 0 20
63 8 54
63 15 33
63 21 41
63 26 43
63 28 83
63 31 67
63 32 88
63 35 52
63 36 52
63 41 71
63 43 42
63 44 57
63 48 77
63 49 44
63 50 72
63 51 52
63 52 44
63 53 49
63 62 34
64 0 6
64 7 13
64 8 43
64 9 30
64 25 19
64 31 66
64 33 71
64 47 11
64 51 67
64 53 31
64 54 54
64 57 35
64 61 42
64 63 21
65 5 85
65 8 77
65 9 7
65 10 75
65 11 46
65 15 78
65 16 57
65 26 84
65 27 82
65 30 67
65 33 78
65 34 77
65 35 82
65 45 94
65 52 63
65 53 58
65 59 63
65 62 55
65 64 36
66 0 38
66 2 58
66 3 20
66 6 59
66 7 53
66 12 44
66 16 58
66 17 9
66 18 39
66 20 47
66 24 37
66 26 53
66 27 16
66 31 51
66 36 28
66 39 22
66 41 42
66 43 16
66 44 54
66 45 83
66 49 40
66 54 35
66 55 62
66 60 54
66 65 68
67 9 77
67 11 37
67 15 69
67 17 31
67 26 38
67 27 9
67 36 10
67 39 37
67 42 27
67 57 52
67 59 40
67 60 66
67 61 91
67 65 83
67 66 22
68 1 40
68 4 79
68 5 13
68 6 61
68 8 54
68 10 67
68 16 34
68 18 49
68 20 36
68 26 19
68 27 67
68 30 96
68 36 47
68 46 14
68 47 55
68 48 61
68 49 32
68 50 88
68 53 68
68 54 48
68 57 87
68 62 52
68 66 71
69 2 79
69 3 67
69 6 25
69 7 23
69 9 16
69 11 26
69 12 57
69 14 88
69 15 70
69 16 47
69 17 42
69 20 42
69 26 69
69 28 91
69 29 26
69 31 85
69 32 63
69 34 62
69 39 63
69 42 87
69 45 85
69 58 40
69 66 48
69 68 79
70 0 40
70 12 37
70 13 66
70 19 52
70 21 30
70 25 16
70 30 34
70 39 50
70 44 87
70 50 42
70 51 103
70 60 30
70 62 43
70 63 55
70 65 34
70 66 42
70 68 92
70 69 21
71 0 59
71 6 79
71 7 74
71 9 79
71 10 26
71 12 31
71 14 68
71 23 44
71 25 49
71 28 56
71 29 89
71 31 68
71 34 22
71 36 48
71 37 26
71 38 12
71 43 38
71 45 106
71 46 82
71 47 72
71 49 61
71 60 70
71 61 96
71 64 61
71 65 81
71 68 93
72 1 29
72 5 32
72 9 55
72 10 29
72 17 34
72 20 19
72 23 44
72 27 33
72 28 52
72 29 62
72 38 53
72 42 45
72 43 17
72 45 54
72 47 30
72 53 24
72 56 26
72 58 49
72 61 66
72 67 27
73 1 38
73 3 53
73 19 29
73 29 78
73 30 65
73 38 57
73 41 76
73 45 45
73 48 35
73 51 46
73 57 61
73 62 26
73 63 43
73 66 39
73 72 18
74 3 40
74 6 43
74 7 38
74 11 21
74 12 63
74 13 25
74 16 37
74 23 41
74 24 39
74 25 33
74 38 45
74 40 31
74 42 43
74 49 22
74 51 63
74 53 17
74 55 42
74 59 37
74 61 69
74 63 38
74 65 62
74 69 43
75 6 7
75 8 67
75 9 19
75 11 44
75 14 90
75 20 35
75 22 79
75 28 100
75 30 74
75 31 87
75 33 89
75 42 91
75 43 49
75 55 69
75 56 26
75 61 20
75 63 21
75 65 25
75 70 47
75 71 84
76 4 47
76 11 45
76 12 23
76 15 109
76 16 89
76 18 65
76 20 78
76 23 45
76 27 39
76 29 91
76 30 15
76 31 78
76 33 21
76 41 36
76 46 91
76 47 78
76 51 117
76 53 38
76 54 62
76 56 63
76 61 99
76 64 66
76 66 32
76 74 54
77 1 45
77 2 25
77 4 54
77 6 59
77 7 54
77 8 14
77 10 27
77 13 25
77 14 24
77 15 53
77 17 41
77 20 34
77 23 61
77 30 60
77 39 53
77 40 41
77 46 32
77 48 27
77 54 11
77 55 30
77 56 46
77 57 59
77 60 63
77 62 26
77 66 34
77 68 40
77 71 54
77 74 20
78 0 20
78 1 22
78 2 32
78 8 29
78 12 78
78 14 44
78 15 38
78 20 12
78 21 57
78 22 34
78 27 41
78 28 56
78 33 82
78 36 25
78 38 62
78 40 18
78 47 28
78 51 47
78 52 23
78 54 33
78 55 30
78 59 53
78 73 16
78 75 45
78 77 22
79 3 70
79 10 53
79 13 30
79 16 47
79 26 14
79 28 43
79 30 86
79 34 99
79 49 21
79 51 36
79 52 48
79 56 65
79 60 80
79 61 98
79 63 57
79 65 98
79 66 60
79 67 41
79 70 91
79 71 80
80 0 51
80 1 69
80 4 45
80 5 64
80 6 73
80 7 67
80 17 20
80 21 76
80 24 30
80 26 58
80 29 88
80 33 47
80 36 31
80 48 36
80 49 45
80 50 17
80 54 34
80 56 53
80 57 43
80 58 36
80 59 25
80 64 54
80 66 14
80 69 62
80 72 40
80 73 45
80 75 79
80 77 37
80 79 63
81 4 88
81 5 32
81 6 60
81 8 72
81 9 84
81 11 79
81 21 88
81 22 59
81 23 95
81 24 83
81 27 85
81 30 109
81 38 107
81 40 44
81 47 57
81 52 71
81 53 81
81 56 69
81 58 105
81 62 64
81 69 83
81 72 57
81 78 47
82 5 79
82 25 51
82 39 2
82 44 71
82 45 104
82 46 81
82 48 49
82 49 59
82 61 98
82 65 84
82 67 36
82 74 44
82 81 108
83 0 47
83 1 63
83 3 16
83 5 56
83 10 6
83 11 35
83 13 49
83 19 51
83 20 53
83 21 76
83 24 23
83 30 37
83 32 47
83 47 61
83 54 25
83 59 31
83 66 14
83 67 12
83 69 62
83 76 37
83 78 42
83 82 24
84 1 30
84 5 7
84 8 38
84 12 95
84 13 10
84 14 38
84 15 28
84 16 25
84 20 22
84 31 34
84 32 92
84 39 75
84 44 22
84 45 29
84 50 70
84 56 47
84 59 70
84 60 60
84 62 34
84 67 42
84 68 17
84 69 64
84 73 16
84 78 18
84 82 75
85 1 61
85 2 17
85 3 61
85 10 47
85 11 65
85 12 99
85 16 58
85 19 54
85 25 78
85 28 29
85 34 93
85 40 59
85 41 96
85 43 55
85 44 11
85 47 70
85 48 25
85 50 70
85 51 51
85 57 83
85 60 86
85 63 67
85 64 67
85 69 86
85 70 92
85 72 43
85 79 15
85 82 69
85 83 46
86 10 43
86 11 42
86 12 87
86 13 5
86 14 39
86 15 32
86 19 20
86 23 61
86 26 12
86 28 54
86 29 70
86 30 70
86 33 91
86 38 67
86 40 24
86 42 42
86 43 35
86 45 36
86 47 36
86 58 67
86 59 62
86 61 72
86 62 26
86 68 25
86 70 68
86 72 18
86 75 52
86 79 26
86 80 54
87 0 56
87 2 59
87 3 10
87 4 52
87 10 14
87 11 42
87 12 54
87 17 27
87 18 32
87 23 55
87 28 33
87 29 94
87 33 53
87 35 32
87 36 29
87 40 67
87 41 57
87 44 53
87 46 67
87 47 69
87 53 30
87 59 32
87 66 20
87 67 19
87 70 62
87 72 43
87 74 36
87 79 60
88 2 55
88 7 48
88 10 12
88 16 53
88 19 39
88 21 58
88 22 45
88 23 33
88 24 39
88 25 31
88 32 43
88 36 26
88 38 31
88 42 49
88 46 54
88 51 80
88 54 35
88 60 48
88 64 34
88 67 22
88 69 43
88 74 17
88 75 59
88 83 18
88 84 49
89 3 17
89 13 65
89 26 62
89 27 18
89 28 27
89 34 52
89 36 35
89 37 24
89 42 37
89 43 45
89 45 94
89 49 49
89 56 68
89 64 69
89 71 30
89 78 59
89 80 17
89 82 26
89 85 50
89 87 10
90 6 31
90 10 74
90 11 45
90 13 68
90 19 52
90 24 100
90 27 82
90 28 110
90 32 76
90 33 76
90 39 80
90 40 51
90 45 95
90 46 78
90 48 104
90 50 72
90 51 98
90 59 62
90 61 21
90 62 55
90 66 67
90 68 92
90 74 61
90 75 27
90 77 81
90 80 81
90 81 92
90 83 81
90 85 104
90 86 72
91 6 62
91 7 57
91 13 27
91 16 45
91 18 12
91 27 27
91 31 18
91 32 74
91 33 82
91 36 8
91 37 29
91 38 50
91 39 54
91 42 21
91 44 18
91 51 54
91 53 37
91 57 62
91 58 63
91 59 54
91 61 89
91 62 29
91 64 48
91 66 36
91 72 23
91 77 3
91 78 25
91 80 38
91 82 53
91 84 26
91 85 21
91 87 36
91 89 41
92 2 45
92 6 91
92 7 86
92 10 37
92 11 64
92 16 76
92 18 18
92 23 81
92 26 49
92 28 2
92 36 30
92 45 79
92 49 39
92 52 46
92 56 75
92 60 92
92 64 74
92 65 109
92 66 46
92 69 90
92 72 51
92 75 98
92 79 43
92 84 55
92 86 53
92 87 31
92 88 48
93 2 41
93 3 100
93 6 56
93 13 35
93 20 39
93 25 79
93 33 126
93 38 105
93 40 40
93 43 71
93 44 48
93 46 25
93 48 81
93 51 13
93 54 66
93 60 72
93 61 79
93 63 42
93 64 60
93 65 86
93 66 83
93 73 48
93 76 115
93 84 32
93 85 59
93 87 92
93 88 78
93 89 98
93 91 57
94 8 24
94 9 87
94 11 45
94 13 59
94 15 89
94 16 75
94 24 22
94 28 31
94 32 46
94 33 55
94 34 47
94 35 33
94 39 23
94 52 32
94 54 31
94 62 43
94 63 76
94 69 72
94 77 37
94 79 60
94 82 21
94 85 50
94 86 56
94 89 7
94 92 29
94 93 94
95 6 47
95 16 21
95 19 25
95 22 33
95 25 60
95 30 81
95 33 101
95 34 95
95 35 34
95 36 35
95 48 55
95 54 40
95 56 46
95 57 71
95 61 74
95 64 42
95 67 46
95 76 89
95 80 65
95 82 78
95 84 5
95 85 37
95 87 65
95 88 52
95 91 31
95 94 66
96 7 5
96 9 22
96 10 54
96 13 38
96 25 23
96 36 53
96 37 54
96 38 74
96 43 34
96 48 79
96 49 51
96 51 70
96 53 40
96 55 61
96 57 39
96 59 53
96 61 33
96 62 30
96 65 29
96 69 18
96 71 69
96 73 49
96 75 15
96 82 70
96 84 48
96 88 43
96 91 56
96 92 84
96 94 71
97 0 46
97 3 71
97 5 2
97 7 55
97 13 19
97 18 35
97 26 5
97 29 84
97 30 84
97 38 76
97 40 37
97 41 93
97 42 39
97 47 51
97 48 48
97 50 75
97 51 28
97 52 44
97 53 56
97 55 4
97 64 52
97 68 13
97 74 38
97 78 26
97 87 63
97 91 26
97 95 12
97 96 57
98 1 48
98 2 93
98 5 83
98 7 29
98 10 78
98 12 77
98 13 66
98 15 74
98 20 53
98 21 10
98 23 42
98 26 82
98 29 4
98 32 84
98 34 83
98 37 78
98 41 58
98 42 106
98 50 78
98 56 35
98 62 56
98 63 42
98 75 21
98 77 81
98 80 85
98 81 86
98 83 84
98 84 76
98 86 70
98 87 92
98 88 66
98 96 28
98 97 85
99 2 94
99 3 95
99 5 83
99 6 27
99 7 30
99 13 67
99 20 54
99 22 97
99 23 48
99 25 41
99 27 89
99 42 109
99 43 62
99 44 96
99 47 35
99 53 66
99 54 94
99 56 38
99 58 67
99 60 22
99 61 6
99 62 60
99 63 41
99 64 39
99 67 88
99 70 46
99 72 64
99 80 90
99 86 72
99 87 96
99 88 71
99 89 107
99 95 74
99 98 6
100 2 75
100 3 82
100 5 64
100 8 65
100 10 67
100 15 55
100 22 79
100 23 42
100 25 32
100 26 64
100 27 73
100 36 66
100 41 61
100 42 90
100 46 56
100 49 62
100 51 75
100 52 52
100 53 52
100 58 60
100 59 64
100 69 21
100 72 45
100 73 61
100 77 65
100 80 76
100 83 73
100 97 67
101 5 32
101 8 42
101 15 32
101 18 52
101 20 3
101 22 48
101 26 32
101 30 68
101 31 55
101 37 50
101 42 61
101 43 33
101 47 16
101 49 32
101 53 41
101 59 59
101 60 35
101 61 51
101 62 24
101 69 40
101 72 21
101 84 25
101 89 72
101 92 70
101 93 40
101 96 23
101 99 51
102 0 43
102 9 73
102 13 46
102 15 75
102 18 28
102 22 38
102 26 47
102 32 46
102 45 79
102 46 56
102 47 56
102 48 31
102 50 24
102 51 80
102 57 42
102 58 39
102 59 29
102 71 27
102 74 23
102 75 72
102 78 38
102 80 11
102 82 25
102 86 43
102 87 13
102 88 14
102 89 22
102 97 53
102 99 84
103 1 39
103 4 77
103 5 10
103 12 110
103 13 24
103 17 74
103 22 35
103 27 64
103 28 63
103 29 86
103 37 64
103 38 87
103 39 89
103 43 59
103 48 58
103 49 29
103 51 17
103 53 65
103 61 87
103 62 49
103 63 45
103 65 90
103 66 68
103 71 90
103 77 37
103 79 20
103 81 24
103 82 89
103 90 91
103 92 63
103 95 14
103 96 61
104 8 35
104 10 23
104 11 44
104 13 69
104 16 82
104 23 52
104 28 47
104 29 95
104 31 61
104 32 31
104 35 46
104 36 43
104 41 49
104 42 54
104 43 40
104 45 103
104 46 80
104 47 75
104 49 57
104 52 38
104 59 26
104 62 48
104 69 69
104 71 10
104 72 52
104 75 88
104 76 19
104 86 67
104 87 15
104 90 87
104 92 45
104 93 105
104 100 85
105 5 34
105 7 19
105 10 52
105 12 83
105 16 9
105 20 5
105 25 39
105 34 83
105 39 73
105 41 70
105 42 64
105 47 15
105 48 67
105 50 66
105 52 36
105 58 63
105 62 26
105 64 19
105 65 51
105 69 39
105 74 30
105 75 29
105 80 63
105 84 27
105 87 66
105 88 44
105 90 52
105 97 36
105 99 49
105 102 53
105 103 39
106 2 80
106 3 65
106 4 17
106 10 55
106 16 49
106 19 39
106 21 15
106 28 91
106 34 60
106 36 61
106 43 35
106 44 80
106 49 63
106 53 38
106 59 43
106 61 35
106 62 37
106 63 39
106 64 22
106 70 18
106 71 61
106 74 43
106 75 28
106 76 63
106 82 63
106 83 61
106 86 58
106 89 78
106 104 67
107 6 24
107 9 47
107 16 12
107 18 70
107 25 52
107 26 44
107 28 89
107 30 86
107 36 59
107 39 90
107 42 78
107 46 32
107 47 23
107 52 54
107 55 47
107 56 38
107 58 78
107 59 78
107 60 40
107 63 12
107 66 68
107 68 42
107 72 41
107 73 47
107 74 48
107 78 33
107 80 81
107 84 36
107 86 35
107 90 55
107 92 88
107 93 33
107 95 32
107 97 44
107 102 71
108 10 53
108 12 59
108 16 42
108 20 37
108 27 60
108 28 88
108 29 27
108 34 63
108 39 63
108 41 42
108 44 74
108 47 21
108 50 54
108 55 72
108 56 12
108 58 41
108 60 8
108 61 34
108 64 16
108 66 46
108 69 5
108 72 39
108 73 57
108 74 39
108 76 66
108 79 77
108 82 64
108 83 59
108 84 59
108 103 72
109 10 21
109 12 52
109 14 51
109 21 87
109 25 60
109 26 64
109 29 99
109 30 37
109 32 42
109 38 9
109 41 58
109 42 44
109 44 60
109 45 97
109 51 98
109 59 34
109 60 79
109 68 84
109 70 65
109 71 21
109 77 43
109 79 66
109 92 34
109 95 72
109 99 101
109 100 87
109 102 20
109 105 73
109 107 91
110 9 47
110 10 45
110 20 3
110 23 48
110 24 58
110 26 30
110 27 49
110 28 66
110 40 8
110 43 29
110 47 18
110 48 60
110 53 37
110 54 44
110 55 37
110 57 50
110 61 55
110 63 17
110 65 54
110 67 43
110 68 39
110 69 40
110 72 16
110 77 33
110 82 67
110 85 51
110 86 18
110 87 59
110 90 54
110 93 43
110 94 61
110 95 23
110 96 24
110 105 7
111 0 26
111 1 33
111 3 77
111 5 67
111 12 72
111 15 61
111 18 79
111 22 79
111 24 87
111 26 66
111 27 70
111 28 96
111 31 86
111 32 77
111 35 67
111 36 65
111 42 90
111 48 90
111 52 49
111 58 54
111 60 5
111 64 20
111 65 18
111 67 69
111 75 11
111 77 65
111 78 45
111 83 70
111 85 87
111 86 54
111 88 52
111 89 88
111 95 58
111 96 12
111 103 72
112 1 9
112 4 54
112 12 95
112 14 73
112 19 21
112 21 48
112 28 87
112 33 101
112 35 57
112 37 67
112 38 90
112 41 80
112 46 31
112 49 47
112 50 80
112 52 51
112 56 34
112 62 41
112 82 88
112 84 36
112 85 68
112 90 52
112 92 86
112 95 32
112 99 46
112 100 28
112 104 89
112 108 40
112 110 22
113 2 57
113 6 66
113 8 17
113 11 30
113 13 50
113 26 53
113 29 82
113 33 49
113 36 26
113 44 52
113 46 61
113 52 20
113 53 18
113 60 62
113 61 88
113 75 73
113 86 48
113 88 13
113 90 75
113 92 38
113 94 15
113 97 58
113 98 79
113 99 84
113 100 70
113 101 54
113 102 5
113 103 69
113 107 74
113 108 54
114 4 40
114 6 79
114 7 75
114 10 49
114 12 3
114 15 112
114 16 91
114 19 77
114 24 74
114 28 84
114 31 93
114 33 7
114 35 73
114 37 49
114 40 82
114 42 88
114 45 121
114 47 75
114 52 54
114 54 76
114 55 103
114 57 30
114 58 18
114 62 59
114 64 64
114 65 71
114 70 37
114 72 67
114 73 80
114 79 101
114 81 123
114 90 69
114 92 82
114 93 120
114 95 95
114 98 77
114 99 83
114 102 50
114 105 81
114 106 54
114 108 58
115 0 48
115 2 64
115 8 24
115 12 41
115 18 41
115 21 71
115 22 51
115 25 43
115 27 15
115 34 34
115 36 33
115 41 43
115 42 50
115 44 59
115 46 67
115 50 11
115 52 25
115 53 19
115 54 38
115 56 48
115 57 36
115 59 18
115 61 89
115 66 10
115 67 24
115 68 79
115 75 75
115 80 6
115 81 95
115 83 13
115 84 61
115 85 59
115 88 16
115 89 24
115 96 59
115 101 58
115 104 14
115 108 55
115 109 17
116 6 42
116 11 36
116 22 91
116 23 19
116 28 101
116 29 32
116 35 76
116 39 64
116 44 94
116 52 55
116 53 47
116 54 84
116 57 25
116 58 37
116 59 45
116 60 25
116 69 17
116 72 58
116 83 69
116 84 80
116 88 51
116 92 100
116 94 78
116 96 35
116 100 36
116 107 65
116 108 22
116 113 63
116 115 61
117 1 31
117 12 113
117 14 56
117 15 8
117 17 78
117 21 78
117 22 48
117 28 76
117 42 62
117 43 61
117 44 39
117 54 56
117 60 66
117 65 82
117 66 73
117 76 105
117 80 82
117 88 68
117 90 83
117 92 76
117 95 17
117 114 111
117 115 82
118 2 22
118 4 52
118 6 50
118 12 81
118 20 24
118 26 14
118 28 44
118 31 28
118 32 77
118 39 60
118 47 41
118 49 5
118 51 46
118 54 22
118 57 58
118 62 23
118 65 75
118 72 15
118 84 15
118 87 45
118 89 51
118 90 75
118 91 13
118 101 27
118 102 34
118 110 23
118 112 42
118 114 79
118 115 46
118 116 73
119 4 63
119 5 65
119 7 81
119 10 24
119 12 64
119 16 79
119 19 67
119 20 68
119 28 24
119 29 104
119 38 21
119 39 31
119 47 78
119 51 92
119 52 39
119 56 68
119 58 55
119 64 69
119 65 100
119 72 50
119 81 97
119 82 29
119 85 47
119 86 59
119 87 11
119 90 99
119 91 38
119 92 22
119 95 68
119 98 102
119 99 107
119 102 22
119 104 23
119 105 73
119 108 77
119 111 88
119 114 61
119 117 85
120 1 33
120 6 19
120 8 53
120 17 41
120 20 34
120 21 19
120 23 25
120 25 14
120 29 28
120 30 52
120 35 57
120 36 55
120 40 30
120 41 44
120 42 81
120 43 32
120 48 80
120 51 79
120 53 36
120 58 42
120 60 8
120 65 24
120 66 46
120 67 58
120 70 27
120 71 62
120 72 36
120 74 37
120 75 22
120 76 67
120 84 56
120 91 59
120 97 65
120 101 31
120 103 69
120 105 31
120 109 71
120 111 12
120 114 60
121 7 28
121 9 48
121 10 33
121 15 46
121 19 13
121 20 15
121 28 58
121 31 47
121 37 33
121 38 56
121 41 57
121 47 24
121 48 52
121 52 17
121 62 7
121 63 27
121 64 18
121 65 55
121 73 23
121 75 41
121 77 26
121 79 45
121 86 20
121 87 47
121 88 26
121 90 55
121 91 29
121 93 53
121 96 27
121 100 39
121 102 34
121 106 38
121 107 37
121 111 38
121 115 41
121 118 20
121 119 55
122 1 16
122 3 92
122 6 24
122 7 26
122 10 74
122 15 27
122 26 48
122 30 88
122 32 103
122 35 63
122 36 63
122 38 97
122 42 82
122 43 56
122 45 44
122 46 36
122 50 87
122 51 47
122 52 58
122 57 70
122 58 81
122 60 40
122 64 35
122 68 45
122 70 69
122 72 45
122 73 52
122 81 39
122 85 74
122 88 66
122 93 35
122 94 90
122 95 36
122 96 31
122 97 48
122 104 96
122 107 4
122 115 82
122 116 66
122 121 41
123 6 35
123 8 60
123 13 25
123 15 12
123 16 12
123 18 64
123 19 26
123 24 77
123 28 83
123 31 62
123 32 104
123 37 69
123 38 93
123 40 21
123 41 91
123 44 49
123 45 29
123 46 21
123 49 42
123 50 86
123 55 36
123 61 59
123 62 45
123 64 40
123 67 65
123 68 29
123 70 76
123 75 41
123 79 47
123 82 92
123 83 73
123 84 27
123 85 60
123 88 64
123 94 84
123 99 61
123 101 22
123 102 70
123 103 30
123 104 92
123 108 53
123 118 39
123 121 38
124 13 11
124 15 29
124 17 51
124 21 53
124 27 53
124 30 69
124 31 51
124 47 21
124 49 28
124 50 65
124 52 33
124 54 45
124 58 64
124 60 40
124 66 49
124 67 46
124 69 44
124 71 72
124 73 27
124 76 80
124 79 42
124 82 72
124 86 16
124 96 28
124 98 55
124 102 50
124 104 72
124 106 46
124 113 53
124 117 29
124 118 23
125 0 34
125 6 32
125 7 31
125 12 53
125 15 78
125 17 44
125 18 81
125 20 50
125 21 14
125 22 83
125 25 15
125 26 76
125 29 28
125 32 60
125 34 59
125 37 58
125 50 55
125 52 48
125 53 41
125 56 24
125 63 44
125 65 18
125 68 86
125 74 48
125 75 32
125 76 64
125 77 68
125 78 54
125 79 89
125 81 90
125 83 65
125 84 71
125 95 70
125 103 85
125 107 56
125 110 47
125 111 20
125 116 9
125 117 80
125 119 82
125 124 52
126 5 25
126 9 52
126 15 29
126 20 4
126 21 55
126 22 42
126 23 55
126 26 25
126 29 56
126 31 49
126 32 84
126 37 48
126 38 72
126 39 71
126 40 10
126 42 56
126 43 34
126 46 18
126 58 65
126 61 59
126 62 25
126 63 18
126 65 59
126 66 49
126 70 60
126 77 32
126 80 60
126 89 70
126 92 65
126 94 64
126 96 30
126 98 57
126 102 49
126 105 8
126 115 58
126 117 28
126 119 68
126 120 38
127 5 33
127 10 28
127 13 34
127 14 17
127 15 61
127 17 45
127 18 5
127 28 24
127 30 62
127 31 15
127 38 47
127 41 78
127 53 40
127 55 34
127 57 65
127 58 64
127 62 34
127 66 36
127 72 29
127 75 77
127 82 51
127 83 27
127 96 63
127 99 94
127 103 42
127 105 49
127 106 72
127 107 65
127 114 78
127 115 40
127 117 54
127 119 32
127 120 65
127 122 69
127 124 44
127 125 77
127 126 42
128 0 22
128 1 41
128 14 79
128 18 66
128 20 39
128 28 81
128 29 37
128 32 53
128 33 55
128 37 44
128 41 33
128 47 27
128 49 55
128 53 27
128 54 62
128 55 71
128 56 13
128 58 30
128 59 34
128 60 19
128 63 38
128 64 18
128 68 75
128 72 36
128 76 55
128 77 54
128 78 41
128 91 57
128 93 78
128 102 46
128 105 38
128 116 22
128 118 51
128 120 12
128 122 53
129 0 60
129 1 68
129 8 25
129 10 33
129 11 57
129 12 84
129 16 66
129 17 51
129 18 8
129 19 58
129 20 57
129 21 96
129 22 18
129 26 39
129 28 10
129 34 76
129 39 52
129 41 84
129 55 44
129 58 70
129 59 60
129 61 108
129 65 102
129 66 42
129 69 83
129 70 83
129 73 31
129 85 21
129 89 29
129 90 101
129 92 10
129 96 75
129 97 43
129 105 63
129 106 82
129 109 36
129 113 36
129 118 34
129 119 26
129 120 77
129 126 55
129 128 72
130 0 38
130 3 93
130 4 48
130 7 21
130 12 87
130 13 57
130 17 69
130 22 89
130 24 99
130 26 73
130 29 13
130 30 80
130 33 94
130 37 78
130 40 37
130 46 63
130 47 26
130 53 63
130 54 87
130 55 78
130 58 70
130 59 74
130 64 33
130 68 75
130 74 60
130 78 54
130 79 87
130 82 92
130 83 84
130 92 107
130 93 68
130 95 63
130 96 24
130 100 11
130 102 80
130 103 75
130 111 16
130 114 86
130 126 47
131 0 24
131 9 42
131 12 42
131 14 68
131 15 72
131 22 60
131 24 57
131 25 12
131 26 57
131 33 48
131 36 41
131 40 41
131 43 14
131 45 82
131 47 35
131 48 62
131 51 84
131 52 22
131 53 13
131 58 22
131 68 72
131 71 38
131 78 37
131 79 69
131 89 53
131 90 44
131 91 48
131 93 79
131 96 31
131 100 42
131 102 32
131 106 25
131 112 53
131 113 31
131 115 30
131 116 33
131 117 71
131 122 59
132 3 69
132 6 34
132 8 41
132 9 56
132 11 42
132 13 7
132 14 51
132 15 26
132 17 54
132 25 48
132 26 22
132 30 73
132 47 27
132 48 59
132 53 45
132 57 61
132 58 68
132 59 65
132 65 63
132 69 50
132 70 64
132 72 21
132 75 42
132 80 61
132 81 36
132 84 15
132 85 46
132 86 12
132 90 64
132 91 34
132 92 65
132 93 33
132 97 24
132 100 42
132 109 70
132 111 45
132 113 55
132 114 87
132 115 60
132 116 67
132 117 24
132 124 6
133 0 62
133 3 25
133 5 59
133 10 24
133 15 86
133 18 23
133 19 63
133 20 64
133 21 94
133 23 68
133 25 67
133 30 52
133 32 59
133 33 68
133 40 70
133 41 72
133 44 46
133 45 85
133 50 39
133 51 86
133 55 60
133 57 63
133 61 109
133 72 46
133 74 41
133 75 92
133 78 52
133 81 91
133 83 18
133 85 40
133 87 15
133 88 36
133 97 58
133 98 102
133 100 89
133 101 67
133 106 79
133 114 66
133 116 87
133 121 52
133 124 65
133 127 26
134 1 40
134 9 84
134 14 49
134 18 52
134 19 41
134 20 37
134 21 87
134 23 88
134 32 113
134 33 119
134 35 48
134 36 50
134 39 95
134 40 41
134 44 32
134 45 9
134 46 16
134 52 59
134 54 51
134 56 63
134 61 86
134 62 54
134 63 46
134 66 74
134 68 4
134 70 94
134 74 53
134 79 27
134 80 81
134 81 17
134 82 95
134 85 42
134 88 70
134 89 85
134 90 92
134 91 44
134 102 70
134 104 93
134 107 40
134 110 40
134 114 113
134 115 82
134 116 97
134 117 10
134 122 44
134 123 27
134 130 75
134 131 74
135 5 62
135 11 50
135 13 60
135 14 39
135 20 65
135 21 92
135 22 39
135 25 65
135 27 15
135 28 23
135 31 40
135 34 55
135 35 31
135 36 30
135 38 21
135 41 68
135 50 34
135 51 89
135 54 27
135 55 64
135 65 97
135 66 29
135 68 75
135 77 35
135 78 54
135 88 33
135 89 5
135 90 96
135 93 93
135 104 23
135 113 21
135 117 82
135 126 65
136 5 50
136 6 7
136 10 57
136 16 22
136 17 52
136 24 76
136 25 30
136 28 85
136 31 72
136 41 61
136 42 77
136 44 63
136 47 2
136 56 16
136 57 46
136 62 31
136 63 11
136 69 26
136 70 45
136 73 47
136 77 52
136 84 43
136 90 36
136 91 55
136 99 33
136 101 17
136 104 77
136 105 16
136 111 17
136 116 43
136 118 43
136 126 25
136 130 24
137 0 32
137 6 54
137 9 68
137 12 71
137 21 68
137 25 46
137 29 76
137 31 29
137 37 22
137 39 47
137 51 59
137 52 15
137 53 26
137 58 52
137 63 46
137 64 38
137 65 74
137 68 45
137 71 48
137 72 14
137 73 12
137 74 12
137 90 74
137 91 11
137 94 34
137 95 32
137 101 34
137 102 21
137 110 29
137 117 49
137 119 38
137 120 49
137 124 31
137 131 37
137 132 31
137 134 48
138 2 37
138 3 32
138 6 60
138 8 2
138 9 73
138 19 38
138 26 33
138 29 81
138 34 60
138 36 6
138 37 15
138 38 37
138 40 45
138 42 28
138 45 65
138 52 15
138 57 50
138 64 43
138 68 53
138 69 59
138 74 17
138 75 68
138 76 51
138 82 39
138 96 53
138 97 39
138 101 42
138 102 14
138 109 31
138 113 19
138 115 27
138 116 70
138 122 66
138 123 59
138 126 39
138 128 49
138 129 23
138 132 40
139 1 85
139 5 100
139 9 65
139 11 44
139 15 112
139 17 37
139 20 80
139 24 80
139 29 75
139 31 97
139 38 48
139 39 37
139 50 33
139 51 124
139 52 56
139 67 67
139 70 31
139 75 78
139 81 123
139 84 94
139 85 101
139 86 86
139 87 57
139 91 81
139 93 120
139 94 59
139 96 66
139 97 101
139 99 77
139 101 79
139 109 56
139 112 92
139 115 44
139 118 81
139 124 82
139 131 40
139 134 114
139 135 67
140 6 20
140 9 39
140 10 46
140 13 22
140 14 62
140 23 42
140 30 61
140 31 58
140 36 40
140 38 69
140 40 8
140 43 28
140 44 50
140 47 11
140 51 56
140 52 30
140 55 45
140 56 16
140 61 48
140 65 46
140 67 47
140 71 66
140 74 25
140 76 73
140 86 25
140 87 60
140 89 70
140 90 46
140 97 41
140 99 46
140 102 47
140 108 27
140 109 67
140 110 8
140 112 21
140 113 50
140 130 37
140 133 65
140 137 33
141 6 40
141 7 39
141 10 72
141 12 108
141 22 56
141 23 76
141 27 74
141 29 64
141 31 62
141 36 57
141 40 25
141 44 49
141 45 25
141 46 21
141 47 37
141 48 78
141 56 49
141 57 79
141 70 80
141 78 34
141 81 20
141 82 95
141 95 23
141 96 44
141 101 26
141 103 28
141 108 58
141 109 92
141 111 53
141 112 19
141 114 107
141 115 82
141 134 25
141 138 61
141 139 106
142 1 19
142 2 57
142 9 31
142 10 47
142 12 69
142 15 48
142 18 59
142 21 32
142 22 58
142 25 23
142 27 53
142 35 46
142 36 45
142 39 64
142 41 54
142 45 62
142 46 41
142 50 56
142 51 64
142 54 55
142 58 49
142 63 17
142 65 37
142 69 23
142 70 39
142 75 23
142 80 57
142 81 60
142 85 66
142 89 71
142 91 48
142 92 75
142 94 64
142 95 40
142 97 50
142 99 39
142 105 16
142 106 24
142 107 29
142 109 68
142 110 17
142 113 50
142 116 40
142 118 37
142 121 18
142 123 37
142 132 27
142 136 10
142 137 38
142 139 66
142 140 9
143 4 45
143 5 85
143 7 32
143 12 80
143 15 76
143 16 56
143 18 99
143 23 46
143 25 40
143 32 87
143 33 87
143 34 86
143 35 86
143 42 109
143 43 61
143 44 98
143 46 77
143 47 37
143 48 109
143 50 81
143 51 96
143 58 65
143 59 71
143 61 10
143 62 60
143 68 90
143 69 26
143 75 23
143 76 91
143 79 99
143 81 88
143 85 106
143 92 114
143 93 84
143 94 98
143 95 76
143 98 3
143 101 53
143 111 19
143 117 81
143 118 77
143 120 29
143 123 64
143 129 106
143 136 35
143 137 78
143 139 74
143 142 40
144 0 44
144 2 90
144 9 41
144 18 78
144 19 57
144 22 84
144 23 9
144 29 51
144 31 90
144 33 37
144 38 55
144 39 46
144 40 60
144 42 88
144 43 38
144 44 88
144 50 38
144 53 35
144 58 17
144 67 62
144 68 96
144 71 44
144 72 53
144 73 71
144 78 61
144 83 55
144 87 59
144 89 69
144 90 39
144 95 80
144 99 53
144 100 49
144 103 94
144 104 53
144 107 73
144 110 58
144 111 42
144 114 30
144 115 45
144 116 19
144 128 22
144 130 57
144 135 69
144 141 85
144 143 50
145 1 40
145 2 51
145 8 21
145 9 50
145 11 11
145 18 41
145 19 28
145 28 55
145 30 36
145 35 29
145 41 44
145 47 34
145 48 49
145 49 32
145 58 33
145 59 28
145 60 39
145 62 8
145 65 55
145 68 60
145 71 39
145 75 49
145 79 54
145 82 39
145 84 42
145 87 35
145 89 45
145 91 33
145 93 69
145 96 33
145 102 22
145 107 51
145 110 28
145 112 48
145 116 47
145 117 60
145 119 45
145 123 54
145 128 25
145 129 46
145 130 57
145 135 42
145 138 23
145 139 52
145 141 57
146 0 57
146 1 48
146 4 81
146 7 66
146 9 90
146 10 62
146 19 46
146 22 28
146 26 16
146 29 94
146 31 31
146 32 107
146 33 115
146 36 41
146 37 62
146 40 48
146 45 24
146 46 21
146 49 28
146 53 67
146 56 67
146 60 80
146 63 54
146 64 63
146 65 97
146 68 12
146 72 44
146 73 28
146 76 99
146 77 35
146 78 37
146 83 63
146 84 20
146 87 70
146 89 73
146 92 56
146 114 109
146 116 100
146 118 30
146 119 70
146 126 38
146 128 78
146 129 46
146 134 16
146 137 41
146 138 48
146 141 38
146 143 98
146 144 98
146 145 60
147 1 32
147 2 80
147 9 19
147 13 53
147 15 56
147 21 24
147 27 82
147 28 105
147 30 79
147 35 75
147 37 76
147 42 97
147 43 55
147 44 82
147 45 73
147 47 22
147 49 68
147 50 81
147 51 76
147 52 60
147 53 61
147 55 74
147 70 50
147 73 67
147 75 5
147 77 72
147 79 83
147 81 68
147 83 82
147 84 62
147 88 65
147 90 27
147 91 75
147 95 59
147 97 71
147 98 19
147 102 77
147 109 96
147 120 27
147 124 41
147 127 82
147 131 51
147 135 97
147 140 33
147 141 48
148 1 89
148 4 85
148 5 66
148 11 73
148 12 89
148 13 69
148 16 88
148 25 88
148 28 11
148 39 56
148 40 85
148 41 93
148 42 25
148 45 90
148 46 74
148 51 90
148 57 85
148 61 128
148 63 94
148 64 85
148 69 100
148 78 67
148 83 39
148 88 57
148 96 95
148 99 125
148 100 108
148 103 74
148 104 48
148 107 100
148 110 77
148 111 106
148 124 79
148 131 75
148 136 95
148 137 48
148 143 125
148 145 63
149 1 16
149 3 60
149 5 30
149 6 30
149 9 49
149 17 44
149 19 5
149 24 55
149 26 28
149 32 77
149 37 42
149 41 66
149 42 54
149 43 27
149 44 40
149 46 24
149 48 57
149 49 25
149 56 24
149 58 57
149 59 54
149 61 57
149 65 55
149 66 41
149 67 40
149 72 13
149 77 30
149 79 42
149 81 48
149 86 16
149 91 32
149 92 62
149 97 32
149 98 54
149 100 37
149 102 43
149 107 28
149 108 36
149 114 75
149 116 57
149 117 35
149 120 33
149 124 7
149 125 48
149 126 7
149 129 53
149 132 11
149 134 40
149 137 26
149 141 31
149 142 18
149 144 57
150 6 59
150 8 27
150 11 49
150 14 24
150 16 38
150 17 53
150 20 32
150 22 13
150 26 9
150 30 72
150 33 92
150 35 16
150 36 19
150 37 40
150 40 39
150 42 28
150 44 11
150 45 41
150 46 22
150 50 62
150 55 17
150 59 64
150 63 47
150 68 28
150 70 76
150 71 67
150 72 25
150 77 12
150 79 15
150 82 65
150 86 14
150 87 48
150 97 14
150 99 85
150 101 35
150 105 37
150 106 68
150 107 50
150 108 63
150 110 31
150 111 67
150 115 52
150 116 83
150 118 10
150 119 50
150 129 30
150 131 53
150 138 25
150 141 43
150 143 87
150 144 78
150 147 72
151 2 27
151 4 77
151 7 54
151 17 77
151 21 82
151 25 73
151 29 81
151 41 102
151 44 34
151 45 10
151 48 67
151 54 52
151 55 18
151 57 86
151 58 93
151 64 55
151 65 86
151 66 72
151 68 7
151 71 95
151 74 50
151 77 44
151 87 80
151 88 68
151 89 85
151 91 44
151 93 14
151 95 15
151 100 64
151 106 76
151 110 36
151 122 38
151 127 50
151 130 69
151 133 76
151 134 5
151 135 79
151 136 51
151 138 55
151 141 19
151 150 32
152 0 19
152 2 63
152 15 44
152 23 45
152 26 52
152 27 67
152 28 89
152 29 29
152 34 83
152 37 61
152 38 82
152 40 17
152 41 64
152 42 80
152 43 41
152 44 65
152 46 43
152 47 6
152 51 63
152 53 48
152 57 49
152 64 17
152 74 41
152 75 11
152 76 83
152 79 67
152 83 67
152 84 45
152 85 75
152 87 75
152 94 78
152 103 56
152 104 81
152 107 21
152 111 16
152 116 44
152 117 48
152 118 46
152 119 84
152 123 32
152 125 35
152 137 50
152 142 14
152 146 65
152 150 55
152 151 52
153 0 12
153 1 9
153 3 67
153 5 36
153 13 19
153 18 54
153 23 47
153 28 72
153 32 80
153 34 79
153 36 41
153 39 69
153 42 63
153 43 31
153 46 29
153 48 66
153 49 34
153 50 62
153 62 23
153 64 15
153 66 47
153 67 48
153 69 35
153 75 28
153 77 39
153 78 16
153 79 50
153 83 54
153 89 72
153 96 19
153 98 46
153 105 4
153 107 21
153 110 6
153 117 37
153 128 34
153 129 62
153 130 38
153 139 76
153 141 29
153 145 30
154 2 60
154 3 81
154 6 9
154 14 77
154 16 18
154 17 60
154 19 20
154 20 21
154 27 69
154 29 34
154 33 92
154 35 58
154 36 57
154 37 64
154 51 58
154 52 48
154 55 55
154 61 34
154 64 21
154 66 61
154 72 37
154 81 51
154 82 83
154 85 73
154 91 58
154 93 47
154 95 39
154 101 18
154 108 29
154 112 11
154 113 67
154 118 46
154 120 26
154 126 25
154 129 79
154 133 83
154 135 84
154 136 8
154 139 82
154 140 18
154 146 61
154 149 25
154 153 16
155 4 50
155 6 17
155 10 64
155 11 45
155 12 91
155 16 11
155 22 62
155 23 56
155 26 44
155 30 78
155 35 55
155 41 76
155 42 76
155 44 58
155 45 47
155 51 50
155 52 48
155 59 70
155 65 47
155 66 62
155 68 45
155 74 42
155 75 23
155 76 91
155 77 52
155 83 69
155 85 68
155 86 33
155 89 87
155 94 80
155 102 65
155 103 44
155 110 19
155 112 4
155 118 41
155 123 18
155 133 82
155 134 44
155 137 49
155 138 57
155 146 54
155 149 23
155 150 48
155 153 15
156 0 63
156 1 74
156 3 33
156 7 80
156 11 56
156 22 28
156 26 48
156 28 10
156 31 27
156 36 26
156 37 29
156 40 69
156 49 37
156 52 39
156 53 45
156 54 19
156 58 65
156 66 38
156 75 93
156 76 56
156 80 30
156 82 42
156 83 23
156 87 23
156 91 28
156 94 21
156 96 78
156 98 104
156 104 37
156 107 85
156 111 89
156 116 92
156 121 52
156 122 89
156 125 87
156 129 10
156 130 102
156 132 61
156 138 25
156 140 65
156 141 81
156 142 70
156 147 99
156 150 39
156 153 67
156 154 83
157 0 22
157 1 20
157 2 31
157 3 61
157 4 47
157 7 33
157 9 57
157 13 5
157 15 33
157 19 12
157 20 9
157 21 59
157 29 62
157 32 81
157 36 28
157 41 72
157 44 32
157 45 41
157 46 17
157 49 19
157 50 60
157 57 55
157 60 45
157 62 21
157 64 28
157 67 38
157 71 67
157 76 75
157 80 53
157 81 43
157 82 66
157 83 46
157 92 58
157 93 40
157 96 34
157 97 24
157 99 63
157 101 13
157 102 42
157 105 15
157 106 50
157 107 30
157 109 62
157 110 9
157 111 46
157 115 52
157 120 41
157 121 14
157 126 7
157 127 34
157 135 58
157 139 81
157 144 64
157 145 29
157 150 22
157 152 33
157 156 54
158 1 79
158 2 74
158 4 49
158 7 76
158 8 35
158 10 23
158 11 43
158 13 69
158 15 98
158 16 81
158 17 25
158 20 70
158 24 39
158 26 71
158 31 61
158 34 31
158 36 43
158 42 55
158 47 74
158 49 57
158 50 14
158 51 104
158 52 37
158 62 47
158 63 81
158 64 63
158 70 56
158 72 51
158 73 57
158 75 87
158 79 74
158 82 5
158 83 21
158 85 66
158 88 29
158 89 21
158 93 104
158 95 77
158 97 76
158 104 1
158 107 91
158 109 12
158 110 67
158 111 79
158 114 37
158 115 13
158 119 24
158 121 54
158 124 71
158 125 68
158 126 71
158 128 56
158 130 95
158 135 24
158 137 45
158 140 67
158 145 40
158 150 62
158 151 92
158 154 84
158 156 38
158 157 65
159 2 42
159 7 45
159 15 60
159 27 19
159 30 42
159 35 18
159 39 38
159 41 54
159 47 41
159 48 38
159 50 34
159 53 15
159 57 40
159 60 50
159 65 67
159 67 16
159 71 39
159 79 44
159 80 26
159 81 69
159 85 43
159 90 66
159 94 31
159 96 42
159 98 68
159 99 72
159 102 16
159 107 55
159 108 44
159 110 30
159 111 53
159 113 19
159 118 22
159 120 42
159 121 18
159 122 59
159 126 33
159 127 25
159 134 57
159 135 34
159 137 11
159 142 34
159 143 72
159 144 50
159 147 63
159 151 55
159 157 27
160 6 72
160 9 72
160 17 15
160 18 51
160 24 45
160 26 69
160 28 55
160 32 24
160 33 32
160 38 15
160 43 31
160 44 69
160 47 65
160 49 55
160 51 101
160 54 48
160 55 78
160 57 32
160 65 75
160 74 38
160 76 15
160 79 75
160 81 103
160 83 23
160 85 68
160 88 21
160 92 53
160 93 100
160 95 73
160 98 79
160 100 73
160 104 13
160 108 56
160 109 21
160 112 80
160 113 17
160 114 29
160 125 56
160 127 50
160 129 51
160 133 37
160 136 67
160 141 89
160 145 32
160 147 82
160 150 61
160 153 62
160 157 60
161 1 46
161 5 54
161 7 42
161 8 22
161 15 69
161 16 49
161 18 42
161 19 35
161 24 44
161 26 49
161 28 55
161 29 62
161 38 36
161 39 32
161 44 53
161 48 49
161 49 37
161 50 25
161 53 2
161 55 58
161 59 21
161 80 25
161 82 33
161 89 41
161 90 57
161 95 50
161 97 54
161 99 65
161 103 63
161 106 37
161 110 34
161 112 55
161 117 66
161 120 34
161 121 22
161 122 61
161 123 60
161 125 41
161 129 47
161 134 68
161 136 42
161 139 46
161 140 33
161 153 37
161 159 14
162 0 43
162 2 29
162 3 40
162 4 56
162 7 60
162 18 9
162 20 41
162 23 62
162 31 20
162 32 70
162 33 78
162 42 20
162 50 47
162 54 5
162 57 60
162 65 85
162 67 12
162 69 67
162 70 69
162 79 29
162 81 65
162 83 24
162 84 32
162 90 85
162 95 37
162 98 86
162 99 89
162 100 71
162 104 45
162 108 63
162 113 29
162 115 36
162 116 79
162 117 53
162 121 31
162 123 57
162 132 39
162 134 50
162 135 29
162 144 70
162 148 38
162 151 50
162 153 45
163 0 50
163 7 54
163 8 63
163 10 54
163 11 34
163 17 36
163 19 62
163 20 67
163 21 40
163 23 15
163 25 27
163 31 95
163 32 36
163 33 34
163 34 35
163 40 66
163 46 87
163 52 51
163 59 30
163 61 62
163 63 67
163 64 46
163 66 45
163 68 102
163 71 46
163 73 76
163 74 54
163 83 59
163 84 84
163 87 62
163 89 72
163 91 77
163 92 91
163 93 106
163 96 49
163 98 50
163 106 30
163 107 79
163 108 36
163 109 64
163 114 27
163 115 48
163 124 69
163 128 28
163 129 87
163 130 61
163 142 50
163 143 53
163 144 5
163 152 59
163 153 62
163 156 83
163 161 41
163 162 75
164 1 39
164 4 78
164 8 53
164 10 65
164 11 67
164 14 44
164 17 75
164 18 47
164 29 85
164 35 43
164 36 45
164 43 60
164 44 27
164 45 14
164 46 13
164 47 54
164 50 87
164 51 15
164 55 11
164 57 86
164 59 86
164 64 57
164 69 77
164 70 91
164 72 42
164 74 49
164 78 34
164 85 37
164 87 75
164 89 80
164 92 65
164 93 21
164 94 76
164 96 61
164 100 68
164 108 72
164 120 69
164 122 45
164 123 29
164 124 33
164 126 31
164 127 44
164 130 75
164 132 27
164 133 70
164 134 5
164 139 110
164 144 94
164 154 51
164 155 44
164 156 65
164 157 30
164 161 64
165 4 65
165 7 66
165 8 22
165 11 52
165 16 52
165 24 21
165 28 25
165 29 94
165 32 80
165 40 51
165 47 61
165 48 20
165 50 57
165 63 60
165 65 93
165 70 79
165 73 17
165 74 32
165 76 70
165 77 12
165 78 33
165 79 21
165 81 62
165 83 33
165 87 38
165 97 28
165 100 77
165 101 48
165 103 38
165 109 45
165 114 83
165 115 46
165 118 20
165 120 68
165 121 38
165 124 44
165 126 42
165 127 5
165 141 58
165 145 41
165 148 36
165 149 41
165 150 15
165 151 47
165 157 35
165 164 40
166 1 75
166 4 57
166 6 82
166 11 47
166 15 89
166 16 76
166 24 21
166 26 58
166 33 57
166 37 18
166 38 16
166 39 25
166 44 53
166 46 69
166 47 73
166 52 34
166 53 35
166 56 63
166 58 48
166 59 37
166 60 79
166 62 44
166 63 78
166 65 93
166 68 77
166 71 27
166 76 36
166 78 54
166 83 12
166 89 5
166 94 2
166 97 63
166 102 17
166 106 73
166 108 71
166 110 62
166 111 82
166 112 84
166 113 17
166 120 71
166 121 50
166 122 91
166 124 66
166 125 76
166 127 33
166 130 97
166 131 48
166 134 81
166 136 75
166 137 35
166 144 64
166 145 39
166 146 71
166 153 66
167 3 57
167 9 68
167 10 39
167 11 42
167 15 38
167 20 22
167 23 62
167 26 10
167 31 29
167 33 89
167 35 19
167 41 77
167 49 7
167 50 60
167 55 20
167 57 61
167 61 77
167 67 31
167 69 59
167 73 6
167 75 57
167 77 15
167 79 23
167 85 29
167 90 75
167 94 51
167 96 46
167 101 26
167 105 28
167 106 60
167 108 54
167 110 22
167 116 75
167 126 19
167 127 23
167 128 53
167 129 37
167 130 66
167 133 48
167 134 31
167 136 43
167 141 37
167 142 37
167 145 33
167 146 26
167 148 58
167 151 30
167 156 44
167 163 76
167 166 51
168 1 56
168 4 45
168 5 48
168 6 64
168 10 7
168 13 41
168 14 37
168 15 71
168 18 23
168 23 50
168 25 47
168 26 42
168 32 52
168 42 33
168 43 23
168 45 74
168 46 51
168 50 29
168 55 51
168 57 46
168 59 34
168 76 43
168 78 35
168 80 16
168 84 45
168 85 40
168 88 17
168 91 22
168 98 81
168 100 69
168 105 50
168 109 23
168 110 43
168 111 66
168 118 29
168 119 23
168 121 32
168 124 47
168 127 21
168 132 47
168 133 20
168 141 68
168 143 84
168 146 56
168 148 40
168 153 48
168 155 62
168 160 28
168 165 27
169 1 23
169 5 54
169 6 13
169 8 49
169 11 26
169 18 65
169 34 70
169 35 52
169 38 71
169 41 52
169 46 47
169 48 76
169 51 69
169 55 60
169 66 46
169 67 55
169 68 61
169 74 33
169 88 40
169 90 31
169 91 54
169 95 46
169 97 56
169 100 16
169 102 53
169 105 21
169 106 19
169 108 13
169 112 28
169 114 67
169 119 75
169 120 9
169 121 24
169 122 33
169 127 60
169 128 19
169 129 72
169 130 27
169 131 28
169 132 33
169 134 61
169 136 9
169 139 64
169 142 6
169 143 34
169 151 57
169 153 18
169 161 35
169 163 47
169 168 53
170 1 55
170 2 36
170 4 54
170 12 70
170 13 38
170 16 55
170 17 36
170 30 52
170 34 64
170 36 8
170 41 69
170 45 66
170 46 45
170 54 8
170 62 30
170 68 53
170 71 44
170 72 27
170 74 24
170 78 33
170 82 41
170 88 27
170 89 27
170 90 85
170 101 48
170 103 50
170 105 50
170 112 64
170 126 44
170 127 10
170 128 56
170 129 16
170 131 44
170 134 57
170 137 13
170 148 35
170 149 39
170 160 39
170 161 31
170 162 7
170 169 57
171 2 51
171 3 32
171 5 49
171 7 42
171 10 15
171 14 51
171 19 32
171 22 43
171 23 33
171 33 55
171 41 45
171 42 48
171 43 5
171 55 53
171 64 29
171 66 12
171 70 40
171 71 35
171 73 31
171 74 11
171 76 43
171 77 28
171 80 25
171 82 34
171 88 6
171 90 60
171 92 49
171 93 72
171 95 46
171 97 49
171 99 67
171 101 36
171 104 36
171 105 38
171 106 40
171 107 56
171 112 53
171 117 62
171 118 30
171 128 30
171 136 41
171 138 19
171 140 32
171 147 60
171 148 59
171 149 29
171 151 62
171 153 35
171 156 42
171 160 28
171 163 46
171 164 60
171 168 18
171 170 26
172 1 46
172 8 48
172 13 28
172 19 44
172 20 40
172 28 54
172 29 93
172 30 92
172 35 36
172 36 39
172 43 59
172 46 19
172 47 60
172 48 50
172 49 26
172 52 52
172 54 38
172 61 94
172 63 53
172 66 66
172 67 49
172 68 12
172 69 82
172 70 93
172 71 87
172 72 42
172 73 26
172 74 47
172 78 35
172 83 61
172 84 18
172 85 26
172 89 72
172 90 96
172 91 32
172 92 54
172 93 33
172 101 43
172 103 10
172 109 75
172 119 68
172 121 45
172 123 39
172 125 89
172 127 36
172 132 32
172 135 66
172 142 59
172 145 57
172 153 47
172 157 33
172 160 82
172 163 101
172 166 69
172 169 65
172 170 45
173 1 81
173 2 77
173 5 79
173 11 44
173 13 71
173 17 26
173 18 51
173 21 82
173 22 61
173 23 51
173 26 73
173 29 95
173 33 37
173 38 5
173 41 47
173 44 71
173 45 105
173 46 82
173 51 107
173 65 88
173 68 92
173 70 57
173 80 15
173 83 24
173 85 69
173 86 69
173 88 31
173 89 23
173 92 48
173 95 80
173 99 97
173 100 85
173 104 3
173 105 75
173 108 68
173 112 90
173 113 21
173 115 15
173 120 68
173 125 69
173 127 51
173 131 43
173 132 75
173 133 32
173 136 78
173 137 48
173 138 40
173 142 68
173 145 42
173 146 87
173 147 94
173 157 68
173 161 36
173 166 20
174 2 84
174 3 50
174 4 10
174 7 43
174 9 38
174 12 33
174 13 63
174 22 78
174 28 84
174 33 40
174 35 62
174 40 53
174 46 75
174 48 79
174 63 55
174 64 34
174 75 49
174 79 86
174 86 64
174 88 34
174 97 80
174 98 44
174 100 44
174 104 51
174 111 38
174 112 63
174 115 42
174 116 20
174 117 86
174 121 43
174 124 57
174 125 20
174 130 53
174 132 62
174 133 69
174 135 66
174 138 54
174 139 29
174 141 79
174 145 33
174 149 51
174 151 87
174 152 48
174 155 59
174 161 30
174 163 12
174 167 64
175 0 73
175 9 107
175 18 24
175 20 72
175 24 12
175 26 55
175 27 31
175 31 31
175 38 41
175 41 87
175 48 11
175 49 45
175 50 54
175 53 55
175 54 27
175 60 96
175 62 58
175 66 47
175 69 93
175 71 53
175 72 55
175 74 51
175 84 61
175 86 58
175 91 36
175 93 92
175 94 28
175 99 118
175 100 101
175 101 75
175 102 36
175 103 69
175 104 43
175 105 77
175 106 92
175 107 93
175 120 88
175 123 88
175 127 28
175 129 16
175 130 112
175 133 15
175 156 9
175 166 26
175 169 85
175 171 52
176 7 94
176 12 92
176 19 75
176 21 112
176 26 55
176 28 7
176 30 75
176 31 29
176 34 83
176 35 38
176 37 45
176 42 19
176 43 62
176 44 43
176 46 68
176 47 90
176 48 13
176 49 47
176 52 55
176 58 81
176 60 101
176 64 83
176 65 118
176 66 54
176 69 98
176 71 61
176 76 70
176 80 45
176 81 92
176 89 31
176 95 67
176 96 92
176 101 78
176 106 98
176 113 46
176 114 89
176 124 75
176 130 116
176 132 72
176 133 23
176 134 75
176 139 95
176 140 79
176 143 123
176 144 95
176 145 62
176 150 46
176 151 77
176 153 79
176 154 96
176 161 61
176 162 34
176 163 99
176 164 70
176 166 34
176 171 57
176 172 59
176 173 54
176 174 91
177 2 65
177 9 24
177 11 37
177 13 39
177 14 80
177 16 26
177 18 72
177 21 27
177 22 70
177 24 81
177 27 67
177 28 90
177 33 85
177 36 58
177 41 62
177 43 41
177 45 63
177 47 7
177 48 83
177 49 53
177 50 69
177 56 19
177 58 59
177 59 61
177 65 31
177 66 57
177 68 60
177 69 24
177 70 45
177 74 41
177 75 9
177 77 57
177 79 69
177 85 77
177 86 43
177 88 51
177 90 32
177 104 80
177 105 20
177 110 25
177 113 64
177 115 66
177 116 41
177 120 18
177 122 24
177 125 32
177 126 29
177 129 80
177 130 19
177 143 30
177 146 67
177 150 57
177 151 55
177 162 63
177 163 56
177 170 65
177 171 45
178 0 56
178 2 21
178 3 87
178 5 15
178 6 65
178 7 63
178 13 30
178 15 24
178 18 50
178 20 40
178 22 38
178 24 64
178 25 80
178 28 66
178 30 99
178 34 113
178 35 46
178 43 64
178 44 28
178 47 59
178 54 49
178 60 78
178 70 96
178 78 38
178 83 71
178 85 38
178 89 82
178 93 22
178 96 66
178 97 15
178 98 92
178 101 43
178 104 92
178 106 84
178 108 77
178 109 85
178 111 77
178 116 100
178 122 49
178 124 38
178 125 90
178 128 79
178 129 57
178 131 76
178 144 99
178 148 77
178 150 30
178 155 49
178 156 67
178 158 92
178 161 69
178 168 63
178 170 55
178 174 93
179 2 42
179 10 71
179 17 75
179 21 67
179 25 64
179 26 34
179 29 64
179 33 113
179 37 71
179 38 95
179 43 58
179 45 25
179 55 34
179 58 87
179 63 25
179 65 70
179 71 95
179 72 42
179 73 42
179 74 49
179 77 51
179 78 33
179 80 82
179 81 20
179 83 75
179 90 71
179 91 52
179 93 16
179 94 85
179 95 22
179 96 44
179 101 25
179 106 64
179 107 17
179 114 106
179 115 81
179 120 54
179 126 23
179 130 52
179 132 20
179 138 60
179 145 56
179 148 94
179 149 30
179 151 19
179 155 22
179 159 56
179 160 88
179 163 91
179 173 96
179 177 39
180 1 18
180 2 66
180 4 48
180 6 9
180 13 40
180 14 84
180 15 42
180 18 77
180 22 73
180 24 87
180 25 42
180 28 95
180 32 93
180 35 64
180 36 64
180 38 91
180 41 72
180 42 86
180 50 79
180 53 57
180 59 71
180 64 26
180 67 71
180 71 87
180 75 11
180 77 62
180 78 39
180 80 80
180 81 54
180 82 88
180 83 75
180 87 84
180 88 60
180 89 93
180 90 38
180 91 64
180 94 86
180 95 45
180 101 24
180 102 71
180 104 90
180 108 31
180 114 88
180 115 76
180 116 50
180 118 52
180 124 29
180 126 31
180 133 90
180 135 90
180 139 85
180 142 23
180 144 61
180 145 49
180 148 106
180 150 60
180 154 6
180 163 67
180 165 73
180 173 91
180 176 102
181 0 70
181 11 69
181 14 12
181 18 17
181 32 87
181 33 95
181 35 30
181 37 45
181 40 72
181 43 58
181 46 56
181 47 82
181 51 70
181 53 59
181 60 95
181 61 118
181 62 56
181 67 32
181 68 57
181 78 53
181 79 34
181 83 41
181 85 19
181 87 42
181 88 55
181 91 29
181 92 13
181 102 43
181 104 57
181 110 64
181 115 54
181 116 105
181 123 77
181 124 65
181 128 84
181 131 72
181 132 61
181 133 28
181 135 34
181 139 98
181 144 94
181 145 58
181 146 46
181 147 104
181 148 20
181 149 61
181 150 34
181 152 87
181 153 70
181 155 83
181 159 46
181 165 20
181 167 43
181 168 38
181 173 60
181 178 57
182 0 50
182 1 40
182 7 58
182 9 83
182 12 109
182 16 34
182 17 73
182 23 84
182 30 92
182 31 37
182 32 106
182 36 42
182 37 62
182 39 88
182 47 54
182 48 56
182 71 89
182 82 87
182 85 33
182 87 72
182 90 91
182 92 61
182 98 87
182 101 38
182 108 72
182 109 79
182 113 67
182 119 73
182 122 47
182 127 40
182 130 76
182 132 27
182 133 67
182 135 70
182 141 29
182 142 54
182 145 56
182 148 72
182 149 36
182 158 85
182 159 50
182 160 83
182 166 72
182 174 86
182 175 67
182 178 7
183 1 74
183 2 95
183 3 47
183 5 91
183 8 59
183 9 54
183 16 79
183 18 79
183 21 50
183 24 76
183 28 87
183 34 24
183 40 70
183 42 89
183 44 92
183 48 82
183 52 49
183 55 96
183 60 50
183 70 20
183 71 36
183 73 75
183 76 33
183 77 71
183 80 47
183 81 113
183 82 40
183 83 53
183 84 85
183 87 55
183 88 40
183 92 85
183 93 109
183 95 87
183 103 100
183 106 38
183 110 66
183 113 46
183 114 17
183 116 32
183 118 73
183 119 66
183 120 45
183 125 36
183 126 73
183 127 76
183 128 33
183 131 30
183 132 77
183 133 70
183 135 65
183 140 61
183 144 13
183 146 103
183 158 45
183 161 38
183 164 101
183 165 81
183 166 60
183 173 44
183 176 92
183 178 106
183 180 73
184 2 73
184 5 72
184 7 57
184 9 61
184 11 23
184 13 60
184 14 68
184 28 61
184 31 67
184 35 46
184 37 24
184 39 18
184 42 64
184 43 24
184 44 69
184 45 96
184 49 54
184 52 28
184 55 76
184 57 21
184 69 45
184 74 34
184 79 75
184 82 20
184 83 28
184 86 59
184 88 18
184 90 62
184 95 70
184 98 68
184 100 63
184 105 59
184 108 44
184 112 72
184 116 46
184 118 53
184 119 42
184 120 45
184 125 45
184 126 59
184 127 52
184 128 33
184 130 73
184 131 21
184 134 87
184 136 57
184 139 29
184 142 47
184 143 71
184 147 72
184 148 66
184 150 60
184 154 66
184 155 68
184 156 51
184 157 55
184 158 23
184 163 32
184 166 35
184 173 24
184 183 25
185 5 77
185 9 25
185 11 26
185 13 61
185 16 57
185 17 38
185 18 78
185 23 11
185 28 91
185 36 63
185 38 65
185 41 27
185 42 88
185 43 36
185 44 84
185 52 44
185 55 83
185 58 30
185 59 38
185 63 47
185 64 29
185 77 66
185 80 58
185 83 60
185 86 63
185 91 69
185 101 48
185 103 85
185 109 69
185 111 26
185 117 81
185 123 68
185 132 58
185 135 75
185 138 60
185 140 40
185 141 73
185 151 84
185 153 44
185 155 51
185 162 68
185 163 21
185 167 65
185 170 67
185 175 92
185 179 72
185 183 29
186 3 3
186 6 76
186 13 62
186 27 17
186 30 25
186 31 56
186 33 41
186 35 40
186 44 63
186 46 73
186 51 98
186 56 55
186 57 41
186 58 33
186 59 22
186 64 57
186 66 17
186 67 27
186 69 63
186 74 38
186 75 82
186 80 6
186 81 101
186 82 8
186 84 67
186 91 45
186 92 43
186 93 98
186 98 86
186 107 85
186 110 60
186 116 67
186 120 62
186 123 85
186 124 65
186 125 64
186 126 65
186 128 51
186 129 43
186 134 87
186 138 31
186 140 61
186 141 88
186 152 74
186 159 31
186 175 42
186 180 83
187 1 32
187 2 15
187 4 63
187 5 5
187 7 49
187 10 49
187 12 96
187 16 28
187 17 59
187 19 28
187 22 26
187 24 49
187 25 61
187 26 5
187 28 53
187 32 92
187 34 92
187 35 28
187 37 49
187 38 72
187 50 70
187 52 39
187 53 50
187 56 49
187 60 62
187 63 38
187 64 45
187 65 80
187 66 53
187 73 15
187 74 33
187 76 85
187 79 18
187 85 30
187 89 65
187 90 81
187 91 24
187 92 53
187 95 7
187 97 7
187 103 14
187 104 73
187 105 30
187 108 61
187 110 26
187 111 62
187 114 93
187 118 15
187 125 73
187 128 60
187 129 43
187 136 46
187 140 34
187 143 81
187 146 18
187 147 64
187 152 48
187 153 32
187 156 52
187 157 17
187 158 72
187 160 70
187 163 86
187 170 37
187 171 44
187 176 59
187 182 13
187 184 67
187 186 66
188 6 54
188 7 49
188 8 18
188 10 31
188 12 80
188 17 43
188 21 72
188 25 52
188 26 17
188 29 78
188 33 82
188 35 10
188 36 11
188 37 31
188 48 33
188 49 3
188 50 53
188 52 23
188 53 35
188 55 26
188 57 58
188 58 61
188 59 54
188 60 59
188 61 82
188 62 24
188 65 77
188 66 36
188 67 22
188 72 16
188 73 3
188 78 17
188 82 56
188 83 33
188 84 19
188 86 15
188 91 8
188 92 39
188 93 51
188 94 42
188 98 77
188 100 61
188 101 32
188 104 54
188 105 34
188 107 49
188 115 43
188 124 28
188 134 39
188 135 41
188 146 32
188 147 67
188 153 33
188 157 19
188 159 20
188 160 52
188 161 33
188 169 47
188 170 19
188 176 46
188 180 56
188 186 48
189 5 47
189 8 27
189 16 69
189 29 107
189 34 77
189 35 23
189 37 35
189 40 67
189 44 30
189 46 54
189 56 70
189 62 49
189 63 76
189 72 45
189 73 33
189 76 66
189 77 26
189 78 48
189 82 52
189 86 45
189 88 45
189 91 23
189 99 109
189 100 91
189 101 63
189 103 55
189 108 82
189 113 38
189 116 96
189 117 68
189 125 90
189 129 2
189 132 57
189 135 24
189 136 77
189 137 31
189 140 64
189 141 75
189 143 109
189 150 32
189 152 81
189 156 10
189 160 53
189 170 19
189 177 82
189 185 86
189 186 44
190 0 44
190 3 26
190 8 6
190 9 77
190 12 64
190 15 70
190 17 30
190 23 55
190 37 12
190 41 63
190 42 28
190 44 36
190 45 72
190 49 26
190 61 91
190 62 28
190 63 60
190 67 1
190 73 26
190 75 74
190 76 47
190 77 18
190 78 35
190 80 19
190 85 35
190 87 17
190 90 82
190 92 26
190 93 75
190 95 47
190 96 58
190 99 88
190 102 10
190 107 68
190 115 23
190 121 33
190 123 66
190 125 67
190 126 46
190 129 21
190 135 19
190 140 47
190 144 61
190 145 27
190 148 36
190 151 62
190 153 49
190 154 65
190 157 39
190 160 33
190 168 5
190 170 6
190 173 34
190 181 33
190 185 63
190 186 26
191 2 55
191 3 49
191 5 48
191 8 33
191 14 62
191 17 28
191 26 45
191 29 47
191 38 54
191 41 45
191 42 61
191 47 22
191 52 19
191 53 20
191 54 46
191 55 54
191 57 29
191 62 11
191 65 44
191 81 68
191 84 41
191 85 60
191 87 48
191 89 58
191 98 46
191 109 54
191 112 38
191 115 39
191 118 33
191 123 46
191 125 31
191 128 18
191 130 44
191 131 15
191 132 31
191 133 56
191 140 17
191 141 50
191 143 49
191 144 37
191 148 75
191 149 20
191 155 34
191 156 58
191 157 26
191 162 41
191 163 43
191 166 52
191 172 59
191 177 27
191 179 49
191 184 34
192 1 30
192 5 18
192 6 47
192 8 26
192 15 38
192 19 22
192 25 50
192 26 13
192 28 48
192 36 20
192 37 37
192 43 31
192 44 23
192 45 42
192 50 58
192 54 26
192 58 63
192 59 57
192 61 75
192 62 23
192 63 36
192 72 14
192 75 55
192 78 9
192 81 46
192 89 55
192 92 48
192 94 50
192 95 16
192 97 18
192 98 72
192 99 73
192 103 27
192 104 61
192 114 80
192 119 53
192 126 18
192 127 24
192 128 50
192 129 38
192 130 64
192 137 15
192 139 82
192 140 27
192 141 37
192 147 60
192 150 12
192 151 31
192 155 38
192 164 29
192 173 63
192 174 61
192 176 55
192 181 45
192 183 73
192 184 54
192 185 62
192 186 54
192 191 32
193 0 66
193 1 87
193 4 39
193 7 74
193 10 54
193 16 91
193 17 37
193 19 77
193 23 33
193 25 45
193 29 77
193 31 97
193 33 11
193 34 15
193 44 100
193 51 126
193 60 63
193 61 85
193 63 85
193 65 67
193 71 34
193 74 63
193 75 80
193 84 95
193 86 87
193 90 65
193 94 59
193 95 97
193 96 68
193 101 81
193 102 55
193 107 97
193 108 56
193 109 55
193 112 93
193 119 67
193 120 58
193 121 68
193 126 84
193 128 46
193 132 88
193 134 115
193 136 75
193 139 2
193 140 73
193 147 84
193 153 78
193 160 35
193 161 47
193 163 23
193 168 61
193 169 66
193 174 31
193 178 116
193 179 106
193 180 87
193 185 42
193 186 45
193 192 83
194 1 27
194 2 34
194 6 48
194 8 58
194 12 110
194 14 57
194 15 7
194 16 21
194 18 58
194 19 32
194 20 28
194 21 74
194 22 48
194 23 80
194 25 68
194 31 54
194 33 114
194 36 51
194 41 98
194 42 63
194 49 38
194 50 88
194 51 19
194 52 56
194 56 54
194 63 33
194 70 85
194 78 32
194 80 80
194 87 81
194 91 47
194 93 12
194 95 16
194 100 56
194 101 29
194 102 69
194 104 93
194 112 28
194 115 80
194 116 86
194 117 4
194 118 35
194 119 85
194 122 29
194 123 13
194 126 24
194 133 79
194 137 48
194 142 46
194 143 77
194 145 57
194 146 28
194 153 33
194 154 39
194 158 92
194 159 55
194 163 95
194 169 50
194 170 59
194 172 27
194 174 82
194 175 82
194 177 47
194 180 43
194 184 83
194 186 86
194 187 23
194 192 32
195 2 41
195 7 89
195 10 44
195 17 62
195 19 69
195 23 88
195 26 46
195 27 38
195 31 20
195 33 94
195 35 32
195 38 53
195 46 60
195 56 80
195 60 97
195 65 114
195 71 63
195 74 52
195 76 73
195 78 57
195 81 83
195 82 60
195 83 40
195 85 24
195 89 35
195 91 32
195 92 9
195 93 82
195 100 100
195 102 42
195 105 74
195 113 47
195 115 53
195 117 73
195 119 32
195 121 60
195 125 100
195 134 66
195 136 87
195 137 40
195 140 73
195 144 94
195 146 51
195 147 107
195 153 73
195 154 90
195 155 86
195 168 38
195 169 85
195 170 29
195 174 89
195 175 14
195 179 81
195 184 68
195 191 69
196 0 59
196 3 28
196 4 38
196 6 76
196 9 71
196 13 76
196 24 61
196 41 25
196 43 40
196 44 84
196 53 33
196 63 80
196 66 30
196 69 56
196 72 58
196 74 50
196 78 67
196 82 19
196 83 39
196 88 33
196 89 45
196 98 78
196 99 84
196 103 98
196 105 75
196 107 91
196 109 36
196 113 32
196 118 68
196 120 58
196 124 75
196 126 75
196 127 65
196 128 46
196 129 68
196 134 103
196 135 48
196 139 19
196 140 67
196 141 99
196 142 62
196 147 85
196 148 73
196 149 67
196 151 101
196 152 75
196 154 81
196 157 71
196 161 35
196 163 33
196 169 63
196 176 76
196 183 22
196 185 47
196 189 69
196 190 49
196 191 50
196 194 99
197 2 81
197 6 80
197 9 79
197 17 23
197 18 57
197 21 76
197 26 77
197 29 89
197 35 53
197 37 29
197 38 14
197 40 75
197 47 73
197 48 55
197 50 9
197 51 109
197 53 32
197 59 18
197 61 97
197 70 49
197 82 6
197 84 78
197 85 75
197 87 25
197 88 30
197 89 32
197 93 108
197 94 27
197 98 86
197 100 81
197 101 73
197 102 29
197 103 92
197 105 75
197 106 61
197 114 26
197 119 35
197 120 63
197 129 56
197 130 91
197 131 39
197 132 76
197 133 40
197 135 35
197 136 75
197 137 50
197 139 33
197 141 98
197 145 40
197 149 66
197 153 71
197 156 48
197 157 68
197 158 11
197 160 8
197 162 53
197 164 94
197 166 29
197 167 67
197 169 67
197 174 43
197 175 55
197 178 98
197 179 97
197 190 39
197 195 66
197 196 13
198 0 7
198 1 24
198 2 47
198 5 40
198 6 30
198 8 30
198 11 19
198 18 45
198 32 65
198 33 70
198 34 65
198 35 32
198 40 19
198 42 56
198 44 46
198 46 35
198 47 21
198 49 30
198 59 42
198 61 55
198 62 8
198 64 13
198 65 50
198 69 32
198 70 42
198 71 54
198 76 62
198 88 26
198 101 17
198 102 35
198 104 56
198 108 28
198 110 13
198 112 33
198 114 63
198 119 57
198 121 5
198 123 39
198 126 19
198 127 40
198 128 26
198 133 55
198 137 24
198 138 30
198 141 43
198 144 46
198 146 52
198 148 72
198 151 48
198 160 47
198 161 21
198 163 51
198 169 19
198 170 37
198 174 39
198 175 65
198 176 70
198 177 27
198 179 42
198 184 40
198 194 44
199 1 85
199 3 44
199 8 38
199 12 88
199 16 84
199 19 75
199 21 110
199 25 84
199 26 56
199 28 7
199 36 38
199 40 81
199 44 45
199 46 70
199 48 13
199 49 47
199 54 29
199 55 61
199 58 77
199 61 124
199 65 116
199 68 73
199 69 96
199 70 94
199 72 58
199 73 48
199 74 55
199 75 106
199 76 66
199 86 61
199 90 115
199 99 121
199 100 104
199 102 40
199 103 70
199 108 93
199 115 48
199 118 51
199 120 92
199 124 75
199 127 31
199 131 72
199 137 44
199 140 78
199 154 96
199 158 48
199 161 59
199 165 32
199 168 37
199 169 88
199 172 61
199 173 50
199 174 88
199 175 4
199 176 4
199 178 73
199 179 90
199 183 89
199 190 33
