200 5970
-1
40 77 101
7 51 138
79 42 112
86 0 129
36 27 134
41 10 97
64 30 101
37 19 113
52 2 116
7 1 84
74 18 116
91 20 79
38 53 133
59 68 132
93 45 122
10 83 78
71 10 105
56 51 139
62 70 123
97 34 128
87 29 138
64 58 102
94 36 91
96 99 76
73 21 112
48 15 71
8 25 130
45 97 130
18 100 124
21 44 122
72 65 138
76 81 85
57 69 127
36 68 93
98 97 102
35 37 135
43 5 78
86 81 122
26 9 112
31 73 99
18 66 76
95 66 137
55 17 79
33 3 123
48 47 140
78 7 134
72 50 100
29 34 89
55 90 137
85 25 139
92 38 71
30 12 115
90 71 101
39 18 70
4 33 115
57 73 112
13 100 90
63 6 114
53 0 98
40 13 70
91 71 96
61 74 91
67 57 118
61 32 126
85 11 140
44 21 99
8 38 78
5 3 80
59 79 73
58 48 106
14 92 97
40 64 88
18 33 117
64 66 74
95 79 98
100 12 130
66 48 75
0 9 88
10 37 127
42 68 105
22 6 80
69 7 70
62 99 72
88 95 123
98 81 76
8 80 110
57 2 129
18 75 88
17 29 127
16 90 73
55 67 92
36 25 105
85 49 110
38 84 86
9 61 102
10 14 110
66 60 113
66 96 94
16 43 116
47 82 80
47 68 138
75 72 123
92 31 74
71 92 85
52 76 75
72 41 73
57 51 127
56 23 105
42 90 84
85 3 77
61 0 113
16 79 121
46 9 97
70 35 74
13 99 120
97 51 139
3 100 124
49 0 114
65 0 74
17 61 138
33 72 92
69 59 89
23 33 107
70 16 118
41 70 89
35 78 94
9 76 134
11 11 88
64 37 130
49 37 83
80 9 84
2 37 107
72 49 93
44 68 123
88 85 71
7 62 125
72 93 130
15 22 75
4 2 132
97 92 140
37 77 101
73 67 97
69 8 92
100 38 102
74 75 111
45 12 137
59 75 125
4 58 137
26 22 88
69 0 119
97 25 89
79 16 122
84 100 115
94 23 134
49 42 83
57 79 81
79 38 85
57 27 87
56 89 81
58 7 80
6 40 115
15 1 117
27 50 98
28 82 76
64 9 79
73 91 117
94 72 110
64 38 141
77 98 126
20 51 76
83 40 116
30 18 112
4 33 114
35 74 136
27 58 84
34 80 123
59 52 119
71 26 88
0 66 130
65 47 88
73 97 108
10 17 72
74 82 139
68 52 75
21 1 137
74 29 84
9 2 128
98 64 110
3 7 79
73 70 101
28 4 108
99 93 124
25 70 95
15 15 82
16 52 115
79 57 81
14 52 99
73 97 110
93 62 129
32 15 104
-1
2 1 72
3 2 42
4 1 37
4 2 45
4 3 56
6 1 60
6 2 19
7 2 47
7 6 29
8 2 48
8 4 29
8 7 22
9 1 50
9 2 82
9 5 35
10 0 68
10 2 24
10 4 39
10 5 33
10 9 69
11 2 25
11 4 55
11 6 28
11 7 54
12 0 24
12 1 31
12 6 34
12 7 34
12 8 52
12 10 50
12 11 62
13 7 53
13 8 66
14 0 61
14 1 86
14 13 41
15 2 80
16 3 18
16 5 30
16 12 54
17 2 24
17 6 22
17 8 49
17 11 46
17 12 18
17 16 43
18 4 50
18 8 68
18 9 88
18 11 57
18 12 29
19 1 91
19 4 61
19 5 60
19 8 55
19 9 95
19 17 44
20 0 67
20 3 29
20 5 49
20 6 23
20 9 84
20 10 17
20 11 9
20 13 48
21 0 30
21 6 28
21 7 47
21 9 80
21 11 46
21 15 59
21 17 10
22 6 30
22 7 59
22 11 16
22 12 58
22 13 47
22 14 9
23 3 99
23 4 93
23 5 104
23 8 106
23 11 79
23 13 48
23 16 92
24 0 65
24 1 72
24 3 24
24 4 37
24 7 36
24 8 28
24 9 68
24 10 3
24 13 49
24 14 31
24 19 27
24 20 16
24 23 81
25 2 41
25 11 43
25 13 54
25 17 36
25 19 52
25 20 41
26 1 26
26 2 73
26 3 81
26 5 36
26 16 64
27 0 20
27 2 64
27 3 105
27 6 69
27 9 103
27 11 89
27 13 32
27 15 37
27 19 81
27 20 79
27 25 82
28 7 83
28 10 99
28 13 52
28 16 104
28 17 62
28 26 75
29 0 38
29 2 58
29 8 52
29 10 59
29 11 74
29 12 19
29 14 72
29 15 40
29 21 45
29 23 93
29 24 56
30 0 34
30 3 66
30 4 52
30 9 91
30 15 64
30 17 21
30 19 39
30 27 41
31 3 81
31 4 67
31 8 82
31 9 105
31 11 62
31 19 51
31 25 71
31 28 61
31 29 66
31 30 16
32 3 74
32 8 67
32 10 53
32 12 24
32 15 49
32 23 49
32 26 65
32 30 15
33 1 33
33 3 84
33 4 41
33 7 49
33 10 62
33 11 73
33 12 15
33 18 26
33 24 59
33 26 51
33 29 28
34 7 99
34 12 74
34 13 48
34 16 91
34 20 68
34 23 2
34 24 80
34 27 53
34 28 80
35 2 44
35 10 43
35 18 42
35 27 60
35 28 65
35 34 87
36 0 72
36 1 58
36 3 43
36 5 5
36 7 15
36 11 50
36 14 64
36 18 67
36 19 61
36 25 11
36 27 92
36 28 98
36 32 65
36 34 107
37 3 81
37 10 64
37 13 29
37 16 72
37 20 52
37 21 31
37 25 76
37 28 70
37 31 10
37 33 51
37 35 67
38 0 69
38 4 20
38 13 67
38 18 70
38 19 75
38 20 64
38 21 62
38 24 48
38 37 93
39 5 63
39 10 69
39 11 80
39 13 28
39 18 31
39 22 73
39 25 60
39 33 7
39 34 71
39 35 36
40 0 24
40 2 65
40 5 60
40 9 65
40 15 18
40 18 44
40 20 78
40 24 71
40 26 42
40 29 22
40 30 54
40 31 59
40 38 57
41 0 56
41 1 89
41 3 66
41 8 77
41 9 109
41 13 36
41 15 86
41 17 41
41 19 32
41 31 24
41 35 66
42 1 58
42 19 45
42 22 43
42 25 7
42 30 50
42 31 67
42 33 54
42 35 28
42 41 63
43 6 41
43 9 26
43 10 43
43 11 60
43 17 53
43 18 73
43 19 71
43 23 114
43 25 19
43 26 33
43 40 64
43 41 88
44 6 23
44 11 50
44 14 45
44 15 52
44 16 43
44 18 26
44 19 50
44 21 19
44 23 70
44 24 36
44 31 44
44 32 23
44 42 30
44 43 46
45 3 10
45 7 42
45 8 26
45 9 71
45 10 11
45 14 40
45 15 101
45 16 7
45 23 93
45 25 31
45 27 95
45 32 65
45 41 61
45 44 50
46 1 65
46 3 51
46 5 50
46 8 52
46 9 81
46 12 34
46 14 21
46 18 22
46 20 25
46 22 26
46 23 54
46 27 54
46 29 51
46 31 31
46 40 56
46 43 61
47 5 26
47 8 39
47 10 47
47 14 64
47 24 45
47 25 26
47 32 44
47 35 6
47 37 73
47 40 33
47 41 73
47 44 23
48 0 19
48 7 73
48 12 40
48 16 81
48 24 71
48 25 75
48 26 80
48 31 22
48 35 56
48 37 32
48 38 86
48 42 73
48 43 89
48 45 86
49 4 49
49 8 40
49 35 51
49 36 46
49 42 31
49 43 56
49 44 43
49 45 19
49 47 56
50 0 65
50 1 85
50 2 13
50 4 57
50 6 29
50 9 92
50 13 44
50 14 7
50 17 38
50 20 10
50 22 2
50 23 61
50 24 25
50 27 75
50 28 96
50 30 33
50 31 45
50 32 46
50 37 43
50 38 72
50 41 28
50 43 68
51 0 65
51 11 61
51 15 73
51 22 68
51 24 43
51 31 82
51 38 5
51 42 25
51 43 9
51 45 48
51 48 81
51 50 67
52 4 69
52 9 108
52 13 31
52 14 26
52 15 80
52 20 42
52 22 35
52 25 70
52 30 18
52 37 10
52 38 89
52 39 59
52 41 7
52 45 65
52 46 27
52 47 71
52 48 39
52 49 46
52 51 84
53 1 45
53 6 27
53 11 52
53 12 35
53 17 37
53 18 56
53 20 49
53 21 47
53 23 99
53 24 34
53 30 57
53 31 73
53 34 98
53 40 52
53 41 73
53 49 46
53 50 56
54 2 75
54 3 88
54 4 32
54 10 71
54 11 87
54 13 65
54 14 89
54 19 93
54 22 90
54 26 8
54 29 20
54 30 75
54 31 86
54 35 31
54 36 48
54 38 32
54 41 96
54 44 46
54 49 81
55 3 78
55 5 65
55 7 57
55 8 71
55 9 87
55 13 5
55 14 45
55 16 64
55 22 52
55 24 54
55 27 26
55 28 47
55 32 4
55 34 47
55 35 42
55 41 38
55 42 56
55 44 27
55 46 27
55 51 66
55 52 33
56 0 35
56 2 87
56 5 94
56 7 84
56 11 111
56 15 17
56 16 107
56 19 106
56 25 91
56 35 66
56 48 43
56 50 100
56 52 82
56 53 86
57 3 23
57 8 11
57 11 31
57 20 33
57 21 52
57 39 74
57 44 43
57 55 67
58 0 78
58 1 68
58 2 49
58 3 33
58 14 60
58 15 93
58 19 55
58 27 97
58 30 67
58 32 69
58 34 106
58 37 87
58 46 53
58 47 41
58 52 80
58 53 22
58 56 107
59 6 29
59 8 16
59 20 49
59 23 102
59 24 33
59 32 58
59 35 24
59 41 76
59 44 34
59 45 38
59 48 78
59 49 46
59 51 10
59 52 76
59 57 24
59 58 18
60 2 31
60 7 74
60 13 32
60 14 26
60 19 37
60 22 35
60 26 94
60 31 18
60 34 26
60 36 81
60 38 89
60 40 73
60 41 6
60 46 28
60 47 72
60 52 1
60 53 74
60 59 77
61 0 21
61 3 78
61 4 53
61 6 44
61 8 72
61 12 31
61 14 43
61 15 51
61 20 51
61 27 28
61 45 69
61 46 26
61 54 70
61 55 4
61 58 74
62 2 19
62 3 60
62 4 43
62 5 53
62 13 13
62 14 28
62 16 47
62 23 51
62 26 67
62 27 45
62 35 37
62 41 29
62 50 31
62 51 58
62 52 26
62 60 27
63 2 20
63 7 27
63 11 32
63 12 31
63 13 36
63 19 36
63 30 34
63 38 41
63 39 50
63 43 40
63 48 58
63 55 41
63 57 26
64 1 87
64 2 31
64 3 11
64 7 48
64 9 78
64 10 13
64 11 10
64 13 62
64 14 34
64 29 72
64 30 55
64 34 86
64 39 82
64 43 52
64 49 14
64 53 46
64 54 83
64 61 67
65 2 40
65 3 46
65 4 10
65 10 30
65 14 54
65 15 70
65 16 29
65 19 54
65 23 93
65 26 36
65 29 32
65 35 18
65 38 21
65 41 68
65 43 21
65 50 50
65 54 41
65 56 84
65 59 8
65 60 68
65 63 20
66 0 50
66 3 86
66 8 56
66 9 37
66 18 62
66 21 59
66 23 107
66 27 69
66 29 14
66 38 34
66 44 41
66 45 76
66 54 6
66 56 62
66 65 39
67 2 83
67 3 81
67 4 39
67 6 64
67 7 35
67 14 97
67 15 80
67 16 66
67 18 87
67 21 80
67 24 70
67 25 44
67 26 22
67 27 102
67 30 91
67 35 45
67 36 38
67 51 26
67 52 108
67 54 30
67 60 109
67 64 80
68 3 83
68 4 56
68 6 49
68 11 67
68 15 49
68 17 28
68 19 58
68 22 55
68 25 64
68 26 74
68 31 17
68 32 10
68 34 42
68 36 75
68 43 80
68 44 33
68 45 74
68 49 59
68 58 79
68 60 32
68 63 47
68 64 72
68 65 59
69 8 46
69 10 34
69 11 43
69 12 20
69 18 22
69 21 11
69 23 63
69 24 30
69 27 50
69 28 65
69 31 37
69 33 29
69 35 25
69 37 43
69 38 50
69 41 41
69 42 31
69 44 10
69 47 32
69 49 35
69 56 68
69 60 40
69 61 26
69 63 16
69 67 69
70 3 116
70 5 86
70 12 45
70 16 99
70 20 96
70 25 84
70 28 8
70 30 63
70 32 48
70 33 32
70 36 91
70 40 26
70 44 56
70 45 106
70 46 71
70 48 41
70 49 97
70 53 78
70 55 47
70 66 54
70 68 46
71 0 13
71 2 44
71 6 41
71 18 22
71 19 64
71 20 58
71 24 54
71 26 50
71 29 27
71 40 22
71 46 34
71 53 46
71 57 62
71 58 65
71 65 43
71 69 24
72 2 61
72 5 32
72 9 33
72 11 74
72 15 50
72 20 69
72 21 52
72 23 102
72 25 34
72 26 12
72 27 69
72 28 67
72 30 62
72 31 75
72 34 102
72 36 37
72 39 42
72 40 33
72 44 33
72 47 11
72 48 67
72 49 67
72 54 14
72 55 55
72 56 67
72 61 59
72 62 54
72 68 61
73 1 58
73 4 48
73 5 60
73 6 36
73 16 56
73 39 33
73 45 60
73 47 47
73 49 46
73 50 39
73 51 63
73 52 26
73 55 9
73 65 49
73 68 13
74 0 55
74 1 92
74 2 40
74 4 78
74 6 57
74 7 83
74 13 37
74 21 37
74 22 43
74 27 53
74 32 39
74 33 60
74 36 90
74 38 98
74 39 64
74 40 78
74 41 13
74 42 73
74 43 98
74 47 79
74 54 101
74 57 79
74 60 8
74 62 35
74 69 48
75 2 36
75 4 65
75 6 40
75 8 49
75 12 74
75 25 52
75 26 92
75 31 73
75 35 69
75 36 57
75 42 45
75 50 27
75 54 98
75 56 123
75 57 37
75 60 59
75 63 43
75 68 78
75 69 55
75 72 84
76 1 59
76 3 52
76 10 31
76 13 21
76 17 10
76 18 22
76 22 30
76 27 53
76 30 18
76 31 34
76 33 36
76 34 58
76 36 48
76 38 55
76 39 43
76 44 18
76 50 27
76 54 63
76 55 26
76 57 42
76 62 9
76 70 68
76 74 42
77 0 78
77 10 74
77 12 58
77 16 71
77 19 100
77 22 97
77 24 73
77 25 48
77 36 43
77 42 55
77 47 38
77 56 91
77 59 40
77 63 65
77 64 85
77 68 91
77 69 69
77 70 84
77 72 30
77 73 85
78 2 69
78 3 84
78 4 27
78 5 41
78 6 54
78 7 32
78 10 66
78 11 82
78 13 57
78 14 83
78 17 48
78 21 57
78 22 84
78 23 106
78 29 13
78 33 40
78 39 41
78 41 89
78 45 74
78 47 19
78 50 82
78 55 59
78 60 87
78 62 60
78 63 51
78 64 79
78 66 2
78 72 8
78 74 94
78 76 57
79 11 68
79 13 17
79 16 64
79 17 22
79 21 24
79 24 56
79 25 53
79 28 40
79 29 31
79 34 63
79 35 31
79 37 45
79 38 61
79 40 24
79 41 53
79 47 36
79 48 25
79 49 60
79 59 55
79 60 49
79 67 74
79 75 80
79 78 44
80 2 67
80 5 19
80 6 48
80 10 53
80 11 70
80 17 56
80 18 75
80 21 66
80 23 118
80 26 23
80 28 94
80 34 118
80 40 60
80 43 11
80 48 90
80 50 76
80 54 32
80 55 75
80 60 94
80 61 78
80 62 68
80 63 46
80 65 26
80 66 34
80 68 81
80 72 27
80 77 22
80 79 65
81 0 75
81 4 38
81 9 62
81 11 25
81 14 44
81 25 22
81 28 106
81 29 60
81 32 63
81 34 94
81 35 45
81 37 75
81 42 17
81 43 36
81 44 45
81 45 9
81 47 48
81 48 84
81 60 67
81 62 50
81 65 28
81 70 101
81 75 31
81 77 69
82 10 81
82 11 84
82 14 62
82 22 70
82 24 78
82 27 17
82 28 44
82 31 22
82 33 40
82 35 67
82 38 96
82 39 40
82 42 82
82 46 50
82 48 11
82 49 77
82 52 39
82 53 84
82 54 87
82 59 88
82 61 25
82 62 42
82 63 67
82 65 80
82 66 81
82 69 51
82 70 48
82 73 33
82 78 80
83 0 51
83 4 85
83 5 97
83 8 99
83 11 75
83 13 39
83 20 66
83 24 75
83 25 89
83 26 106
83 34 10
83 36 100
83 38 106
83 40 75
83 41 29
83 42 84
83 43 107
83 45 88
83 58 101
83 63 68
83 67 123
83 71 57
83 78 97
84 4 82
84 5 91
84 16 75
84 21 41
84 23 18
84 33 63
84 43 101
84 44 60
84 45 76
84 47 83
84 57 82
84 60 12
84 61 37
84 62 39
84 64 71
84 67 121
84 72 93
84 73 37
84 74 3
84 76 45
84 77 121
84 78 98
84 83 17
85 3 111
85 6 75
85 10 90
85 12 40
85 13 52
85 14 91
85 18 54
85 25 76
85 27 40
85 31 68
85 33 30
85 37 78
85 39 24
85 41 88
85 42 78
85 44 51
85 46 70
85 48 48
85 55 49
85 57 92
85 59 74
85 64 103
85 68 51
85 70 13
85 77 71
86 1 70
86 2 45
86 5 17
86 7 26
86 8 5
86 13 66
86 17 49
86 19 51
86 20 40
86 22 50
86 31 81
86 32 67
86 34 103
86 35 41
86 36 14
86 37 84
86 39 75
86 43 24
86 48 88
86 52 76
86 55 71
86 59 20
86 61 72
86 65 23
86 67 52
86 72 49
86 79 67
86 81 13
86 84 89
86 85 92
87 4 51
87 8 80
87 11 91
87 16 83
87 19 89
87 22 85
87 24 77
87 25 67
87 29 31
87 31 58
87 32 39
87 37 68
87 39 13
87 41 77
87 47 42
87 49 83
87 52 72
87 53 60
87 59 65
87 63 60
87 66 38
87 67 73
87 69 48
87 71 24
87 75 103
87 79 25
87 83 72
87 85 11
88 2 63
88 4 19
88 8 44
88 13 57
88 18 60
88 20 70
88 21 55
88 24 56
88 26 9
88 29 15
88 31 78
88 32 56
88 40 37
88 44 35
88 47 13
88 48 71
88 52 84
88 57 51
88 60 85
88 64 70
88 65 28
88 66 12
88 73 59
88 74 92
88 75 84
88 76 52
88 77 26
88 81 56
88 84 96
88 86 48
89 2 79
89 9 89
89 11 102
89 14 89
89 15 9
89 16 97
89 18 50
89 19 98
89 20 93
89 23 80
89 31 60
89 37 70
89 42 82
89 45 103
89 46 68
89 47 57
89 48 39
89 49 94
89 51 79
89 55 44
89 56 10
89 57 96
89 67 87
89 70 2
89 72 57
89 73 53
89 74 79
89 76 65
90 2 34
90 10 52
90 11 59
90 13 4
90 14 43
90 16 59
90 20 49
90 25 52
90 26 63
90 47 42
90 49 51
90 50 47
90 54 61
90 58 67
90 65 47
90 70 48
90 71 15
90 79 13
90 83 43
90 84 45
90 85 48
90 89 45
91 0 52
91 5 15
91 6 28
91 8 28
91 9 37
91 14 60
91 15 63
91 19 61
91 24 37
91 25 15
91 29 24
91 34 95
91 40 44
91 42 20
91 45 45
91 46 43
91 48 67
91 49 49
91 53 7
91 56 78
91 57 33
91 58 30
91 60 71
91 64 50
91 65 8
91 67 38
91 71 39
91 74 79
91 76 37
91 77 39
91 89 68
92 0 53
92 1 78
92 5 58
92 8 57
92 10 32
92 12 47
92 13 32
92 17 29
92 18 31
92 19 19
92 20 20
92 21 22
92 25 50
92 27 62
92 36 60
92 42 43
92 45 42
92 47 57
92 51 66
92 52 22
92 57 48
92 58 58
92 61 34
92 62 19
92 65 49
92 69 27
92 71 47
92 73 27
92 79 47
92 82 55
92 83 46
92 86 54
92 88 70
93 0 7
93 11 83
93 14 67
93 22 73
93 23 59
93 25 69
93 33 16
93 51 72
93 52 53
93 53 66
93 55 21
93 58 85
93 63 56
93 65 63
93 66 54
93 68 21
93 72 54
93 73 31
93 76 45
93 83 51
93 86 84
93 88 58
93 89 22
93 92 58
94 1 10
94 2 72
94 5 60
94 9 60
94 11 91
94 15 22
94 18 53
94 21 55
94 22 88
94 24 75
94 27 50
94 29 20
94 32 48
94 33 27
94 35 35
94 36 65
94 46 63
94 48 54
94 49 84
94 57 77
94 60 82
94 62 58
94 64 90
94 69 50
94 73 55
94 78 24
94 81 80
94 85 19
94 88 32
94 91 45
95 4 29
95 7 27
95 20 78
95 23 120
95 26 11
95 27 90
95 28 86
95 29 31
95 32 72
95 33 59
95 39 62
95 40 52
95 41 99
95 42 45
95 46 71
95 56 86
95 58 45
95 61 78
95 64 75
95 66 24
95 69 58
95 72 20
95 75 90
95 78 23
95 82 99
95 85 66
95 92 82
95 93 75
95 94 47
96 3 63
96 8 59
96 9 83
96 15 60
96 21 2
96 23 49
96 24 39
96 25 48
96 27 42
96 30 7
96 34 48
96 35 38
96 36 59
96 38 64
96 41 29
96 43 65
96 45 54
96 53 49
96 58 61
96 59 53
96 64 52
96 71 26
96 75 58
96 76 12
96 78 60
96 83 41
96 87 50
96 90 13
96 93 36
97 3 98
97 7 82
97 12 51
97 13 28
97 23 30
97 27 21
97 29 68
97 31 18
97 34 32
97 36 93
97 38 95
97 40 56
97 43 98
97 45 89
97 47 72
97 49 73
97 51 91
97 56 53
97 60 35
97 61 22
97 64 87
97 69 48
97 71 41
97 72 79
97 77 109
97 82 5
97 85 60
97 88 83
97 90 31
97 94 66
98 1 12
98 6 49
98 7 31
98 8 54
98 9 42
98 13 49
98 16 64
98 17 40
98 19 81
98 21 50
98 23 97
98 26 19
98 30 60
98 33 32
98 39 33
98 41 82
98 48 61
98 50 76
98 51 34
98 53 33
98 57 59
98 58 56
98 68 56
98 70 49
98 71 31
98 73 53
98 76 50
98 78 8
98 79 36
98 80 37
98 87 32
98 90 45
98 93 46
98 94 19
99 7 63
99 13 18
99 14 59
99 18 19
99 19 69
99 22 65
99 23 51
99 26 69
99 27 15
99 29 46
99 38 75
99 39 18
99 40 33
99 42 65
99 45 81
99 48 11
99 50 62
99 57 77
99 63 51
99 64 80
99 66 58
99 67 89
99 68 12
99 69 35
99 70 34
99 78 58
99 80 80
99 81 78
99 83 43
99 87 29
99 90 17
99 92 50
99 95 77
99 96 29
99 97 23
100 2 41
100 4 42
100 8 66
100 10 56
100 11 65
100 12 17
100 19 60
100 20 55
100 25 53
100 26 58
100 29 35
100 31 31
100 33 11
100 38 62
100 39 16
100 41 48
100 42 51
100 43 66
100 45 68
100 46 30
100 50 54
100 52 43
100 54 55
100 56 46
100 59 55
100 69 22
100 74 49
100 77 75
100 80 66
100 83 49
100 85 40
100 87 29
100 88 49
100 96 20
101 0 35
101 4 59
101 6 43
101 7 65
101 8 73
101 10 54
101 14 32
101 23 34
101 27 39
101 31 9
101 32 18
101 33 39
101 34 33
101 35 53
101 38 79
101 39 44
101 53 64
101 54 81
101 64 61
101 66 75
101 67 98
101 69 29
101 70 64
101 73 12
101 78 73
101 79 33
101 80 84
101 83 26
101 84 24
101 86 72
101 88 72
101 94 66
101 100 28
102 1 87
102 2 17
102 3 31
102 5 55
102 6 28
102 10 22
102 12 58
102 13 49
102 14 14
102 22 5
102 23 68
102 28 101
102 29 72
102 33 67
102 34 66
102 35 57
102 37 50
102 40 81
102 43 65
102 47 63
102 54 88
102 55 54
102 61 53
102 65 49
102 80 74
102 82 74
102 83 64
102 86 45
102 87 86
102 89 96
102 93 75
102 95 83
102 96 38
103 0 34
103 2 50
103 4 73
103 10 74
103 17 43
103 18 23
103 19 63
103 23 25
103 24 71
103 25 80
103 29 69
103 30 27
103 36 91
103 39 44
103 45 85
103 52 28
103 60 29
103 61 20
103 63 60
103 64 82
103 73 26
103 78 82
103 81 85
103 84 29
103 85 64
103 89 55
103 94 69
103 96 32
103 99 26
104 1 51
104 5 66
104 9 87
104 10 62
104 12 26
104 13 10
104 14 51
104 15 42
104 19 61
104 23 49
104 24 58
104 31 24
104 34 50
104 35 42
104 41 44
104 46 32
104 49 60
104 51 67
104 55 5
104 73 15
104 75 80
104 78 57
104 79 12
104 82 25
104 84 46
104 93 16
104 96 21
104 99 7
104 100 9
105 1 65
105 9 76
105 10 23
105 11 28
105 17 18
105 20 19
105 27 62
105 42 29
105 45 34
105 47 43
105 50 20
105 51 51
105 53 40
105 57 36
105 68 40
105 70 77
105 71 39
105 72 54
105 73 26
105 75 40
105 77 78
105 78 62
105 81 34
105 85 74
105 86 41
105 97 55
106 2 23
106 4 31
106 5 44
106 8 49
106 15 56
106 17 1
106 21 9
106 24 34
106 30 20
106 31 35
106 33 27
106 34 61
106 35 26
106 46 15
106 47 32
106 55 22
106 56 65
106 58 51
106 77 70
106 82 48
106 83 53
106 85 56
106 88 45
106 95 59
106 96 12
106 98 41
106 99 32
106 101 27
106 103 43
107 5 19
107 6 10
107 14 43
107 16 19
107 21 35
107 25 11
107 28 85
107 34 85
107 36 22
107 40 57
107 41 58
107 43 30
107 44 25
107 48 67
107 52 58
107 54 52
107 57 18
107 67 54
107 69 25
107 72 39
107 78 48
107 81 20
107 85 74
107 89 78
107 94 60
107 96 38
107 104 53
107 106 28
108 0 13
108 1 52
108 2 60
108 5 80
108 6 63
108 10 78
108 12 37
108 13 27
108 14 68
108 16 85
108 17 41
108 20 75
108 24 75
108 25 75
108 27 7
108 32 25
108 35 53
108 40 33
108 43 87
108 44 43
108 46 50
108 47 57
108 50 72
108 55 22
108 63 61
108 65 69
108 66 62
108 72 61
108 74 54
108 80 86
108 89 26
108 104 17
108 105 57
108 106 41
109 3 3
109 4 54
109 5 44
109 10 18
109 13 70
109 14 42
109 15 109
109 16 15
109 19 33
109 20 26
109 21 58
109 24 21
109 25 38
109 27 102
109 28 117
109 33 81
109 35 60
109 37 78
109 40 91
109 45 8
109 53 48
109 55 75
109 63 37
109 67 80
109 68 80
109 69 52
109 73 66
109 74 76
109 75 17
109 76 48
109 77 85
109 79 77
109 82 98
109 87 98
109 90 70
109 92 46
109 94 95
109 99 87
109 100 75
109 102 28
109 105 40
109 106 55
110 1 74
110 4 36
110 9 54
110 10 22
110 11 36
110 12 57
110 15 97
110 20 38
110 26 58
110 29 59
110 39 78
110 44 48
110 45 18
110 46 51
110 48 90
110 51 33
110 52 76
110 54 65
110 56 110
110 58 8
110 73 66
110 75 40
110 81 10
110 85 95
110 89 100
110 104 76
111 0 24
111 3 105
111 11 95
111 14 84
111 16 88
111 17 48
111 23 82
111 24 81
111 25 71
111 29 35
111 36 78
111 37 70
111 38 70
111 45 95
111 48 40
111 49 87
111 62 55
111 67 76
111 70 13
111 72 46
111 76 58
111 81 89
111 84 82
111 87 4
111 90 40
111 91 57
111 93 22
111 94 19
111 95 65
111 98 36
111 110 90
112 4 20
112 6 27
112 7 13
112 9 39
112 12 44
112 13 60
112 14 59
112 18 63
112 20 45
112 28 95
112 32 61
112 38 20
112 42 12
112 43 14
112 44 38
112 45 32
112 50 54
112 51 16
112 60 76
112 62 52
112 63 27
112 71 55
112 72 36
112 86 13
112 87 71
112 88 35
112 92 55
112 94 63
112 95 36
112 98 45
112 100 59
112 101 69
112 102 50
112 106 43
112 108 81
112 109 39
112 111 76
113 3 38
113 6 7
113 7 36
113 10 17
113 12 36
113 13 34
113 14 25
113 15 76
113 17 21
113 24 14
113 25 29
113 27 66
113 28 83
113 33 47
113 35 35
113 39 54
113 41 39
113 43 48
113 44 25
113 52 41
113 58 38
113 61 40
113 65 29
113 68 45
113 70 79
113 71 41
113 77 74
113 79 43
113 82 64
113 85 76
113 88 53
113 94 66
113 96 25
113 99 52
113 100 40
113 102 22
113 103 57
113 104 44
113 105 6
113 111 69
114 2 87
114 5 93
114 11 111
114 12 52
114 13 55
114 14 96
114 16 106
114 18 56
114 19 106
114 23 83
114 28 5
114 30 68
114 31 65
114 34 85
114 42 92
114 43 98
114 44 62
114 49 103
114 52 81
114 53 85
114 55 51
114 59 90
114 81 107
114 83 75
114 85 19
114 92 87
114 95 85
114 96 65
114 113 85
115 5 69
115 6 39
115 9 102
115 10 40
115 15 92
115 16 48
115 18 39
115 21 33
115 25 60
115 26 92
115 29 76
115 34 46
115 42 54
115 43 80
115 49 28
115 50 13
115 53 66
115 56 97
115 57 56
115 59 68
115 61 42
115 65 60
115 66 89
115 68 47
115 69 39
115 70 92
115 72 81
115 73 36
115 74 28
115 77 105
115 84 30
115 88 82
115 95 94
115 102 20
115 105 26
115 106 40
115 108 67
115 109 49
115 111 85
115 112 66
115 113 31
116 3 129
116 4 80
116 5 97
116 8 109
116 9 99
116 15 18
116 25 96
116 28 15
116 29 58
116 31 75
116 36 103
116 39 38
116 43 101
116 44 69
116 45 119
116 46 85
116 48 52
116 57 111
116 65 89
116 68 59
116 69 75
116 79 50
116 81 114
116 84 96
116 85 20
116 86 111
116 87 29
116 91 81
116 97 63
116 99 47
116 100 54
116 102 112
116 107 93
116 109 127
116 115 106
117 0 77
117 4 29
117 6 33
117 8 3
117 10 30
117 18 71
117 21 59
117 22 57
117 30 68
117 35 39
117 39 75
117 42 18
117 43 16
117 46 55
117 47 39
117 54 55
117 55 73
117 56 106
117 57 15
117 62 59
117 65 21
117 68 79
117 75 52
117 76 50
117 81 21
117 82 99
117 84 94
117 87 81
117 89 95
117 95 41
117 102 53
117 106 51
117 107 24
117 109 36
117 115 70
118 0 80
118 2 44
118 7 33
118 8 13
118 10 20
118 13 68
118 14 53
118 24 22
118 30 65
118 31 81
118 32 69
118 37 83
118 39 80
118 40 81
118 45 14
118 48 90
118 49 32
118 50 46
118 56 112
118 59 28
118 61 74
118 63 32
118 67 60
118 75 37
118 77 65
118 80 43
118 82 99
118 87 88
118 93 88
118 96 60
118 97 96
118 101 72
118 105 41
118 108 92
118 109 20
118 113 35
118 116 117
119 8 68
119 9 60
119 10 71
119 17 40
119 19 84
119 20 76
119 21 47
119 22 80
119 24 68
119 27 45
119 29 17
119 31 62
119 40 5
119 41 78
119 42 58
119 48 47
119 56 39
119 57 71
119 58 70
119 60 74
119 62 50
119 67 59
119 68 45
119 73 47
119 75 96
119 83 78
119 84 83
119 95 47
119 96 49
119 102 80
119 107 54
119 110 75
119 113 59
119 115 80
120 4 45
120 7 53
120 9 75
120 10 67
120 14 65
120 19 74
120 20 69
120 22 70
120 23 68
120 24 64
120 39 2
120 40 16
120 42 59
120 48 28
120 50 68
120 52 57
120 53 54
120 57 72
120 58 74
120 60 58
120 61 28
120 66 42
120 69 34
120 75 89
120 78 41
120 80 66
120 84 65
120 86 74
120 90 22
120 92 56
120 93 13
120 98 33
120 99 17
120 101 42
120 112 64
120 118 78
121 2 19
121 6 29
121 7 51
121 11 44
121 13 13
121 17 15
121 18 13
121 20 34
121 22 33
121 26 69
121 29 50
121 35 40
121 36 59
121 44 24
121 47 47
121 51 61
121 53 50
121 54 70
121 60 25
121 62 2
121 70 64
121 71 29
121 72 57
121 73 8
121 80 70
121 81 52
121 84 36
121 91 47
121 98 55
121 99 31
121 100 23
121 103 33
121 109 58
121 112 55
121 115 29
121 118 59
121 120 38
122 1 24
122 4 14
122 5 29
122 6 41
122 9 35
122 17 37
122 21 48
122 23 98
122 26 17
122 27 67
122 31 71
122 40 33
122 41 79
122 53 21
122 54 19
122 56 67
122 57 48
122 64 65
122 65 24
122 67 34
122 68 58
122 75 79
122 94 31
122 99 54
122 106 38
122 110 50
122 112 33
122 115 76
123 0 67
123 1 72
123 5 29
123 9 64
123 12 48
123 14 37
123 16 6
123 18 54
123 19 32
123 26 62
123 27 84
123 31 65
123 37 66
123 40 72
123 43 39
123 46 34
123 49 17
123 58 23
123 62 41
123 66 65
123 73 50
123 82 83
123 84 70
123 85 89
123 87 78
123 95 60
123 99 69
123 102 26
123 104 62
123 111 82
123 114 100
123 121 43
124 1 38
124 6 46
124 14 57
124 16 67
124 20 61
124 21 25
124 23 62
124 25 55
124 27 27
124 30 31
124 33 5
124 34 63
124 37 46
124 39 10
124 41 54
124 44 24
124 45 73
124 49 62
124 51 59
124 56 41
124 57 67
124 59 57
124 63 42
124 67 76
124 73 23
124 74 54
124 78 45
124 83 53
124 85 34
124 89 32
124 99 13
124 100 6
124 103 37
124 106 24
124 108 20
124 109 80
124 111 26
124 114 40
124 115 59
124 123 61
125 4 51
125 5 68
125 7 59
125 19 76
125 20 71
125 22 72
125 33 10
125 37 51
125 39 6
125 41 61
125 43 75
125 54 54
125 55 22
125 56 31
125 63 52
125 70 25
125 73 31
125 74 60
125 77 77
125 78 48
125 82 34
125 83 55
125 85 27
125 86 79
125 88 52
125 91 53
125 94 31
125 97 35
125 99 12
125 100 15
125 102 73
125 103 38
125 108 13
125 109 90
125 112 69
125 113 55
125 114 30
125 115 67
125 118 83
125 122 46
126 2 77
126 4 55
126 5 73
126 8 85
126 20 91
126 22 93
126 26 51
126 30 63
126 32 48
126 39 22
126 44 48
126 47 46
126 51 67
126 53 65
126 59 70
126 70 16
126 71 33
126 72 43
126 77 67
126 94 15
126 96 59
126 99 38
126 102 94
126 104 43
126 108 35
126 110 92
126 112 76
126 118 94
126 125 26
127 2 74
127 4 29
127 6 56
127 11 80
127 16 60
127 17 60
127 19 89
127 20 78
127 32 74
127 35 35
127 37 102
127 40 55
127 42 44
127 43 23
127 44 51
127 54 23
127 56 89
127 64 74
127 67 10
127 72 23
127 73 76
127 89 79
127 90 71
127 91 28
127 94 50
127 104 76
127 109 74
127 111 68
127 114 88
127 116 89
127 117 39
127 121 75
127 122 25
127 123 59
127 124 66
128 0 46
128 2 15
128 4 29
128 7 32
128 8 37
128 16 27
128 19 33
128 22 30
128 25 27
128 26 57
128 31 45
128 33 41
128 37 49
128 41 42
128 45 33
128 50 28
128 54 60
128 61 37
128 67 68
128 68 42
128 72 46
128 74 52
128 89 71
128 90 31
128 93 53
128 97 59
128 102 28
128 109 39
128 111 63
128 112 33
128 116 87
128 118 37
128 120 46
128 123 21
128 124 40
129 0 41
129 2 30
129 8 35
129 10 31
129 12 19
129 14 44
129 16 34
129 21 25
129 22 45
129 27 60
129 33 33
129 35 14
129 37 57
129 38 36
129 40 42
129 41 54
129 42 20
129 46 26
129 48 53
129 49 37
129 50 43
129 51 31
129 55 36
129 67 55
129 68 43
129 78 39
129 79 31
129 80 41
129 83 69
129 86 35
129 98 33
129 105 23
129 106 16
129 107 15
129 114 71
129 115 50
129 116 78
129 124 33
129 125 43
129 128 15
130 1 84
130 3 10
130 10 10
130 12 60
130 14 38
130 22 30
130 24 13
130 25 32
130 30 56
130 31 72
130 32 64
130 34 89
130 37 72
130 41 58
130 42 26
130 48 84
130 50 31
130 58 28
130 62 49
130 65 37
130 67 75
130 68 73
130 71 68
130 72 66
130 73 59
130 80 58
130 81 11
130 94 88
130 102 25
130 103 83
130 108 89
130 109 7
130 111 94
130 112 34
130 116 119
130 120 78
130 121 51
131 1 14
131 6 62
131 8 61
131 11 90
131 12 39
131 13 64
131 16 74
131 17 55
131 20 85
131 26 13
131 27 73
131 32 63
131 33 46
131 39 46
131 42 56
131 43 46
131 46 71
131 48 74
131 52 94
131 53 41
131 56 63
131 59 44
131 61 69
131 70 56
131 73 68
131 75 101
131 82 86
131 93 59
131 94 25
131 96 68
131 105 70
131 106 56
131 108 66
131 113 68
131 115 96
131 119 28
131 121 70
132 3 50
132 4 42
132 5 49
132 12 34
132 17 16
132 24 28
132 28 74
132 29 51
132 32 25
132 33 40
132 35 38
132 42 36
132 45 42
132 47 45
132 50 22
132 53 45
132 59 48
132 60 29
132 62 9
132 74 37
132 80 65
132 81 42
132 82 50
132 84 41
132 90 24
132 91 43
132 93 48
132 95 71
132 97 47
132 98 56
132 100 31
132 101 23
132 107 30
132 109 47
132 116 85
132 117 54
132 118 49
132 122 51
132 123 33
132 126 68
132 128 14
132 129 25
133 6 42
133 7 49
133 9 76
133 11 67
133 12 16
133 14 54
133 19 62
133 23 60
133 24 55
133 30 28
133 34 61
133 37 43
133 40 26
133 60 47
133 66 46
133 67 75
133 78 46
133 80 65
133 82 35
133 87 26
133 88 47
133 92 45
133 93 17
133 94 35
133 102 60
133 103 36
133 105 38
133 106 21
133 107 46
133 112 59
133 116 52
133 117 68
133 124 3
133 129 31
133 130 69
134 9 116
134 11 65
134 15 78
134 17 46
134 24 65
134 28 71
134 32 34
134 33 54
134 39 58
134 40 72
134 41 20
134 46 38
134 48 33
134 52 14
134 53 83
134 56 76
134 60 14
134 71 52
134 75 73
134 79 49
134 81 80
134 84 10
134 87 70
134 91 79
134 94 82
134 98 83
134 99 41
134 106 46
134 107 69
134 111 72
134 113 53
134 115 35
134 119 74
134 123 71
134 125 53
135 0 36
135 2 74
135 3 100
135 5 62
135 6 65
135 7 52
135 9 61
135 12 32
135 15 21
135 18 55
135 21 57
135 23 96
135 27 51
135 30 65
135 39 26
135 41 88
135 42 65
135 43 64
135 44 43
135 49 86
135 53 54
135 55 51
135 56 38
135 64 93
135 65 55
135 66 24
135 67 59
135 72 31
135 75 105
135 80 57
135 82 66
135 83 87
135 84 92
135 94 2
135 97 68
135 98 21
135 100 40
135 101 68
135 102 90
135 103 70
135 104 47
135 112 65
135 117 74
135 120 27
135 122 33
135 124 34
135 127 51
135 130 90
136 4 75
136 5 88
136 6 63
136 10 75
136 11 75
136 15 62
136 16 83
136 19 64
136 23 24
136 24 72
136 26 93
136 27 27
136 28 54
136 29 70
136 33 43
136 35 67
136 38 95
136 43 98
136 50 58
136 52 28
136 53 81
136 54 90
136 55 25
136 58 94
136 60 29
136 62 36
136 69 47
136 70 58
136 72 80
136 76 45
136 78 83
136 79 39
136 89 56
136 90 31
136 96 33
136 98 75
136 99 27
136 103 1
136 114 59
136 121 34
136 123 77
136 125 39
136 126 65
136 130 84
136 134 17
136 135 72
137 7 22
137 16 57
137 19 82
137 21 60
137 24 58
137 29 22
137 47 18
137 58 43
137 63 47
137 77 19
137 81 56
137 82 90
137 88 7
137 90 60
137 97 89
137 98 21
137 100 56
137 108 73
137 109 72
137 112 33
137 117 40
137 118 54
137 120 53
137 122 13
137 126 54
137 131 19
137 132 63
137 134 96
138 0 83
138 1 49
138 5 37
138 8 48
138 11 88
138 12 61
138 15 81
138 22 96
138 25 45
138 27 103
138 29 45
138 31 106
138 34 133
138 40 65
138 41 111
138 42 53
138 43 29
138 45 74
138 53 38
138 59 37
138 60 111
138 63 64
138 67 1
138 71 71
138 73 87
138 74 119
138 77 8
138 78 35
138 86 53
138 88 29
138 89 88
138 90 82
138 91 39
138 92 93
138 97 112
138 101 99
138 102 92
138 107 56
138 109 81
138 110 57
138 112 42
138 117 45
138 121 86
138 124 77
138 126 74
138 128 69
138 131 35
138 133 77
139 1 98
139 2 53
139 3 92
139 4 89
139 8 100
139 9 127
139 10 77
139 11 72
139 16 86
139 20 63
139 26 111
139 28 79
139 30 36
139 35 82
139 44 66
139 46 48
139 47 89
139 48 42
139 51 104
139 52 22
139 53 94
139 54 110
139 55 44
139 59 97
139 61 40
139 71 63
139 74 13
139 76 53
139 83 9
139 84 11
139 85 89
139 92 44
139 95 116
139 96 44
139 98 94
139 100 55
139 102 61
139 107 80
139 108 55
139 109 89
139 110 98
139 112 97
139 120 67
139 122 94
139 123 80
139 124 60
139 126 89
140 1 39
140 7 58
140 8 76
140 12 24
140 13 23
140 16 75
140 18 25
140 19 73
140 22 70
140 27 21
140 29 36
140 30 37
140 32 21
140 35 40
140 37 49
140 40 21
140 43 74
140 44 31
140 45 81
140 46 44
140 49 70
140 52 53
140 53 59
140 60 54
140 61 24
140 64 81
140 70 27
140 73 29
140 77 77
140 81 76
140 82 33
140 83 54
140 84 61
140 85 29
140 89 24
140 90 20
140 93 7
140 99 11
140 102 71
140 109 88
140 112 68
140 113 53
140 117 77
140 119 25
140 125 2
140 127 70
140 133 11
140 135 33
140 137 59
140 138 81
140 139 61
141 0 34
141 2 25
141 3 68
141 6 38
141 7 60
141 8 68
141 21 12
141 22 37
141 25 57
141 26 77
141 29 56
141 30 2
141 31 14
141 32 16
141 35 48
141 39 42
141 44 32
141 47 55
141 48 29
141 51 69
141 55 17
141 63 37
141 65 54
141 66 71
141 69 24
141 71 33
141 76 20
141 77 93
141 78 69
141 80 79
141 81 60
141 86 66
141 89 61
141 90 18
141 93 38
141 96 9
141 97 29
141 100 26
141 104 22
141 106 22
141 109 65
141 112 63
141 113 32
141 115 28
141 116 77
141 118 67
141 120 40
141 121 8
141 125 39
141 126 64
141 129 38
141 131 77
141 135 66
141 137 73
141 138 94
142 1 75
142 3 18
142 4 38
142 9 62
142 11 25
142 12 54
142 18 62
142 25 22
142 29 60
142 31 73
142 32 62
142 33 68
142 38 43
142 42 16
142 43 36
142 44 44
142 49 23
142 51 39
142 55 66
142 57 6
142 59 29
142 62 49
142 66 67
142 69 41
142 75 31
142 76 40
142 77 69
142 80 47
142 83 89
142 85 94
142 86 13
142 89 97
142 90 60
142 91 37
142 94 80
142 95 59
142 96 52
142 97 88
142 101 64
142 104 70
142 106 44
142 111 88
142 114 106
142 115 51
142 116 113
142 119 74
142 120 73
142 122 52
142 124 68
142 127 58
142 128 29
142 133 65
142 134 79
142 135 82
142 137 55
142 138 65
142 139 88
142 140 76
142 141 59
143 0 71
143 1 93
143 3 40
143 4 64
143 7 65
143 8 60
143 9 100
143 12 63
143 14 9
143 15 100
143 18 49
143 25 56
143 29 79
143 37 45
143 38 79
143 43 75
143 48 68
143 49 19
143 50 8
143 52 34
143 54 96
143 55 55
143 58 60
143 65 58
143 67 101
143 73 45
143 74 41
143 77 104
143 80 84
143 85 101
143 87 89
143 92 18
143 96 40
143 98 84
143 102 10
143 105 28
143 106 44
143 110 54
143 113 30
143 114 106
143 119 86
143 124 67
143 127 93
143 130 35
143 131 98
143 139 54
144 0 34
144 8 76
144 12 42
144 16 65
144 17 30
144 25 65
144 33 38
144 35 54
144 38 81
144 39 43
144 42 61
144 43 82
144 51 76
144 53 66
144 56 65
144 61 13
144 62 19
144 63 44
144 64 64
144 67 99
144 74 21
144 81 68
144 82 26
144 83 24
144 87 56
144 89 59
144 90 20
144 101 3
144 104 22
144 106 29
144 108 35
144 109 72
144 110 76
144 113 40
144 114 65
144 117 79
144 119 58
144 120 41
144 121 16
144 122 66
144 131 81
144 132 26
144 133 30
144 137 79
144 141 8
145 0 65
145 1 54
145 3 42
145 7 10
145 10 29
145 11 46
145 14 58
145 15 79
145 18 60
145 19 56
145 20 45
145 24 29
145 29 40
145 39 62
145 42 11
145 47 27
145 49 42
145 50 53
145 55 62
145 56 93
145 58 14
145 59 5
145 60 74
145 65 9
145 66 45
145 70 85
145 77 45
145 84 87
145 89 83
145 90 55
145 91 15
145 93 72
145 97 86
145 102 50
145 103 84
145 105 39
145 106 40
145 107 15
145 110 20
145 111 73
145 115 65
145 122 30
145 127 34
145 130 35
145 133 56
145 138 42
145 139 95
145 143 60
146 1 57
146 2 38
146 6 45
146 7 60
146 11 63
146 12 30
146 18 5
146 20 53
146 21 17
146 23 44
146 26 71
146 32 6
146 50 49
146 56 52
146 58 75
146 66 63
146 70 48
146 72 58
146 74 36
146 79 18
146 82 24
146 84 39
146 85 51
146 88 62
146 91 55
146 100 13
146 102 55
146 103 20
146 112 67
146 114 51
146 116 61
146 119 44
146 120 26
146 125 24
146 126 50
146 130 69
146 132 29
146 134 30
146 138 91
146 143 55
146 144 15
147 0 40
147 2 76
147 4 44
147 6 66
147 8 73
147 12 34
147 13 55
147 14 89
147 18 59
147 19 96
147 20 87
147 22 92
147 31 75
147 32 54
147 38 53
147 44 45
147 46 68
147 47 34
147 57 78
147 60 87
147 61 59
147 68 58
147 69 54
147 72 28
147 82 71
147 84 96
147 86 77
147 89 34
147 100 44
147 103 75
147 105 70
147 107 62
147 118 84
147 119 13
147 121 65
147 122 31
147 123 78
147 127 47
147 128 63
147 132 68
147 134 88
147 135 5
147 138 56
147 140 38
147 142 82
147 145 61
148 0 56
148 4 11
148 14 70
148 15 63
148 17 41
148 21 52
148 22 69
148 23 104
148 24 47
148 28 78
148 39 51
148 41 81
148 42 29
148 55 59
148 62 53
148 67 28
148 68 65
148 70 71
148 73 58
148 76 47
148 82 85
148 83 95
148 86 36
148 87 53
148 89 68
148 97 84
148 98 23
148 105 49
148 113 45
148 118 44
148 121 56
148 122 11
148 124 50
148 125 56
148 127 18
148 128 40
148 133 49
148 134 88
148 135 44
148 137 11
148 138 29
148 139 99
148 140 56
148 143 75
148 144 71
149 1 80
149 7 37
149 9 62
149 15 101
149 28 112
149 34 101
149 35 50
149 37 82
149 48 91
149 49 29
149 60 74
149 63 32
149 71 70
149 73 66
149 77 69
149 79 73
149 82 99
149 85 100
149 87 90
149 89 104
149 91 41
149 98 68
149 101 72
149 105 41
149 106 52
149 108 93
149 109 16
149 110 8
149 115 58
149 124 75
149 128 37
149 130 14
149 132 49
149 134 87
149 136 93
149 138 65
149 142 8
149 144 75
149 145 26
149 146 75
150 0 77
150 1 93
150 4 61
150 6 33
150 8 50
150 10 24
150 13 57
150 14 20
150 17 48
150 19 9
150 29 78
150 30 47
150 36 57
150 43 67
150 44 53
150 49 12
150 52 46
150 54 93
150 57 38
150 61 60
150 62 43
150 67 94
150 72 79
150 83 70
150 90 59
150 91 61
150 92 26
150 94 95
150 96 46
150 98 82
150 99 75
150 100 65
150 104 68
150 105 29
150 106 47
150 108 85
150 112 53
150 113 28
150 114 111
150 118 40
150 121 44
150 123 28
150 124 71
150 132 34
150 135 97
150 136 72
150 139 67
150 145 53
151 1 80
151 8 30
151 9 73
151 12 55
151 15 96
151 16 10
151 17 41
151 18 56
151 19 25
151 22 25
151 23 84
151 24 7
151 26 71
151 29 64
151 35 48
151 39 74
151 40 78
151 41 52
151 43 47
151 50 25
151 60 56
151 63 24
151 64 7
151 70 100
151 75 21
151 77 79
151 78 72
151 79 63
151 80 57
151 84 67
151 86 26
151 89 97
151 90 56
151 93 79
151 95 69
151 96 45
151 99 73
151 100 61
151 110 24
151 113 21
151 114 106
151 118 21
151 119 76
151 125 76
151 126 92
151 135 85
151 145 34
152 3 100
152 6 72
152 7 93
152 9 125
152 16 90
152 19 67
152 23 12
152 26 106
152 30 37
152 36 103
152 38 107
152 48 30
152 49 75
152 52 29
152 57 96
152 61 34
152 67 125
152 71 56
152 73 39
152 75 89
152 76 55
152 77 123
152 85 78
152 91 89
152 96 43
152 97 18
152 105 60
152 106 55
152 108 43
152 113 66
152 115 50
152 117 105
152 118 101
152 120 58
152 124 52
152 128 66
152 136 13
152 138 126
152 143 64
152 146 35
152 147 90
153 0 76
153 1 91
153 10 20
153 14 22
153 16 26
153 17 47
153 25 46
153 27 88
153 28 108
153 29 75
153 31 60
153 32 59
153 42 39
153 43 64
153 45 22
153 46 34
153 50 15
153 55 62
153 58 47
153 59 54
153 71 67
153 78 85
153 82 82
153 83 72
153 87 92
153 90 58
153 95 84
153 100 65
153 101 52
153 105 28
153 107 38
153 108 84
153 118 37
153 120 78
153 126 100
153 128 33
153 136 73
153 139 69
153 140 78
153 142 29
153 143 16
153 144 55
153 145 50
153 147 96
153 150 3
154 4 19
154 5 32
154 9 58
154 10 34
154 11 47
154 19 48
154 22 45
154 24 31
154 25 27
154 27 55
154 29 28
154 30 32
154 32 28
154 44 5
154 53 26
154 56 68
154 57 38
154 59 30
154 60 51
154 61 34
154 62 23
154 69 10
154 75 59
154 77 59
154 78 39
154 79 26
154 80 45
154 98 33
154 99 40
154 102 44
154 105 23
154 107 20
154 110 43
154 116 74
154 117 42
154 120 34
154 122 27
154 124 29
154 127 49
154 128 15
154 137 39
154 140 37
154 147 47
154 152 67
155 2 43
155 8 77
155 15 47
155 16 70
155 21 22
155 23 43
155 30 20
155 32 10
155 33 23
155 35 47
155 44 33
155 46 32
155 49 60
155 50 53
155 56 48
155 57 73
155 61 6
155 67 92
155 68 2
155 70 44
155 79 18
155 80 80
155 87 39
155 88 64
155 98 54
155 100 14
155 104 5
155 106 28
155 110 79
155 113 45
155 114 48
155 127 82
155 128 42
155 136 20
155 139 42
155 145 68
155 148 64
155 149 79
156 0 55
156 7 46
156 10 20
156 11 21
156 12 43
156 19 18
156 22 15
156 32 38
156 36 48
156 37 43
156 38 60
156 40 67
156 41 32
156 45 31
156 46 13
156 47 50
156 63 18
156 69 23
156 74 44
156 85 82
156 86 42
156 89 81
156 92 12
156 94 73
156 95 73
156 97 59
156 98 63
156 103 54
156 104 46
156 106 25
156 112 43
156 113 9
156 120 57
156 121 23
156 122 56
156 129 30
156 131 77
156 137 65
156 141 29
156 142 31
156 144 37
156 145 42
156 147 77
156 149 39
157 3 39
157 5 23
157 8 25
157 11 34
157 25 15
157 29 39
157 31 57
157 32 42
157 33 46
157 39 52
157 41 54
157 42 10
157 46 27
157 54 53
157 55 46
157 56 85
157 57 21
157 60 55
157 62 31
157 63 6
157 64 32
157 70 77
157 71 40
157 74 64
157 80 40
157 81 23
157 86 25
157 92 35
157 93 60
157 96 34
157 101 48
157 103 66
157 104 49
157 108 64
157 112 21
157 114 84
157 115 46
157 119 52
157 122 34
157 126 68
157 131 55
157 135 61
157 137 42
157 138 58
157 140 53
157 141 43
157 150 40
157 151 24
157 152 77
157 153 37
158 8 87
158 15 46
158 19 68
158 21 32
158 22 65
158 28 39
158 31 21
158 34 42
158 36 85
158 37 31
158 40 44
158 42 72
158 43 89
158 45 84
158 48 1
158 52 38
158 54 76
158 55 16
158 58 89
158 59 77
158 69 41
158 74 40
158 76 42
158 81 83
158 82 11
158 85 48
158 88 71
158 91 67
158 92 49
158 93 18
158 110 89
158 123 74
158 131 74
158 133 24
158 135 55
158 138 101
158 141 27
158 144 22
158 146 14
158 150 76
158 154 47
159 4 29
159 5 17
159 16 13
159 22 46
159 23 99
159 25 12
159 28 101
159 35 37
159 37 79
159 38 32
159 39 71
159 41 69
159 54 59
159 56 103
159 60 72
159 70 95
159 71 59
159 74 80
159 78 56
159 83 92
159 84 84
159 89 93
159 93 79
159 98 55
159 105 36
159 108 84
159 109 27
159 110 7
159 112 12
159 115 58
159 117 11
159 121 53
159 122 43
159 123 15
159 126 84
159 127 47
159 129 31
159 130 22
159 142 11
159 146 68
159 150 42
159 153 39
160 1 11
160 3 89
160 5 46
160 6 58
160 9 39
160 10 71
160 13 59
160 21 60
160 28 61
160 30 70
160 35 29
160 42 54
160 43 45
160 46 66
160 51 36
160 54 7
160 57 66
160 61 64
160 64 84
160 65 42
160 67 37
160 74 97
160 77 31
160 79 45
160 81 71
160 84 100
160 89 50
160 91 33
160 92 79
160 95 26
160 99 58
160 100 49
160 105 66
160 108 61
160 110 68
160 113 64
160 116 60
160 123 68
160 126 36
160 149 74
160 151 76
161 0 80
161 1 50
161 2 76
161 3 71
161 4 33
161 5 27
161 6 56
161 7 28
161 13 80
161 17 64
161 26 25
161 28 99
161 29 43
161 33 70
161 34 126
161 38 13
161 39 73
161 43 18
161 45 63
161 47 35
161 51 18
161 52 102
161 56 99
161 57 48
161 58 38
161 64 70
161 65 35
161 68 89
161 71 67
161 73 81
161 75 85
161 77 17
161 79 72
161 80 8
161 86 42
161 87 74
161 91 31
161 95 13
161 97 107
161 100 74
161 102 82
161 103 106
161 107 46
161 109 70
161 114 98
161 119 60
161 121 79
161 125 79
161 127 10
161 128 60
161 129 49
161 133 73
161 134 111
161 137 21
161 142 54
161 145 31
161 148 23
161 149 54
161 150 85
161 151 65
161 157 49
161 160 40
162 0 29
162 3 77
162 7 32
162 12 11
162 15 37
162 17 29
162 19 71
162 20 63
162 21 37
162 24 54
162 28 50
162 31 57
162 33 20
162 35 15
162 39 23
162 40 18
162 41 69
162 46 45
162 47 16
162 48 48
162 50 66
162 51 38
162 60 67
162 61 41
162 62 40
162 64 69
162 65 33
162 67 51
162 69 31
162 73 40
162 78 21
162 83 75
162 84 77
162 93 35
162 97 60
162 102 67
162 104 36
162 105 45
162 106 30
162 109 74
162 115 70
162 120 22
162 127 42
162 131 28
162 133 24
162 141 49
162 142 59
162 143 73
162 145 42
162 152 75
162 157 37
162 160 23
163 0 13
163 2 64
163 5 73
163 7 63
163 10 78
163 11 88
163 14 74
163 15 18
163 16 83
163 19 84
163 21 43
163 22 80
163 31 48
163 32 31
163 39 9
163 41 68
163 45 90
163 46 54
163 55 30
163 65 63
163 66 48
163 79 19
163 86 85
163 88 54
163 89 14
163 90 30
163 93 10
163 97 40
163 98 40
163 100 23
163 110 88
163 111 12
163 124 17
163 131 51
163 136 45
163 137 61
163 142 84
163 151 83
163 160 47
163 161 82
164 0 72
164 1 70
164 4 33
164 6 21
164 8 13
164 15 91
164 22 40
164 30 56
164 31 72
164 34 94
164 42 12
164 43 31
164 45 14
164 47 43
164 51 34
164 63 23
164 69 39
164 70 96
164 71 60
164 79 62
164 86 9
164 89 94
164 96 51
164 97 87
164 98 58
164 103 83
164 109 21
164 121 50
164 122 47
164 123 9
164 126 86
164 129 31
164 130 16
164 131 68
164 133 62
164 136 84
164 153 33
164 157 19
165 0 35
165 4 73
165 15 63
165 19 61
165 21 34
165 22 58
165 26 92
165 28 55
165 29 70
165 33 43
165 38 94
165 43 96
165 44 50
165 45 84
165 48 18
165 57 85
165 59 84
165 66 83
165 67 111
165 73 26
165 80 99
165 85 65
165 89 57
165 94 70
165 100 34
165 104 25
165 106 43
165 110 91
165 112 86
165 115 46
165 116 70
165 121 32
165 124 38
165 128 54
165 137 90
165 138 112
165 139 24
165 146 21
165 149 91
165 155 20
165 162 61
166 1 89
166 5 81
166 7 77
166 8 81
166 11 52
166 13 35
166 15 84
166 17 43
166 18 32
166 27 55
166 30 23
166 31 20
166 35 68
166 38 92
166 41 6
166 47 75
166 52 4
166 56 85
166 58 82
166 59 79
166 60 3
166 61 33
166 62 30
166 68 35
166 70 82
166 76 36
166 77 113
166 80 97
166 81 69
166 82 41
166 84 9
166 87 76
166 88 88
166 92 24
166 98 83
166 101 19
166 102 41
166 104 42
166 106 42
166 113 44
166 114 85
166 117 84
166 127 103
166 128 46
166 131 98
166 132 31
166 133 50
166 135 87
166 136 30
166 137 93
166 138 114
166 141 21
166 142 68
166 144 20
166 146 35
166 148 84
166 154 54
166 155 37
166 160 93
166 163 66
167 0 45
167 3 43
167 5 36
167 9 67
167 11 32
167 14 29
167 15 70
167 19 33
167 20 24
167 24 19
167 28 77
167 32 31
167 33 41
167 42 22
167 46 14
167 48 52
167 50 28
167 52 42
167 56 80
167 58 39
167 60 42
167 68 41
167 73 28
167 78 54
167 79 37
167 82 61
167 85 70
167 86 36
167 98 48
167 101 35
167 103 54
167 106 14
167 108 56
167 112 34
167 114 79
167 117 40
167 119 52
167 120 46
167 122 41
167 128 1
167 132 13
167 133 36
167 137 51
167 140 47
167 141 30
167 142 30
167 143 36
167 145 32
167 157 13
167 158 51
167 161 61
167 164 29
168 0 42
168 3 98
168 4 81
168 5 95
168 6 69
168 9 119
168 12 59
168 14 55
168 15 68
168 18 31
168 20 69
168 22 64
168 24 77
168 28 59
168 32 35
168 39 52
168 40 67
168 46 48
168 48 23
168 50 61
168 54 97
168 55 32
168 57 93
168 61 28
168 62 42
168 65 83
168 68 26
168 75 89
168 76 51
168 82 15
168 84 27
168 85 71
168 86 98
168 87 63
168 91 83
168 93 41
168 94 77
168 96 39
168 100 42
168 101 26
168 104 33
168 115 51
168 117 101
168 125 46
168 128 62
168 133 44
168 134 17
168 135 78
168 138 120
168 142 90
168 145 91
168 149 98
168 152 7
168 154 62
168 160 91
168 162 69
169 0 32
169 2 59
169 3 83
169 4 28
169 8 58
169 9 51
169 13 42
169 14 73
169 16 65
169 17 36
169 19 78
169 23 89
169 28 49
169 31 63
169 32 41
169 37 72
169 44 28
169 50 73
169 56 49
169 57 62
169 60 73
169 65 38
169 69 38
169 71 23
169 75 89
169 80 45
169 83 80
169 87 24
169 97 64
169 99 41
169 100 31
169 114 48
169 116 51
169 118 68
169 121 49
169 122 18
169 123 61
169 124 28
169 127 41
169 132 52
169 137 29
169 142 65
169 144 59
169 154 30
169 156 60
169 158 52
169 160 17
169 161 50
169 162 7
169 163 32
169 167 45
169 168 73
170 1 76
170 3 40
170 11 21
170 12 46
170 15 84
170 18 36
170 20 11
170 21 26
170 26 76
170 29 62
170 31 41
170 33 54
170 39 61
170 40 70
170 43 62
170 44 35
170 49 15
170 52 31
170 54 79
170 60 32
170 62 23
170 66 75
170 67 86
170 68 45
170 74 40
170 76 18
170 80 69
170 81 35
170 89 83
170 90 38
170 93 62
170 94 76
170 98 67
170 108 64
170 110 45
170 114 91
170 117 52
170 121 23
170 127 77
170 130 31
170 135 79
170 136 54
170 138 87
170 139 53
170 140 59
170 142 34
170 148 59
170 152 60
170 154 34
170 155 46
170 157 29
170 167 19
171 0 59
171 1 40
171 3 58
171 4 10
171 18 61
171 22 66
171 34 104
171 35 19
171 38 9
171 39 55
171 40 49
171 48 76
171 50 65
171 52 80
171 53 9
171 60 80
171 63 34
171 66 29
171 67 29
171 70 75
171 72 19
171 79 51
171 83 96
171 84 92
171 89 73
171 91 9
171 96 55
171 107 26
171 110 35
171 111 62
171 112 18
171 113 43
171 115 74
171 116 86
171 117 26
171 121 56
171 122 16
171 129 26
171 132 52
171 133 51
171 138 30
171 142 40
171 153 64
171 154 30
171 155 66
171 158 75
171 159 30
171 162 32
171 163 64
171 164 35
171 165 84
171 166 83
171 169 34
171 170 57
172 5 43
172 7 35
172 18 68
172 23 113
172 24 70
172 25 47
172 30 75
172 40 35
172 41 96
172 43 41
172 45 78
172 46 70
172 47 25
172 52 94
172 55 66
172 56 67
172 59 41
172 68 71
172 70 59
172 71 47
172 72 14
172 75 98
172 78 7
172 80 32
172 81 70
172 82 87
172 83 104
172 85 47
172 86 61
172 87 44
172 95 19
172 99 65
172 102 88
172 105 68
172 118 69
172 124 52
172 128 60
172 130 79
172 132 69
172 134 98
172 136 90
172 142 69
172 146 69
172 148 24
172 162 28
172 166 98
172 168 97
172 171 30
173 2 54
173 3 89
173 8 73
173 9 78
173 22 70
173 23 65
173 29 33
173 34 67
173 38 65
173 41 60
173 43 71
173 46 44
173 51 62
173 54 51
173 61 26
173 63 49
173 64 80
173 68 24
173 71 11
173 72 44
173 76 40
173 78 44
173 88 48
173 91 49
173 96 34
173 97 38
173 101 40
173 102 71
173 104 17
173 105 49
173 110 78
173 111 19
173 113 52
173 114 33
173 117 75
173 122 42
173 123 67
173 136 41
173 138 78
173 140 3
173 146 24
173 147 34
173 149 81
173 155 22
173 158 25
173 159 70
173 161 75
173 164 71
173 167 46
173 171 56
174 3 82
174 5 50
174 6 46
174 7 40
174 8 61
174 9 60
174 10 61
174 15 30
174 20 66
174 24 59
174 25 47
174 26 38
174 27 42
174 31 54
174 37 63
174 38 49
174 39 15
174 48 42
174 50 68
174 51 46
174 56 44
174 71 14
174 74 71
174 82 53
174 86 63
174 91 34
174 96 39
174 99 31
174 100 22
174 101 50
174 103 55
174 104 30
174 108 35
174 110 67
174 116 48
174 117 62
174 129 30
174 134 66
174 136 57
174 140 21
174 145 49
174 146 36
174 149 71
174 154 27
174 156 55
174 160 27
174 161 58
174 164 61
174 166 68
175 1 39
175 2 58
175 3 95
175 9 83
175 11 82
175 15 24
175 17 36
175 19 78
175 20 73
175 24 70
175 25 66
175 28 25
175 34 66
175 40 21
175 41 62
175 44 35
175 45 85
175 50 71
175 52 56
175 53 62
175 57 79
175 58 82
175 62 40
175 63 55
175 64 85
175 67 82
175 68 25
175 70 23
175 76 45
175 79 14
175 80 74
175 87 16
175 94 31
175 95 70
175 96 37
175 98 41
175 104 18
175 110 84
175 111 18
175 113 57
175 115 69
175 118 85
175 119 25
175 122 48
175 128 52
175 130 84
175 132 49
175 136 40
175 137 61
175 138 83
175 152 53
175 153 82
175 154 40
175 160 48
175 161 81
175 162 30
175 164 77
175 165 40
175 167 51
175 170 63
175 172 55
175 173 6
176 3 58
176 5 45
176 7 39
176 8 50
176 14 34
176 15 57
176 22 38
176 28 63
176 31 33
176 34 59
176 36 49
176 42 35
176 45 48
176 47 34
176 49 37
176 50 35
176 54 58
176 59 43
176 62 9
176 65 34
176 69 4
176 77 73
176 79 23
176 80 59
176 81 46
176 82 47
176 85 58
176 88 47
176 93 38
176 97 44
176 98 43
176 99 32
176 106 2
176 107 29
176 111 50
176 114 65
176 123 37
176 130 47
176 134 43
176 137 53
176 142 45
176 146 23
176 149 52
176 151 41
176 155 27
176 160 54
176 165 41
177 7 34
177 10 8
177 11 20
177 12 42
177 13 43
177 17 29
177 19 27
177 21 32
177 22 25
177 27 75
177 28 91
177 32 45
177 40 66
177 41 46
177 42 18
177 45 20
177 52 48
177 56 94
177 62 31
177 69 25
177 74 58
177 85 82
177 86 27
177 87 72
177 101 46
177 105 15
177 110 27
177 113 9
177 118 26
177 126 79
177 127 61
177 130 19
177 133 49
177 138 71
177 139 70
177 141 41
177 146 50
177 148 45
177 149 26
177 150 26
177 161 61
177 162 50
177 169 56
177 170 18
177 174 54
178 4 53
178 12 40
178 14 95
178 16 90
178 19 102
178 24 85
178 25 70
178 29 30
178 33 36
178 35 45
178 39 31
178 46 73
178 47 43
178 48 60
178 49 94
178 50 96
178 54 33
178 58 84
178 63 69
178 67 63
178 69 60
178 70 29
178 72 37
178 73 64
178 75 113
178 77 57
178 80 63
178 85 16
178 87 20
178 93 42
178 95 52
178 96 66
178 102 98
178 106 58
178 110 89
178 116 34
178 117 82
178 120 33
178 121 69
178 124 41
178 125 37
178 127 56
178 128 70
178 130 98
178 136 76
178 141 73
178 143 103
178 144 74
178 154 54
178 156 83
178 159 82
178 165 77
178 171 56
179 0 39
179 2 14
179 6 17
179 10 30
179 14 28
179 15 65
179 16 37
179 17 9
179 19 34
179 24 27
179 26 61
179 29 44
179 36 47
179 40 50
179 83 53
179 87 54
179 92 20
179 95 64
179 96 13
179 101 26
179 103 45
179 112 42
179 119 50
179 121 12
179 126 63
179 128 10
179 134 44
179 137 55
179 143 36
179 145 40
179 146 28
179 148 46
179 149 47
179 151 34
179 156 16
179 157 21
179 158 42
179 166 38
179 167 9
179 169 45
179 174 39
179 178 67
180 1 80
180 5 92
180 6 67
180 9 116
180 15 64
180 17 49
180 25 85
180 41 38
180 43 102
180 46 47
180 48 19
180 51 95
180 55 28
180 69 51
180 77 114
180 81 90
180 83 15
180 85 67
180 90 34
180 92 49
180 93 37
180 100 38
180 101 25
180 103 5
180 111 59
180 112 92
180 113 62
180 114 60
180 116 70
180 118 97
180 120 47
180 122 81
180 128 60
180 137 94
180 139 24
180 141 30
180 142 89
180 143 64
180 144 22
180 158 18
180 159 91
180 160 87
180 165 6
180 166 32
180 173 44
180 175 42
181 10 64
181 17 57
181 21 67
181 22 86
181 25 38
181 32 70
181 34 118
181 37 99
181 44 48
181 45 68
181 50 84
181 51 20
181 54 17
181 59 30
181 68 79
181 73 72
181 79 60
181 80 16
181 82 97
181 84 108
181 91 27
181 93 72
181 101 85
181 103 96
181 107 46
181 111 62
181 113 62
181 115 93
181 116 83
181 118 57
181 120 59
181 122 20
181 125 65
181 126 59
181 131 21
181 134 103
181 135 45
181 136 98
181 141 80
181 143 92
181 148 16
181 151 69
181 152 111
181 155 77
181 160 23
181 162 37
181 164 54
181 173 62
181 174 44
181 175 67
181 176 60
181 178 50
182 0 34
182 2 40
182 3 82
182 5 79
182 7 73
182 13 20
182 14 41
182 15 64
182 16 72
182 18 16
182 25 71
182 27 32
182 28 58
182 34 28
182 43 89
182 44 43
182 54 85
182 57 76
182 59 76
182 60 20
182 62 25
182 65 67
182 67 104
182 68 15
182 73 18
182 74 21
182 83 19
182 93 36
182 97 16
182 99 27
182 104 22
182 108 32
182 110 83
182 113 47
182 114 63
182 115 38
182 119 60
182 121 23
182 122 70
182 128 46
182 134 14
182 136 11
182 143 51
182 148 76
182 150 61
182 152 20
182 155 17
182 156 44
182 159 76
182 160 79
182 161 100
182 163 46
182 165 9
182 166 22
182 172 85
182 174 52
182 175 40
182 176 33
182 177 56
182 178 75
182 179 36
182 181 91
183 0 37
183 3 55
183 13 18
183 15 65
183 19 34
183 20 29
183 21 7
183 23 54
183 25 42
183 32 20
183 34 54
183 36 53
183 37 34
183 38 60
183 41 30
183 44 20
183 47 42
183 49 31
183 50 27
183 52 29
183 57 46
183 63 21
183 67 79
183 69 10
183 70 67
183 74 38
183 80 65
183 86 51
183 90 19
183 94 59
183 95 69
183 96 8
183 98 52
183 103 40
183 104 28
183 105 11
183 107 31
183 115 29
183 117 55
183 118 52
183 123 36
183 127 70
183 128 15
183 129 24
183 133 28
183 137 60
183 138 81
183 141 15
183 142 44
183 144 23
183 145 46
183 155 29
183 161 73
183 163 50
183 164 43
183 169 48
183 170 19
183 171 50
183 173 39
183 176 9
184 3 65
184 8 31
184 11 72
184 16 50
184 19 82
184 24 55
184 25 30
184 27 98
184 28 99
184 30 81
184 31 97
184 32 76
184 35 38
184 38 9
184 40 65
184 41 98
184 42 37
184 43 12
184 45 57
184 48 95
184 49 68
184 54 36
184 60 98
184 62 72
184 67 16
184 68 86
184 72 32
184 78 37
184 81 48
184 83 115
184 84 111
184 85 80
184 89 89
184 92 80
184 93 84
184 99 85
184 105 64
184 109 64
184 114 98
184 119 60
184 120 72
184 123 51
184 125 78
184 135 62
184 142 48
184 144 91
184 146 83
184 148 21
184 154 49
184 157 44
184 162 49
184 167 56
184 170 73
184 172 36
184 173 74
184 174 57
184 177 55
184 179 63
184 180 109
185 4 38
185 5 38
185 6 10
185 8 34
185 10 11
185 13 41
185 14 24
185 15 83
185 22 21
185 24 8
185 27 73
185 28 90
185 29 55
185 34 72
185 36 39
185 37 53
185 39 61
185 42 22
185 43 48
185 53 36
185 58 35
185 70 87
185 73 38
185 77 76
185 78 64
185 87 72
185 94 72
185 107 18
185 110 31
185 114 92
185 115 31
185 127 65
185 130 20
185 133 49
185 135 74
185 142 21
185 146 48
185 148 48
185 151 13
185 152 71
185 153 20
185 158 62
185 159 27
185 160 68
185 162 51
185 169 58
185 172 70
185 176 27
185 178 82
186 0 81
186 4 36
186 11 83
186 12 58
186 20 82
186 22 91
186 23 130
186 26 23
186 27 101
186 30 89
186 31 103
186 38 18
186 42 48
186 43 24
186 50 90
186 51 23
186 54 31
186 57 54
186 59 32
186 60 107
186 62 79
186 63 60
186 65 39
186 66 36
186 69 67
186 70 90
186 71 69
186 81 60
186 90 79
186 94 59
186 100 76
186 105 74
186 107 51
186 114 97
186 116 98
186 121 82
186 130 71
186 131 35
186 132 78
186 138 5
186 140 80
186 141 91
186 144 97
186 147 56
186 152 123
186 158 98
186 160 38
186 162 51
186 163 82
186 169 50
186 172 31
186 183 77
187 0 59
187 1 91
187 9 110
187 10 51
187 13 39
187 14 19
187 20 36
187 22 28
187 26 98
187 27 62
187 38 90
187 45 60
187 51 85
187 55 41
187 57 67
187 70 88
187 73 34
187 81 63
187 84 17
187 86 74
187 87 80
187 96 32
187 98 84
187 107 58
187 110 73
187 111 83
187 115 13
187 117 80
187 126 89
187 130 57
187 134 23
187 135 91
187 137 93
187 141 25
187 153 41
187 157 55
187 158 48
187 159 69
187 163 72
187 165 36
187 169 79
187 173 63
187 178 98
187 186 108
188 0 79
188 1 44
188 2 83
188 13 82
188 14 97
188 16 68
188 21 79
188 29 41
188 33 69
188 34 130
188 37 111
188 44 60
188 45 75
188 46 81
188 47 37
188 51 27
188 55 85
188 56 93
188 67 4
188 73 84
188 79 72
188 82 109
188 83 122
188 85 73
188 89 84
188 98 38
188 101 97
188 107 55
188 109 82
188 110 58
188 119 55
188 120 71
188 121 84
188 124 73
188 132 80
188 139 126
188 141 92
188 143 101
188 144 98
188 150 95
188 153 92
188 156 82
188 157 57
188 160 33
188 162 49
188 167 68
188 169 47
188 171 29
188 174 56
188 175 79
188 178 59
188 179 73
188 180 114
189 3 71
189 15 64
189 16 60
189 18 11
189 21 15
189 22 39
189 23 37
189 27 38
189 28 62
189 31 11
189 33 37
189 35 50
189 38 77
189 41 22
189 45 63
189 46 20
189 48 26
189 51 72
189 54 78
189 55 16
189 57 64
189 60 18
189 63 39
189 64 60
189 65 56
189 73 9
189 81 63
189 83 29
189 84 27
189 89 60
189 94 64
189 109 68
189 111 57
189 113 35
189 114 66
189 116 76
189 122 62
189 123 54
189 132 21
189 134 21
189 137 75
189 139 32
189 144 5
189 146 14
189 150 51
189 151 54
189 153 51
189 156 32
189 157 45
189 159 64
189 160 73
189 164 61
189 165 21
189 166 21
189 169 56
189 174 47
189 175 40
189 176 22
189 178 73
189 183 18
190 1 51
190 9 21
190 13 71
190 18 74
190 19 75
190 26 29
190 27 94
190 33 64
190 36 15
190 38 5
190 39 69
190 40 62
190 42 29
190 45 50
190 46 63
190 47 30
190 55 74
190 59 15
190 60 91
190 64 57
190 68 81
190 70 89
190 71 61
190 72 30
190 73 71
190 76 58
190 79 65
190 84 104
190 86 29
190 88 27
190 94 60
190 95 20
190 97 99
190 100 66
190 101 82
190 102 69
190 106 55
190 109 57
190 110 33
190 114 96
190 118 37
190 119 58
190 120 68
190 121 68
190 124 67
190 130 52
190 131 42
190 133 65
190 134 100
190 140 73
190 143 79
190 145 18
190 147 59
190 151 52
190 157 37
190 161 13
190 162 46
190 165 97
190 166 94
190 168 106
190 174 54
190 175 76
190 176 57
190 177 48
190 179 56
190 183 62
191 3 93
191 4 91
191 5 101
191 8 102
191 9 130
191 11 73
191 13 47
191 17 60
191 21 49
191 26 113
191 32 48
191 33 67
191 34 4
191 38 111
191 39 70
191 46 50
191 47 91
191 61 42
191 63 71
191 64 83
191 75 81
191 76 55
191 78 105
191 90 51
191 95 119
191 96 46
191 102 62
191 105 58
191 113 64
191 124 62
191 132 51
191 135 97
191 136 27
191 142 90
191 145 97
191 146 43
191 148 101
191 151 79
191 154 71
191 155 44
191 156 58
191 158 43
191 159 95
191 162 83
191 166 21
191 168 22
191 169 89
191 172 112
191 173 66
191 174 80
191 176 57
191 189 34
192 2 60
192 5 62
192 6 55
192 8 73
192 9 71
192 21 40
192 29 26
192 31 52
192 33 11
192 36 67
192 41 70
192 44 32
192 47 36
192 51 58
192 63 52
192 64 84
192 65 52
192 66 36
192 67 69
192 72 37
192 73 39
192 74 70
192 79 17
192 82 47
192 83 67
192 85 19
192 87 8
192 88 41
192 90 30
192 93 19
192 95 57
192 96 42
192 99 25
192 100 22
192 101 50
192 103 50
192 107 56
192 114 31
192 116 37
192 118 80
192 119 12
192 125 12
192 131 40
192 137 49
192 138 71
192 140 13
192 146 34
192 154 36
192 156 62
192 157 53
192 162 20
192 164 72
192 168 59
192 169 19
192 171 52
192 177 63
192 178 25
192 187 73
193 0 66
193 1 36
193 12 44
193 14 83
193 16 56
193 19 84
193 23 116
193 25 33
193 26 12
193 27 87
193 28 85
193 29 29
193 30 75
193 36 29
193 37 96
193 40 51
193 43 21
193 51 15
193 63 49
193 64 70
193 66 24
193 67 15
193 69 54
193 70 77
193 72 18
193 76 60
193 82 96
193 85 65
193 89 75
193 95 5
193 102 78
193 107 41
193 110 48
193 112 31
193 120 59
193 121 69
193 134 101
193 136 96
193 138 17
193 139 112
193 143 88
193 144 84
193 145 30
193 146 74
193 147 44
193 157 43
193 163 68
193 165 95
193 166 97
193 170 72
193 175 67
193 177 57
193 178 53
193 180 100
193 182 89
193 184 15
193 186 14
193 189 79
193 190 17
194 6 52
194 10 67
194 20 74
194 24 64
194 29 9
194 34 93
194 36 54
194 39 25
194 44 32
194 49 74
194 53 41
194 57 65
194 58 63
194 59 45
194 61 50
194 65 41
194 68 50
194 73 50
194 74 83
194 76 50
194 77 45
194 86 64
194 89 38
194 90 41
194 91 33
194 92 69
194 96 50
194 100 34
194 102 78
194 107 49
194 109 84
194 113 56
194 115 81
194 116 49
194 119 9
194 120 26
194 124 30
194 127 41
194 128 50
194 132 56
194 134 79
194 135 13
194 136 69
194 138 51
194 141 58
194 144 62
194 146 48
194 147 13
194 149 74
194 155 49
194 159 61
194 160 15
194 163 32
194 164 64
194 165 69
194 166 80
194 167 50
194 170 68
194 172 22
194 173 29
194 176 43
194 177 60
194 179 49
194 180 72
194 184 51
194 192 20
195 2 15
195 14 18
195 17 23
195 19 29
195 22 25
195 33 44
195 34 44
195 37 25
195 39 50
195 46 9
195 48 40
195 54 78
195 56 78
195 59 58
195 61 24
195 62 12
195 65 50
195 67 91
195 70 73
195 71 39
195 73 17
195 77 92
195 79 38
195 80 76
195 81 50
195 82 45
195 83 39
195 89 71
195 91 53
195 94 70
195 97 41
195 100 33
195 102 29
195 103 35
195 105 17
195 110 59
195 122 60
195 123 41
195 127 82
195 130 48
195 131 79
195 133 36
195 136 36
195 138 93
195 143 28
195 145 56
195 147 75
195 151 41
195 152 43
195 153 37
195 155 31
195 158 39
195 161 85
195 163 56
195 166 21
195 167 24
195 170 17
195 178 79
195 179 17
195 180 40
195 185 28
195 188 90
195 189 14
195 192 55
195 194 63
196 6 54
196 13 47
196 14 79
196 15 31
196 17 42
196 19 84
196 20 76
196 24 66
196 28 48
196 31 68
196 36 55
196 37 77
196 46 58
196 47 23
196 48 55
196 60 79
196 62 53
196 63 51
196 64 81
196 68 52
196 69 44
196 72 19
196 77 45
196 80 46
196 84 88
196 85 28
196 89 38
196 90 43
196 94 10
196 96 52
196 103 69
196 104 44
196 106 43
196 107 51
196 108 47
196 109 86
196 111 27
196 128 52
196 134 81
196 137 30
196 138 50
196 139 92
196 140 33
196 142 70
196 143 87
196 156 66
196 161 51
196 166 82
196 168 78
196 171 37
196 173 30
196 174 14
196 181 35
196 183 54
196 187 84
196 195 65
197 0 38
197 11 79
197 18 29
197 24 76
197 28 55
197 31 16
197 33 47
197 44 55
197 47 76
197 51 95
197 52 31
197 57 91
197 61 25
197 62 40
197 67 116
197 68 22
197 69 51
197 70 59
197 72 84
197 76 49
197 77 114
197 80 104
197 82 11
197 87 59
197 92 49
197 103 5
197 104 29
197 108 31
197 109 94
197 115 51
197 118 97
197 124 41
197 132 48
197 134 19
197 136 4
197 139 24
197 153 76
197 155 24
197 158 18
197 163 47
197 170 57
197 173 44
197 179 50
197 181 101
197 182 15
197 185 68
197 186 114
197 196 74
198 9 105
198 11 42
198 12 55
198 14 17
198 19 28
198 20 33
198 22 26
198 27 59
198 28 84
198 34 35
198 35 63
198 37 20
198 41 4
198 43 84
198 45 57
198 48 47
198 56 88
198 61 34
198 67 105
198 68 38
198 69 37
198 70 84
198 73 29
198 77 107
198 80 90
198 81 60
198 82 48
198 89 81
198 94 84
198 98 79
198 106 37
198 107 53
198 110 69
198 112 70
198 114 88
198 115 11
198 118 68
198 119 76
198 121 24
198 122 75
198 127 96
198 129 50
198 130 54
198 131 94
198 132 24
198 136 37
198 155 39
198 160 89
198 161 99
198 162 67
198 165 35
198 169 73
198 170 24
198 177 42
198 180 40
198 182 27
198 183 26
198 185 38
198 186 103
198 189 21
198 191 31
198 192 68
198 193 91
198 194 77
198 197 40
199 1 43
199 5 10
199 8 23
199 10 42
199 12 38
199 16 39
199 18 62
199 20 56
199 21 53
199 22 65
199 27 83
199 33 53
199 35 22
199 36 14
199 41 81
199 44 35
199 45 46
199 48 78
199 51 3
199 53 7
199 54 33
199 56 87
199 58 25
199 61 65
199 66 33
199 75 68
199 77 32
199 80 13
199 81 37
199 82 89
199 83 97
199 87 61
199 90 56
199 92 62
199 98 32
199 100 55
199 103 86
199 105 47
199 106 43
199 107 25
199 110 32
199 113 42
199 114 86
199 115 74
199 116 89
199 117 22
199 121 57
199 123 38
199 128 38
199 131 37
199 133 54
199 136 87
199 143 71
199 150 65
199 152 99
199 153 62
199 154 31
199 155 68
199 159 27
199 161 22
199 164 32
199 166 84
199 168 94
199 170 56
199 172 33
199 175 65
199 177 40
199 178 60
199 181 22
199 183 51
199 185 44
199 188 30
199 192 55
199 195 63
199 197 91
