200 5970
-1
99 62 101
84 40 121
58 34 94
11 98 78
49 80 74
64 94 73
4 11 132
1 47 88
33 18 72
78 21 79
87 27 95
64 37 99
53 49 76
81 29 85
59 64 138
88 1 139
79 97 84
75 21 96
81 99 105
14 19 78
32 14 93
48 49 91
70 74 92
72 93 131
55 0 98
64 26 87
96 41 101
37 10 119
87 75 105
48 27 70
29 13 134
16 91 82
71 20 107
11 98 95
66 21 116
97 51 120
45 39 104
72 9 75
24 58 74
94 38 92
37 95 125
0 89 102
88 41 132
26 11 71
61 73 76
33 26 81
4 0 113
69 79 118
78 25 117
92 19 109
3 83 123
72 27 122
91 93 78
37 73 130
30 94 127
79 35 128
92 65 140
44 68 101
95 52 83
27 3 88
16 95 133
68 10 88
22 59 137
79 90 139
61 100 140
6 28 99
88 39 135
77 90 94
53 45 112
80 78 96
67 55 127
96 3 100
41 86 122
77 89 92
57 72 138
26 30 103
61 95 89
61 42 97
98 43 116
90 39 78
43 45 99
39 92 89
21 76 84
98 91 131
10 21 130
84 8 117
65 92 83
81 7 107
24 5 96
83 7 108
85 52 110
2 99 112
30 42 129
45 54 95
2 73 73
57 22 84
86 63 100
78 83 81
52 8 130
60 86 139
62 3 141
46 93 115
51 20 79
61 99 115
76 71 98
33 56 101
53 37 78
91 26 88
38 29 96
87 30 121
55 90 95
20 95 80
38 92 89
38 67 122
74 28 103
44 34 133
41 28 140
9 13 138
48 33 100
11 48 73
35 89 82
43 6 80
87 29 80
91 75 83
11 7 80
43 30 112
41 39 116
76 98 71
56 47 110
46 31 117
68 76 98
30 22 84
34 37 115
52 84 114
16 23 87
28 13 71
6 54 130
32 21 110
39 10 115
34 43 118
97 61 125
40 97 101
15 6 94
82 13 102
16 11 100
18 89 91
4 15 73
78 26 85
64 54 82
70 1 115
35 83 110
68 52 132
24 51 93
30 20 110
27 56 102
10 46 108
8 1 128
97 61 96
29 29 109
95 90 106
9 94 94
72 93 84
20 34 99
58 67 125
35 78 133
91 65 111
50 79 89
7 50 131
9 83 93
20 20 82
68 68 126
100 89 107
11 0 108
79 22 73
81 48 86
43 4 94
69 72 87
5 56 128
58 95 126
22 68 71
54 68 70
42 39 141
10 14 70
30 24 105
13 38 93
82 15 113
88 7 107
11 58 112
89 49 99
25 78 129
14 25 120
97 64 71
25 40 89
68 53 89
71 24 128
33 42 129
66 18 88
83 11 127
40 29 123
69 67 123
-1
1 0 26
3 0 95
3 1 93
3 2 79
4 1 53
4 3 42
5 0 47
5 2 60
5 4 20
6 5 102
7 0 99
7 2 58
7 3 51
7 4 58
7 5 78
8 0 79
8 2 29
8 4 64
8 5 82
9 0 46
9 1 19
9 4 65
9 5 74
9 8 45
10 2 29
10 4 65
10 7 88
11 1 20
11 5 57
11 7 63
12 0 47
12 5 46
12 8 36
13 12 34
14 1 34
14 7 60
14 11 27
15 1 39
15 3 123
15 4 88
15 6 84
15 12 59
16 0 40
16 4 34
16 5 15
16 8 91
16 9 76
16 11 61
16 14 38
16 15 96
17 0 47
17 6 71
17 7 78
17 9 3
17 10 13
17 11 19
17 12 35
17 15 23
18 0 41
18 3 70
18 5 17
18 7 95
18 10 72
18 11 64
18 13 70
18 16 2
19 1 73
19 12 49
19 13 67
19 14 63
19 18 104
20 2 32
20 5 86
20 6 28
20 8 4
20 17 43
21 3 61
21 12 5
22 0 31
22 4 21
22 7 74
22 16 24
22 17 53
22 21 33
23 4 26
23 6 106
23 10 67
23 12 47
23 17 72
23 20 88
23 22 19
24 0 76
24 1 49
24 4 80
24 6 52
24 11 38
24 12 49
24 13 38
24 23 94
25 3 89
25 4 56
25 9 14
25 21 28
25 24 27
26 0 21
26 2 38
26 5 61
26 7 95
26 9 26
26 10 16
26 11 32
26 13 19
26 16 58
26 19 84
26 22 42
26 24 57
27 2 31
27 6 33
27 8 8
27 9 42
27 10 52
27 17 39
27 19 24
27 21 40
28 6 104
28 8 78
28 10 48
28 12 42
28 14 30
28 16 23
28 20 82
28 23 23
28 24 81
28 26 35
29 1 38
29 5 68
29 6 46
29 8 17
29 9 30
29 15 47
29 25 16
29 26 50
30 3 86
30 6 25
30 12 43
30 15 60
30 21 40
31 3 8
31 4 34
31 5 48
31 7 46
31 8 74
31 11 72
31 12 55
31 16 63
31 18 65
31 20 78
31 24 99
31 25 80
31 26 94
32 12 34
32 15 25
32 19 57
32 23 73
32 25 9
33 0 95
33 3 0
33 14 58
33 15 123
33 18 70
33 24 107
33 26 102
33 28 79
33 31 8
34 2 15
34 4 61
34 6 62
34 7 70
34 9 12
34 10 21
34 11 16
34 13 17
34 15 29
34 16 77
34 18 79
34 21 33
34 25 5
34 29 18
34 33 94
35 4 56
35 8 72
35 9 35
35 25 41
36 2 13
36 4 41
36 8 24
36 12 12
36 19 36
36 21 10
36 24 40
37 3 107
37 7 80
37 9 13
37 11 29
37 12 44
37 16 88
37 19 58
37 20 40
37 22 65
37 24 19
37 25 18
37 27 35
37 28 67
37 29 30
38 1 62
38 2 41
38 4 33
38 5 53
38 6 51
38 10 70
38 11 45
38 17 63
38 18 70
38 23 59
38 24 65
38 27 49
38 34 55
38 35 73
39 2 36
39 3 102
39 5 63
39 10 13
39 15 37
39 20 66
39 22 43
39 23 59
39 25 32
39 37 36
39 38 72
40 9 84
40 10 84
40 13 79
40 15 106
40 19 79
40 20 81
40 21 47
40 29 68
40 31 21
40 36 56
41 1 97
41 2 79
41 6 78
41 10 106
41 11 82
41 15 124
41 19 71
41 20 81
41 22 71
41 24 104
41 25 89
41 35 104
41 36 67
42 2 30
42 3 95
42 19 77
42 22 37
42 27 59
42 31 87
42 33 95
42 34 29
42 35 13
42 39 6
43 3 88
43 6 22
43 10 63
43 13 57
43 14 62
43 15 62
43 17 50
43 30 3
43 33 88
43 42 68
44 0 39
44 2 39
44 5 21
44 9 54
44 12 25
44 15 76
44 22 9
44 23 22
44 27 67
44 28 26
44 30 68
44 33 55
44 34 52
44 37 64
45 2 26
45 6 32
45 8 8
45 10 54
45 13 48
45 22 60
45 30 13
45 31 67
45 32 38
45 36 17
45 38 33
45 43 16
45 44 54
46 0 113
46 16 122
46 18 125
46 20 31
46 21 65
46 25 65
46 27 34
46 28 111
46 31 91
46 32 69
46 33 98
46 41 89
46 45 38
47 0 34
47 3 61
47 4 20
47 6 94
47 7 75
47 9 58
47 16 20
47 17 58
47 18 23
47 21 36
47 25 53
47 27 76
47 28 18
47 31 54
47 34 58
47 37 70
47 44 10
48 5 70
48 7 80
48 10 9
48 11 18
48 15 26
48 16 72
48 17 5
48 25 14
48 28 50
48 29 30
48 31 90
48 32 8
48 34 12
48 36 35
48 42 18
48 43 53
48 47 54
49 4 74
49 8 59
49 16 79
49 18 80
49 19 78
49 22 59
49 23 76
49 24 41
49 27 55
49 29 44
49 32 21
49 33 113
49 35 32
49 36 51
49 42 22
49 45 59
49 46 90
50 3 17
50 4 46
50 18 79
50 22 67
50 24 97
50 26 102
50 27 80
50 33 17
50 35 99
50 36 60
50 37 101
50 38 32
50 42 94
51 0 44
51 7 73
51 10 15
51 11 12
51 12 29
51 17 6
51 18 72
51 21 32
51 22 47
51 25 8
51 26 27
51 32 7
51 38 57
51 43 48
51 45 39
51 48 6
51 50 88
52 5 27
52 9 73
52 11 62
52 13 64
52 17 73
52 18 11
52 20 98
52 22 28
52 23 19
52 32 75
52 37 86
52 39 55
52 44 36
52 45 88
52 46 127
52 50 88
53 0 62
53 2 44
53 4 13
53 13 62
53 20 59
53 22 33
53 26 67
53 27 63
53 28 50
53 31 27
53 36 34
53 42 60
53 44 24
53 45 47
53 47 32
53 50 35
54 2 66
54 3 19
54 6 86
54 14 41
54 27 84
54 28 60
54 29 69
54 33 19
54 48 84
54 49 97
55 3 92
55 6 78
55 10 11
55 13 6
55 15 35
55 20 51
55 21 34
55 36 34
55 40 73
55 47 45
56 1 26
56 4 45
56 6 103
56 8 75
56 12 42
56 13 37
56 20 78
56 25 48
56 31 80
56 32 49
56 35 14
56 36 53
56 39 27
56 42 24
56 43 85
56 44 32
56 49 46
56 54 68
56 55 32
57 0 55
57 4 13
57 5 32
57 8 51
57 10 59
57 16 45
57 17 56
57 21 19
57 22 26
57 31 36
57 35 55
57 39 58
57 48 54
58 0 10
58 9 35
58 10 26
58 14 37
58 15 51
58 16 47
58 18 49
58 19 87
58 20 73
58 21 47
58 22 33
58 23 47
58 25 40
58 27 71
58 34 42
58 38 71
58 40 72
58 41 101
58 42 13
58 43 80
58 44 39
58 45 67
58 49 33
58 51 33
58 54 77
59 3 96
59 14 68
59 19 20
59 28 93
59 30 10
59 31 88
59 38 55
59 39 75
59 43 8
59 44 77
59 47 86
59 48 55
59 49 66
59 50 83
59 56 89
59 57 67
60 0 89
60 1 87
60 6 84
60 8 78
60 10 98
60 15 118
60 18 65
60 22 57
60 23 56
60 26 96
60 28 73
60 29 75
60 34 89
60 35 92
60 38 37
60 39 96
60 40 21
60 46 95
60 50 17
60 51 88
60 57 38
61 1 34
61 6 64
61 7 76
61 8 35
61 9 14
61 10 25
61 16 87
61 17 13
61 21 43
61 22 64
61 23 83
61 24 16
61 28 67
61 30 39
61 31 96
61 32 10
61 33 104
61 36 37
61 37 4
61 38 65
61 40 90
61 49 25
61 59 41
62 0 77
62 1 64
62 17 65
62 19 40
62 20 46
62 23 60
62 24 67
62 25 53
62 31 32
62 34 58
62 36 30
62 37 70
62 41 37
62 44 41
62 45 34
62 47 51
62 57 23
63 4 31
63 5 15
63 6 108
63 7 89
63 9 69
63 13 61
63 21 51
63 26 51
63 30 91
63 31 63
63 38 63
63 39 54
63 42 49
63 44 24
63 45 78
63 46 117
63 47 14
63 56 28
63 57 41
63 60 63
64 1 64
64 4 23
64 6 105
64 9 80
64 11 63
64 13 73
64 15 102
64 17 80
64 22 27
64 23 13
64 27 93
64 30 92
64 36 63
64 38 55
64 39 70
64 40 24
64 45 79
64 47 22
64 52 30
64 57 36
64 60 45
64 63 20
65 1 78
65 2 52
65 4 67
65 6 17
65 10 81
65 13 75
65 14 64
65 18 103
65 19 12
65 25 58
65 28 93
65 32 65
65 39 88
65 46 28
65 47 81
65 53 54
65 54 70
65 55 73
65 57 55
65 64 90
66 0 25
66 1 4
66 2 30
66 3 97
66 5 60
66 10 12
66 14 38
66 16 58
66 20 61
66 21 41
66 22 39
66 23 56
66 26 8
66 35 15
66 37 34
66 38 66
66 39 6
66 40 75
66 43 68
66 45 56
66 54 79
66 55 9
66 59 70
67 5 13
67 9 69
67 12 47
67 38 61
67 39 54
67 46 115
67 47 13
67 54 47
67 56 29
67 60 61
67 61 80
67 64 18
68 2 12
68 4 35
68 8 33
68 12 4
68 13 32
68 16 58
68 20 37
68 23 51
68 24 45
68 26 43
68 29 18
68 31 59
68 39 41
68 45 27
68 48 32
68 49 46
68 50 62
68 51 26
68 52 61
68 53 32
68 54 54
68 56 43
68 59 49
68 65 49
68 66 35
69 4 31
69 7 84
69 10 51
69 11 44
69 14 25
69 16 19
69 17 57
69 23 17
69 34 58
69 36 52
69 41 80
69 43 86
69 51 51
69 57 37
69 59 91
69 65 89
70 1 22
70 4 30
70 13 29
70 14 12
70 15 57
70 17 34
70 22 19
70 23 38
70 31 62
70 34 34
70 38 43
70 39 31
70 42 25
70 43 60
70 44 18
70 51 28
70 52 44
70 58 28
70 59 65
70 60 64
70 61 45
70 63 37
71 4 90
71 6 92
71 7 104
71 8 64
71 9 25
71 12 62
71 13 30
71 14 71
71 20 64
71 25 39
71 30 67
71 35 48
71 38 90
71 41 128
71 42 38
71 43 70
71 56 62
71 58 49
71 60 121
71 65 93
72 2 54
72 6 83
72 10 74
72 13 69
72 14 28
72 15 97
72 20 72
72 23 31
72 24 87
72 28 47
72 29 59
72 30 73
72 33 32
72 40 9
72 41 41
72 46 93
72 48 71
72 51 66
72 52 50
72 55 63
72 57 18
72 58 63
72 64 24
72 66 66
72 70 40
73 5 13
73 8 83
73 9 68
73 10 62
73 15 88
73 16 8
73 17 68
73 22 16
73 24 91
73 25 64
73 27 88
73 31 61
73 37 80
73 38 61
73 39 53
73 43 93
73 46 115
73 49 71
73 51 62
73 54 47
73 69 11
74 4 11
74 10 54
74 12 23
74 13 49
74 17 54
74 22 13
74 35 45
74 36 35
74 40 30
74 42 43
74 45 51
74 47 13
74 54 34
74 56 35
74 60 47
74 66 45
74 67 26
75 1 58
75 4 55
75 5 74
75 7 30
75 10 61
75 14 47
75 16 85
75 18 88
75 19 16
75 32 46
75 38 28
75 41 64
75 42 62
75 43 19
75 45 8
75 46 37
75 49 66
75 52 90
75 53 44
75 54 64
75 59 27
75 61 46
75 70 48
75 73 77
75 74 52
76 1 59
76 5 3
76 9 75
76 11 58
76 14 31
76 15 97
76 16 18
76 18 20
76 25 69
76 26 64
76 35 56
76 40 24
76 42 60
76 43 91
76 45 74
76 46 110
76 49 82
76 51 68
76 57 31
76 60 45
76 61 85
76 64 5
76 65 86
76 69 25
76 74 23
77 1 23
77 3 75
77 4 39
77 23 52
77 25 16
77 28 42
77 33 75
77 36 16
77 39 33
77 42 27
77 43 46
77 50 71
77 53 39
77 55 19
77 64 58
77 65 56
77 67 50
77 72 48
78 11 34
78 13 22
78 18 58
78 20 72
78 21 50
78 25 38
78 33 102
78 35 8
78 36 53
78 39 6
78 41 108
78 42 10
78 43 78
78 54 85
78 57 59
78 60 97
78 62 77
78 63 50
78 65 93
78 66 10
78 69 39
78 70 33
78 72 71
78 74 50
78 76 63
79 1 6
79 3 98
79 8 60
79 11 26
79 13 13
79 16 59
79 17 23
79 18 60
79 21 43
79 25 29
79 26 6
79 28 36
79 33 98
79 34 30
79 35 13
79 36 45
79 37 34
79 39 4
79 42 2
79 59 72
79 66 2
79 69 40
79 70 28
79 73 51
79 75 64
79 76 63
79 78 8
80 0 58
80 1 41
80 2 18
80 10 47
80 12 10
80 21 6
80 25 28
80 30 34
80 32 37
80 33 61
80 38 23
80 42 45
80 45 21
80 46 59
80 47 42
80 50 55
80 55 37
80 56 52
80 58 52
80 59 44
80 62 25
80 66 45
80 69 49
80 70 26
80 78 55
80 79 47
81 0 67
81 2 61
81 8 74
81 12 45
81 13 75
81 15 103
81 18 42
81 20 78
81 21 43
81 22 35
81 32 78
81 33 28
81 34 75
81 35 71
81 38 37
81 40 3
81 48 77
81 51 72
81 58 68
81 64 23
81 68 49
81 72 6
81 73 38
81 75 63
81 79 73
81 80 47
82 3 24
82 12 41
82 13 76
82 22 49
82 25 65
82 26 82
82 31 15
82 33 24
82 39 82
82 41 24
82 44 40
82 48 76
82 57 24
82 58 77
82 64 46
82 71 104
82 72 22
82 81 24
83 5 34
83 7 106
83 9 72
83 11 63
83 13 64
83 14 47
83 16 19
83 17 73
83 19 110
83 20 101
83 22 32
83 23 26
83 33 87
83 35 40
83 47 31
83 48 68
83 50 95
83 51 69
83 59 113
83 62 82
83 65 111
83 68 64
83 69 22
83 74 45
83 75 94
83 76 37
83 78 48
83 82 78
84 0 97
84 2 49
84 4 70
84 6 11
84 7 27
84 8 23
84 10 77
84 12 51
84 13 71
84 14 65
84 17 65
84 24 49
84 28 94
84 32 61
84 35 92
84 50 62
84 53 58
84 60 74
84 64 94
84 71 87
84 78 90
84 82 56
85 0 56
85 4 80
85 5 88
85 6 80
85 7 91
85 14 61
85 15 8
85 17 15
85 21 54
85 22 67
85 24 30
85 25 26
85 32 17
85 33 115
85 34 22
85 38 78
85 47 72
85 49 13
85 51 22
85 52 85
85 54 101
85 61 16
85 62 80
85 65 80
85 67 82
85 68 48
85 69 70
85 72 89
85 74 69
85 76 89
86 0 45
86 1 55
86 6 101
86 10 68
86 11 55
86 14 28
86 19 89
86 21 46
86 24 92
86 25 66
86 27 86
86 33 54
86 35 52
86 37 83
86 38 53
86 40 28
86 41 65
86 44 19
86 51 65
86 54 35
86 55 58
86 59 96
86 62 54
86 74 21
86 75 73
86 77 50
86 78 59
86 81 26
87 4 79
87 6 77
87 7 89
87 10 20
87 15 9
87 16 90
87 19 68
87 22 67
87 27 44
87 29 38
87 31 106
87 33 114
87 34 20
87 39 33
87 44 68
87 48 18
87 49 16
87 52 86
87 56 59
87 66 32
87 69 71
87 70 50
87 72 88
87 76 90
87 79 33
87 80 53
87 82 91
87 84 72
87 86 86
88 4 79
88 5 97
88 9 56
88 14 68
88 17 53
88 23 100
88 28 94
88 31 86
88 32 49
88 38 53
88 44 77
88 46 20
88 51 52
88 52 110
88 53 69
88 54 89
88 57 66
88 63 101
88 71 72
88 75 25
88 80 44
88 84 21
88 87 57
89 3 116
89 6 79
89 10 20
89 13 22
89 15 7
89 22 68
89 25 26
89 26 36
89 31 107
89 39 32
89 41 116
89 42 34
89 48 18
89 52 86
89 54 101
89 55 28
89 58 46
89 64 95
89 65 79
89 67 83
89 71 13
89 75 61
89 79 32
89 85 1
89 86 86
89 87 2
89 88 59
90 2 32
90 9 31
90 22 26
90 23 43
90 32 34
90 34 36
90 39 16
90 42 11
90 47 31
90 50 87
90 53 52
90 55 18
90 57 44
90 60 81
90 63 38
90 68 32
90 83 41
90 84 81
91 3 9
91 8 86
91 12 71
91 13 105
91 14 66
91 15 130
91 16 77
91 18 79
91 25 95
91 26 110
91 27 95
91 28 88
91 31 16
91 33 9
91 37 114
91 41 10
91 44 64
91 54 28
91 55 100
91 56 96
91 57 52
91 59 99
91 60 14
91 66 104
91 69 80
91 70 78
91 78 111
91 82 29
91 84 78
91 86 63
91 87 121
91 90 95
92 7 29
92 8 24
92 9 52
92 10 58
92 13 52
92 16 73
92 18 76
92 23 66
92 35 67
92 37 53
92 43 31
92 44 43
92 46 49
92 51 44
92 53 31
92 54 52
92 63 68
92 66 58
92 68 23
92 79 60
92 89 63
93 7 44
93 9 46
93 10 49
93 12 9
93 13 43
93 15 68
93 22 32
93 23 47
93 25 33
93 27 44
93 28 46
93 35 52
93 36 15
93 48 43
93 50 51
93 59 54
93 62 23
93 64 48
93 69 42
93 71 72
93 76 44
93 77 20
93 79 47
93 81 38
93 87 59
93 91 62
93 92 19
94 3 26
94 4 47
94 10 96
94 11 71
94 14 57
94 16 80
94 20 66
94 21 51
94 22 68
94 27 72
94 30 65
94 33 26
94 35 97
94 36 54
94 37 94
94 38 26
94 39 98
94 42 91
94 44 59
94 47 67
94 58 95
94 60 26
94 61 91
94 63 78
94 65 45
94 67 76
94 68 58
94 73 76
94 76 62
94 78 100
94 79 94
94 83 97
94 84 52
94 87 102
94 88 71
94 90 85
94 92 41
95 3 88
95 5 72
95 14 42
95 19 43
95 23 72
95 27 23
95 28 60
95 29 10
95 38 48
95 53 54
95 56 55
95 57 47
95 59 35
95 61 16
95 64 78
95 70 34
95 71 43
95 78 46
95 82 64
95 84 47
95 85 30
95 87 28
95 90 41
95 92 33
96 2 40
96 9 42
96 14 27
96 21 40
96 25 43
96 27 72
96 32 45
96 33 82
96 38 62
96 41 89
96 42 22
96 48 38
96 49 44
96 53 50
96 54 64
96 59 84
96 62 64
96 66 24
96 70 20
96 71 60
96 77 32
96 84 86
96 85 55
96 86 35
96 88 84
96 89 56
96 91 91
96 93 41
97 5 17
97 16 14
97 24 86
97 28 12
97 29 63
97 31 62
97 34 63
97 35 37
97 36 55
97 40 42
97 42 43
97 47 9
97 48 58
97 53 42
97 56 22
97 59 94
97 60 63
97 62 60
97 67 7
97 69 5
97 71 82
97 73 6
97 82 57
97 86 15
97 94 76
97 95 64
97 96 21
98 4 72
98 8 21
98 9 29
98 10 39
98 14 56
98 20 20
98 22 68
98 29 19
98 30 23
98 32 22
98 36 31
98 40 88
98 42 48
98 44 65
98 45 26
98 46 48
98 47 73
98 48 31
98 49 41
98 51 27
98 52 93
98 55 38
98 56 69
98 58 61
98 64 92
98 73 84
98 75 34
98 76 87
98 81 85
98 84 43
99 2 52
99 3 50
99 9 67
99 12 37
99 13 60
99 21 38
99 22 15
99 23 13
99 25 60
99 27 79
99 30 79
99 31 44
99 32 66
99 35 50
99 45 65
99 47 11
99 50 57
99 52 31
99 53 26
99 57 24
99 65 79
99 66 54
99 69 21
99 73 17
99 76 9
99 77 44
99 79 55
99 84 82
99 86 7
99 94 59
99 96 34
100 0 69
100 5 91
100 7 75
100 9 24
100 11 34
100 17 22
100 22 71
100 23 90
100 28 76
100 29 27
100 30 34
100 32 19
100 33 107
100 43 36
100 44 70
100 53 74
100 59 35
100 61 9
100 62 68
100 68 42
100 74 69
100 81 91
100 83 95
100 87 19
100 88 38
100 98 11
101 3 35
101 7 64
101 10 77
101 13 72
101 16 33
101 20 80
101 25 69
101 32 77
101 36 54
101 37 87
101 40 9
101 46 102
101 47 26
101 51 70
101 54 16
101 60 30
101 77 53
101 92 53
101 93 39
101 96 50
101 97 33
102 2 15
102 11 21
102 17 24
102 18 84
102 20 19
102 23 75
102 29 7
102 32 20
102 35 55
102 36 19
102 41 85
102 49 41
102 53 54
102 54 76
102 59 29
102 62 48
102 66 41
102 67 74
102 69 64
102 76 75
102 79 43
102 82 63
102 89 34
102 90 46
102 92 30
102 93 34
102 94 72
102 95 6
102 99 66
103 0 53
103 13 72
103 14 35
103 23 12
103 24 99
103 31 45
103 41 61
103 44 26
103 47 21
103 53 35
103 60 45
103 64 1
103 67 18
103 69 28
103 80 56
103 81 23
103 95 77
103 97 23
103 98 91
103 101 16
104 2 41
104 10 45
104 17 50
104 23 22
104 24 74
104 26 36
104 28 11
104 29 52
104 31 63
104 35 29
104 39 37
104 45 62
104 47 10
104 51 44
104 53 39
104 56 17
104 58 26
104 59 83
104 60 64
104 63 19
104 68 34
104 71 70
104 77 32
104 82 55
104 88 84
104 89 64
104 91 79
104 99 21
104 102 56
105 0 66
105 5 49
105 7 33
105 9 57
105 11 36
105 12 21
105 14 27
105 20 42
105 28 57
105 31 38
105 34 48
105 35 64
105 36 20
105 38 9
105 45 30
105 47 42
105 51 48
105 54 38
105 56 59
105 58 62
105 61 57
105 65 38
105 68 22
105 69 51
105 71 82
105 73 55
105 75 26
105 76 48
105 77 31
105 82 23
105 89 70
105 92 14
105 93 12
105 98 51
105 99 40
105 101 39
105 102 40
105 103 51
106 4 43
106 6 55
106 8 27
106 12 12
106 13 29
106 15 50
106 19 42
106 21 13
106 23 59
106 28 50
106 31 65
106 32 24
106 35 46
106 36 8
106 39 41
106 42 35
106 44 36
106 48 27
106 60 68
106 75 27
106 78 45
106 79 37
106 82 50
106 88 43
106 94 62
106 101 56
106 103 62
106 105 27
107 1 15
107 2 33
107 5 73
107 6 88
107 9 13
107 14 49
107 16 72
107 17 16
107 25 27
107 28 49
107 33 107
107 34 25
107 35 25
107 40 87
107 44 55
107 45 58
107 46 90
107 58 26
107 60 101
107 63 65
107 64 79
107 65 85
107 66 13
107 69 53
107 70 37
107 72 78
107 75 65
107 79 13
107 82 86
107 83 65
107 85 19
107 88 70
107 89 20
107 91 115
107 95 34
107 98 42
107 101 80
107 103 78
107 105 65
108 0 69
108 1 47
108 2 20
108 21 22
108 22 55
108 23 72
108 25 26
108 26 59
108 27 19
108 28 67
108 32 34
108 36 12
108 42 51
108 43 21
108 48 40
108 50 64
108 54 65
108 60 69
108 63 73
108 68 21
108 77 26
108 81 63
108 83 86
108 85 50
108 88 27
108 91 78
108 93 25
108 96 58
108 99 61
108 102 15
108 103 73
108 104 56
108 105 27
108 106 17
109 1 10
109 3 101
109 4 62
109 5 68
109 12 38
109 13 6
109 15 29
109 19 73
109 20 57
109 22 47
109 24 43
109 27 53
109 30 60
109 39 10
109 41 105
109 42 11
109 43 63
109 47 52
109 48 10
109 50 99
109 51 15
109 56 35
109 63 60
109 64 74
109 67 60
109 70 32
109 76 70
109 78 17
109 79 9
109 84 77
109 85 22
109 86 65
109 87 23
109 89 23
109 93 48
109 99 62
109 101 75
109 103 73
109 104 42
109 105 59
109 106 34
110 6 94
110 7 69
110 12 41
110 13 66
110 16 25
110 25 64
110 28 35
110 30 81
110 31 39
110 37 82
110 40 18
110 42 59
110 48 68
110 50 52
110 53 24
110 55 60
110 58 55
110 61 81
110 65 79
110 68 45
110 69 27
110 71 96
110 74 18
110 80 46
110 81 16
110 84 82
110 86 10
110 93 37
110 95 68
110 100 87
110 106 53
111 1 84
111 2 71
111 6 85
111 11 72
111 14 49
111 16 59
111 19 76
111 26 93
111 27 86
111 29 73
111 33 9
111 36 61
111 38 37
111 41 20
111 42 86
111 44 46
111 48 90
111 54 10
111 58 86
111 59 92
111 60 4
111 65 68
111 69 62
111 77 67
111 78 93
111 84 74
111 85 108
111 87 107
111 92 53
111 93 48
111 97 59
111 104 60
112 2 61
112 5 26
112 6 87
112 9 81
112 14 35
112 15 103
112 19 76
112 23 34
112 25 70
112 27 82
112 40 3
112 41 38
112 47 33
112 49 90
112 51 73
112 52 53
112 63 41
112 64 24
112 67 39
112 69 44
112 79 74
112 80 47
112 85 95
112 86 27
112 89 96
112 91 36
112 95 72
112 98 85
112 99 22
112 100 92
112 101 8
112 104 43
112 105 36
112 111 18
113 4 17
113 5 37
113 8 49
113 11 39
113 12 23
113 13 57
113 15 82
113 17 59
113 19 53
113 21 20
113 26 63
113 29 41
113 32 57
113 33 41
113 39 63
113 41 43
113 48 58
113 54 28
113 57 6
113 66 57
113 67 45
113 71 86
113 73 44
113 77 33
113 78 64
113 79 59
113 84 53
113 86 36
113 92 26
113 93 14
113 94 36
113 96 48
113 98 60
113 104 38
113 106 33
113 107 67
113 110 28
113 111 33
114 1 15
114 2 17
114 4 57
114 6 72
114 8 42
114 11 13
114 12 29
114 20 44
114 21 33
114 22 46
114 24 33
114 25 10
114 31 85
114 35 32
114 36 31
114 38 58
114 49 20
114 52 67
114 56 41
114 61 18
114 62 60
114 73 61
114 74 47
114 85 22
114 88 55
114 100 27
114 101 70
114 102 24
114 103 72
114 110 64
114 112 73
115 0 61
115 1 40
115 5 63
115 10 43
115 23 65
115 26 52
115 28 59
115 29 8
115 31 63
115 32 30
115 34 25
115 37 37
115 41 70
115 43 29
115 45 13
115 47 51
115 52 75
115 59 35
115 60 67
115 61 33
115 63 66
115 66 44
115 68 14
115 72 52
115 73 64
115 75 18
115 78 54
115 84 36
115 86 61
115 91 77
115 94 57
115 101 59
115 103 67
115 105 24
115 109 43
115 110 57
115 111 65
115 112 58
116 5 69
116 6 40
116 10 46
116 15 54
116 17 34
116 20 16
116 26 56
116 31 67
116 37 36
116 44 49
116 45 8
116 46 46
116 51 31
116 52 82
116 55 38
116 57 40
116 59 28
116 62 36
116 68 20
116 71 60
116 73 70
116 74 46
116 75 15
116 78 58
116 84 31
116 87 45
116 92 17
116 93 26
116 98 22
116 99 61
116 106 15
116 108 3
116 111 70
116 115 6
117 0 102
117 3 85
117 5 97
117 6 5
117 7 34
117 10 79
117 19 7
117 22 86
117 23 101
117 24 47
117 26 91
117 32 62
117 35 95
117 37 63
117 40 86
117 44 79
117 45 27
117 47 89
117 49 83
117 50 70
117 53 66
117 54 83
117 56 97
117 59 20
117 62 47
117 65 15
117 67 102
117 70 71
117 79 85
117 83 118
117 85 75
117 86 96
117 87 72
117 91 86
117 100 53
117 102 42
117 108 33
117 110 89
117 113 61
118 0 58
118 2 10
118 3 74
118 6 49
118 9 32
118 14 32
118 17 29
118 24 33
118 25 17
118 26 48
118 27 25
118 28 57
118 30 27
118 34 21
118 40 62
118 43 31
118 45 16
118 46 55
118 50 67
118 53 41
118 54 63
118 55 31
118 56 54
118 59 36
118 62 36
118 64 68
118 65 42
118 66 40
118 67 63
118 70 29
118 75 22
118 83 76
118 86 61
118 87 42
118 96 48
118 97 58
118 98 25
118 103 67
118 107 43
118 110 57
118 113 35
118 114 26
118 116 8
118 117 43
119 5 70
119 6 37
119 12 42
119 13 72
119 20 39
119 21 37
119 23 75
119 24 65
119 27 46
119 36 35
119 39 83
119 43 39
119 46 48
119 49 86
119 50 35
119 53 36
119 59 47
119 66 77
119 74 51
119 78 87
119 85 83
119 86 69
119 88 44
119 91 51
119 98 57
119 100 68
119 101 57
119 105 23
119 109 78
119 110 60
119 112 51
119 114 66
119 116 36
120 1 69
120 3 25
120 7 54
120 11 59
120 12 43
120 16 44
120 17 78
120 18 47
120 26 77
120 28 53
120 29 63
120 30 76
120 31 19
120 33 25
120 36 50
120 43 78
120 49 90
120 53 16
120 56 61
120 57 22
120 59 86
120 63 44
120 64 28
120 65 67
120 66 72
120 67 42
120 72 6
120 75 59
120 79 74
120 81 5
120 86 30
120 87 94
120 88 84
120 94 36
120 96 57
120 97 43
120 98 82
120 101 11
120 102 70
120 103 27
120 104 44
120 112 4
120 114 72
120 115 55
120 118 57
121 1 53
121 3 97
121 6 39
121 8 15
121 9 38
121 12 44
121 16 97
121 20 13
121 27 7
121 29 21
121 34 27
121 38 55
121 39 60
121 45 22
121 56 76
121 64 95
121 66 55
121 68 40
121 70 54
121 73 89
121 79 57
121 82 73
121 91 101
121 94 78
121 98 9
121 99 81
121 102 16
121 105 50
121 108 23
121 109 50
121 112 86
121 117 34
122 1 11
122 7 87
122 9 12
122 23 65
122 24 43
122 27 53
122 30 60
122 31 94
122 32 18
122 35 24
122 36 43
122 40 82
122 48 9
122 51 15
122 55 10
122 61 26
122 65 81
122 68 37
122 69 49
122 71 27
122 78 17
122 82 81
122 83 62
122 85 21
122 87 22
122 91 110
122 92 58
122 94 95
122 95 30
122 97 54
122 100 36
122 105 60
122 111 94
122 113 62
122 114 13
122 115 43
122 116 46
122 118 39
122 120 79
123 1 35
123 11 46
123 15 74
123 16 25
123 20 84
123 35 24
123 36 58
123 40 57
123 41 92
123 42 34
123 43 91
123 44 30
123 46 114
123 52 18
123 56 10
123 73 19
123 74 34
123 75 79
123 76 36
123 81 54
123 83 17
123 87 68
123 88 96
123 91 92
123 103 38
123 106 53
123 111 73
123 113 53
123 117 102
123 121 84
124 9 68
124 10 78
124 13 73
124 16 112
124 18 115
124 21 55
124 22 89
124 27 26
124 29 42
124 37 61
124 40 91
124 44 82
124 46 9
124 50 76
124 52 117
124 53 70
124 59 16
124 62 53
124 64 105
124 68 56
124 69 99
124 73 105
124 74 79
124 75 27
124 80 49
124 85 73
124 86 100
124 87 70
124 90 86
124 96 93
124 98 41
124 99 92
124 114 66
124 116 36
124 118 45
124 120 85
125 3 75
125 6 43
125 9 36
125 20 19
125 25 21
125 30 22
125 32 29
125 33 75
125 35 57
125 40 65
125 41 73
125 44 46
125 48 35
125 57 38
125 58 56
125 59 31
125 61 32
125 64 72
125 70 34
125 71 59
125 72 56
125 73 68
125 80 15
125 85 46
125 86 65
125 92 17
125 97 63
125 98 23
125 107 48
125 109 44
125 111 68
125 112 62
125 113 37
125 116 2
126 7 40
126 13 41
126 16 69
126 17 38
126 22 45
126 23 62
126 25 26
126 27 29
126 29 13
126 35 57
126 39 53
126 42 47
126 43 31
126 47 48
126 51 33
126 56 57
126 57 29
126 59 38
126 63 63
126 67 62
126 68 13
126 79 49
126 83 77
126 85 53
126 86 58
126 89 52
126 90 45
126 91 71
126 96 51
126 97 57
126 99 50
126 100 41
126 103 63
126 104 47
126 105 18
126 106 12
126 108 10
126 111 59
126 113 28
126 117 41
126 124 43
127 1 58
127 10 71
127 11 62
127 14 38
127 18 5
127 22 24
127 23 6
127 35 51
127 38 65
127 41 76
127 44 29
127 47 20
127 50 74
127 54 46
127 55 63
127 57 43
127 58 49
127 60 60
127 63 8
127 66 60
127 69 20
127 74 32
127 75 84
127 76 15
127 78 59
127 83 23
127 86 12
127 90 46
127 98 93
127 102 81
127 106 65
127 109 68
127 110 22
127 115 71
127 122 69
127 124 111
128 3 68
128 4 33
128 5 47
128 19 50
128 39 39
128 41 70
128 43 46
128 44 26
128 46 70
128 50 64
128 56 40
128 57 24
128 60 62
128 61 38
128 62 36
128 64 53
128 65 53
128 66 32
128 69 39
128 73 46
128 75 34
128 76 48
128 81 48
128 82 45
128 87 47
128 88 52
128 92 26
128 95 25
128 98 39
128 100 44
128 102 27
128 104 31
128 111 60
128 114 26
128 116 24
128 119 45
128 123 44
129 0 61
129 14 35
129 15 51
129 20 22
129 22 49
129 23 67
129 24 32
129 28 60
129 30 24
129 31 67
129 33 75
129 42 43
129 46 52
129 48 32
129 49 47
129 56 57
129 60 70
129 61 30
129 62 36
129 63 67
129 65 40
129 67 66
129 68 15
129 73 65
129 75 20
129 80 14
129 84 37
129 86 63
129 90 44
129 91 80
129 94 60
129 95 14
129 100 32
129 104 50
129 106 9
129 107 45
129 109 41
129 112 61
129 114 28
129 116 5
129 119 38
129 123 62
129 124 42
129 128 18
130 3 61
130 6 91
130 7 73
130 9 55
130 10 52
130 13 48
130 28 19
130 29 52
130 31 54
130 35 38
130 39 46
130 48 51
130 52 28
130 53 31
130 54 42
130 56 26
130 65 78
130 68 34
130 70 21
130 72 28
130 73 15
130 74 11
130 75 62
130 79 43
130 83 33
130 85 69
130 87 70
130 89 70
130 91 69
130 95 55
130 98 69
130 102 58
130 103 24
130 108 55
130 116 55
130 121 74
130 122 50
131 3 78
131 11 37
131 16 89
131 21 32
131 22 65
131 23 82
131 24 33
131 25 34
131 27 13
131 30 9
131 33 78
131 36 22
131 42 61
131 45 5
131 54 72
131 56 75
131 57 48
131 60 74
131 63 83
131 64 83
131 65 24
131 71 68
131 77 36
131 79 62
131 84 20
131 85 55
131 87 53
131 89 55
131 90 62
131 93 35
131 97 77
131 100 37
131 109 57
131 112 70
131 116 12
131 123 80
131 125 15
131 130 66
132 13 47
132 19 26
132 21 18
132 24 42
132 25 31
132 27 27
132 35 64
132 36 11
132 39 60
132 40 58
132 43 27
132 46 47
132 55 45
132 57 32
132 58 62
132 64 68
132 65 29
132 66 54
132 74 41
132 76 63
132 77 27
132 78 64
132 81 55
132 92 6
132 95 27
132 96 58
132 97 63
132 99 55
132 101 57
132 104 54
132 105 19
132 108 8
132 112 55
132 118 14
132 122 53
132 130 51
132 131 15
133 0 51
133 1 54
133 6 87
133 7 63
133 9 68
133 11 48
133 12 35
133 27 75
133 29 57
133 33 43
133 40 18
133 41 52
133 42 56
133 46 96
133 47 17
133 48 64
133 49 76
133 51 60
133 52 40
133 53 18
133 56 44
133 65 72
133 66 57
133 69 28
133 71 92
133 74 13
133 78 61
133 80 40
133 83 46
133 86 15
133 95 62
133 97 26
133 98 76
133 105 33
133 108 56
133 110 6
133 112 16
133 123 40
133 124 87
133 130 17
134 0 91
134 3 75
134 4 65
134 5 85
134 10 71
134 12 45
134 15 75
134 20 18
134 24 45
134 29 32
134 30 16
134 37 57
134 38 35
134 39 79
134 40 75
134 41 67
134 43 15
134 44 67
134 45 17
134 52 102
134 55 64
134 57 53
134 60 72
134 64 89
134 68 43
134 71 82
134 81 72
134 82 53
134 86 84
134 88 19
134 89 68
134 92 23
134 93 42
134 99 76
134 100 50
134 110 77
134 111 72
134 112 72
134 114 58
134 116 25
134 120 68
134 125 27
134 127 96
134 128 46
134 129 31
135 1 62
135 3 86
135 5 88
135 7 43
135 9 50
135 13 55
135 14 59
135 16 98
135 26 73
135 29 24
135 32 43
135 36 31
135 41 80
135 44 68
135 55 55
135 56 82
135 58 77
135 61 40
135 68 40
135 69 83
135 70 57
135 73 90
135 75 17
135 78 76
135 79 67
135 81 79
135 88 8
135 89 55
135 90 69
135 93 44
135 97 86
135 100 35
135 104 75
135 105 43
135 107 64
135 108 18
135 110 81
135 112 79
135 113 54
135 116 19
135 117 19
135 123 88
135 124 18
135 130 74
136 2 55
136 4 50
136 8 45
136 13 79
136 18 87
136 28 83
136 31 38
136 37 79
136 40 51
136 41 35
136 43 47
136 47 67
136 49 92
136 51 71
136 54 46
136 57 40
136 60 42
136 62 16
136 63 81
136 66 83
136 70 61
136 72 47
136 73 79
136 75 31
136 76 68
136 77 56
136 80 38
136 82 26
136 85 90
136 86 70
136 87 88
136 93 39
136 94 19
136 104 72
136 108 40
136 115 42
136 122 84
136 130 65
136 133 54
136 134 32
137 1 55
137 3 79
137 8 3
137 13 49
137 17 43
137 19 18
137 21 32
137 23 82
137 24 31
137 27 12
137 28 77
137 31 71
137 32 39
137 33 79
137 35 71
137 36 22
137 37 41
137 41 75
137 45 5
137 46 35
137 56 74
137 57 48
137 58 70
137 69 74
137 73 81
137 74 56
137 83 96
137 87 50
137 91 83
137 94 60
137 96 68
137 97 77
137 103 83
137 104 66
137 107 59
137 111 74
137 113 46
137 117 24
137 126 20
137 130 65
138 4 70
138 6 35
138 10 50
138 11 36
138 15 49
138 19 26
138 28 80
138 35 71
138 37 33
138 40 85
138 43 13
138 45 17
138 50 81
138 52 97
138 61 29
138 62 51
138 63 89
138 68 37
138 72 76
138 73 87
138 75 23
138 76 87
138 88 15
138 90 62
138 94 73
138 104 71
138 106 30
138 107 54
138 111 87
138 112 82
138 113 57
138 118 24
138 122 51
138 125 20
138 126 29
138 127 95
138 129 22
138 130 72
138 133 75
138 136 55
139 2 25
139 4 39
139 5 59
139 10 55
139 12 19
139 16 70
139 17 46
139 18 73
139 20 29
139 21 15
139 22 47
139 27 33
139 30 30
139 35 63
139 37 50
139 38 18
139 39 60
139 48 47
139 50 50
139 51 41
139 54 51
139 55 45
139 56 62
139 61 47
139 62 20
139 66 54
139 71 73
139 72 43
139 76 58
139 78 64
139 86 57
139 90 51
139 94 43
139 95 31
139 96 55
139 102 28
139 103 62
139 107 59
139 108 14
139 121 38
139 124 42
139 126 8
139 128 22
139 131 21
139 133 44
139 134 26
139 138 33
140 6 105
140 8 77
140 12 45
140 13 35
140 14 38
140 15 60
140 22 29
140 23 40
140 26 20
140 31 86
140 32 48
140 39 23
140 44 37
140 46 111
140 55 31
140 58 9
140 60 87
140 71 58
140 75 77
140 76 49
140 77 40
140 78 18
140 79 23
140 81 65
140 84 95
140 85 54
140 86 44
140 87 56
140 88 92
140 90 15
140 97 29
140 98 69
140 101 60
140 109 32
140 113 59
140 114 40
140 116 65
140 121 77
140 123 15
140 134 89
141 3 29
141 4 19
141 6 93
141 8 79
141 9 84
141 10 84
141 11 64
141 12 49
141 18 41
141 23 32
141 28 51
141 29 70
141 31 24
141 33 29
141 43 87
141 44 31
141 55 73
141 58 71
141 61 91
141 63 39
141 70 49
141 74 30
141 75 68
141 76 21
141 79 76
141 80 52
141 83 58
141 91 38
141 92 55
141 94 44
141 100 96
141 106 61
141 107 87
141 108 68
141 112 5
141 117 89
141 123 55
141 129 66
141 136 54
142 0 100
142 3 92
142 5 100
142 11 57
142 12 57
142 15 73
142 19 13
142 23 104
142 28 99
142 30 15
142 36 44
142 38 52
142 42 80
142 47 90
142 53 70
142 59 12
142 67 104
142 70 71
142 75 26
142 80 48
142 81 89
142 83 118
142 85 69
142 86 99
142 87 66
142 88 9
142 89 68
142 90 83
142 92 39
142 95 44
142 96 91
142 100 47
142 104 89
142 106 49
142 110 93
142 121 28
142 125 36
142 126 42
142 129 39
142 138 24
142 139 41
143 3 110
143 6 78
143 7 87
143 10 14
143 11 30
143 18 86
143 19 68
143 24 29
143 25 22
143 26 31
143 27 45
143 30 53
143 38 73
143 40 93
143 42 28
143 43 56
143 46 79
143 47 67
143 51 17
143 53 75
143 55 22
143 56 52
143 59 55
143 62 75
143 63 77
143 64 89
143 70 44
143 71 17
143 75 58
143 77 35
143 78 34
143 79 27
143 81 89
143 84 72
143 85 5
143 90 39
143 91 117
143 92 59
143 93 55
143 96 50
143 100 22
143 102 31
143 105 65
143 108 46
143 109 17
143 112 90
143 115 43
143 118 39
143 119 79
143 126 48
143 129 40
143 130 64
143 133 77
144 1 73
144 9 62
144 14 68
144 18 109
144 21 49
144 23 99
144 25 50
144 27 21
144 37 56
144 38 47
144 39 82
144 45 22
144 47 86
144 48 63
144 50 73
144 51 58
144 60 84
144 61 52
144 62 48
144 63 101
144 64 99
144 69 92
144 71 80
144 75 21
144 77 54
144 80 43
144 82 65
144 84 11
144 86 94
144 88 10
144 93 51
144 95 42
144 101 87
144 102 36
144 105 48
144 121 27
144 125 33
144 126 37
144 131 17
144 132 31
144 134 12
144 135 12
144 136 44
144 141 89
144 142 5
145 5 46
145 6 79
145 13 87
145 18 63
145 19 70
145 20 76
145 21 50
145 22 54
145 26 91
145 31 2
145 39 91
145 40 19
145 44 45
145 55 81
145 57 33
145 60 6
145 62 30
145 69 62
145 72 23
145 73 59
145 76 43
145 77 63
145 80 50
145 81 21
145 82 13
145 84 68
145 88 84
145 93 44
145 94 22
145 95 77
145 100 96
145 104 60
145 105 36
145 106 62
145 114 82
145 116 65
145 117 76
145 120 17
145 123 74
145 129 64
145 137 69
145 139 48
145 142 83
145 143 99
146 1 83
146 2 57
146 3 83
146 5 99
146 7 32
146 14 73
146 18 113
146 25 61
146 27 33
146 37 68
146 38 47
146 41 74
146 46 15
146 47 91
146 51 69
146 60 80
146 64 102
146 66 87
146 68 57
146 73 103
146 74 77
146 76 98
146 77 63
146 78 98
146 80 49
146 81 84
146 84 8
146 85 80
146 87 77
146 92 37
146 97 100
146 103 101
146 105 50
146 106 53
146 109 84
146 110 90
146 130 88
146 135 24
146 136 39
146 141 89
146 144 12
146 145 75
147 1 15
147 5 69
147 8 45
147 12 33
147 20 47
147 21 37
147 25 14
147 31 89
147 32 9
147 35 31
147 37 18
147 40 80
147 44 49
147 45 45
147 46 78
147 54 83
147 57 54
147 59 55
147 60 92
147 62 65
147 63 64
147 64 75
147 66 16
147 67 64
147 78 26
147 79 17
147 82 75
147 84 68
147 85 18
147 99 62
147 101 74
147 103 74
147 105 54
147 106 27
147 108 40
147 114 4
147 115 34
147 116 37
147 117 70
147 120 76
147 122 9
147 124 69
147 127 72
147 128 30
147 139 47
147 140 39
148 0 35
148 2 20
148 5 40
148 7 63
148 13 30
148 14 11
148 16 45
148 21 16
148 23 39
148 30 53
148 31 60
148 39 34
148 40 49
148 42 27
148 43 57
148 44 19
148 55 24
148 57 24
148 64 46
148 69 28
148 72 39
148 77 12
148 81 45
148 84 63
148 87 49
148 89 50
148 91 76
148 96 23
148 97 32
148 99 32
148 100 51
148 106 20
148 108 36
148 109 33
148 112 46
148 113 29
148 114 27
148 115 28
148 117 68
148 119 53
148 120 45
148 122 33
148 124 70
148 125 31
148 132 34
148 133 32
148 134 57
148 136 58
148 137 45
148 138 50
148 143 44
148 145 57
149 2 35
149 7 82
149 8 40
149 9 21
149 11 36
149 17 20
149 18 98
149 20 40
149 23 92
149 30 42
149 33 113
149 37 8
149 39 44
149 41 112
149 42 43
149 47 78
149 49 28
149 50 105
149 51 26
149 55 35
149 57 71
149 59 43
149 61 9
149 65 69
149 67 89
149 72 89
149 73 88
149 74 72
149 75 52
149 86 91
149 93 58
149 97 82
149 99 85
149 101 95
149 103 98
149 108 42
149 111 106
149 113 73
149 118 38
149 119 75
149 125 39
149 136 83
149 141 100
149 145 102
150 7 49
150 12 38
150 19 67
150 22 36
150 29 57
150 31 20
150 32 72
150 33 28
150 35 69
150 36 45
150 42 67
150 43 72
150 45 57
150 50 32
150 53 10
150 54 12
150 55 65
150 56 59
150 58 67
150 61 80
150 69 45
150 74 24
150 78 74
150 79 70
150 80 38
150 89 89
150 93 30
150 97 43
150 102 65
150 104 42
150 106 49
150 109 74
150 111 19
150 125 53
150 130 33
150 133 17
150 135 70
150 140 65
150 144 74
150 145 18
150 149 89
151 0 32
151 8 48
151 11 15
151 12 15
151 14 15
151 15 54
151 17 31
151 18 48
151 26 30
151 33 73
151 35 29
151 36 26
151 37 43
151 39 29
151 48 28
151 50 72
151 52 47
151 55 20
151 59 63
151 60 67
151 62 46
151 69 28
151 72 43
151 77 12
151 79 25
151 80 25
151 82 52
151 85 46
151 90 17
151 91 81
151 93 23
151 105 35
151 106 21
151 113 33
151 120 49
151 124 72
151 125 33
151 127 46
151 130 24
151 133 35
151 142 70
151 146 73
152 2 38
152 3 48
152 5 58
152 8 34
152 9 61
152 15 81
152 18 74
152 20 37
152 22 51
152 26 72
152 29 33
152 33 48
152 34 51
152 37 63
152 40 45
152 41 44
152 44 43
152 45 26
152 57 26
152 63 67
152 64 61
152 68 29
152 72 38
152 73 65
152 78 74
152 79 67
152 80 19
152 98 51
152 101 47
152 103 60
152 104 55
152 105 10
152 116 28
152 124 45
152 129 29
152 130 50
152 132 17
152 135 38
152 138 43
152 142 45
152 144 40
153 2 31
153 3 80
153 11 38
153 14 52
153 17 45
153 19 16
153 23 84
153 25 34
153 26 69
153 27 12
153 28 79
153 30 7
153 33 80
153 35 73
153 37 43
153 47 70
153 50 68
153 52 95
153 54 74
153 56 76
153 61 39
153 64 85
153 66 61
153 68 33
153 71 68
153 82 56
153 84 20
153 85 55
153 92 22
153 94 59
153 98 25
153 99 72
153 100 36
153 102 21
153 105 36
153 115 19
153 117 22
153 118 22
153 120 69
153 121 19
153 123 82
153 128 37
153 132 17
153 133 67
153 136 41
153 139 23
153 142 20
153 143 52
153 145 70
153 151 49
154 4 32
154 5 53
154 15 82
154 16 66
154 20 42
154 23 58
154 24 62
154 28 62
154 32 56
154 33 44
154 35 70
154 36 24
154 37 65
154 38 3
154 41 42
154 42 62
154 45 30
154 47 47
154 50 36
154 51 53
154 52 73
154 53 19
154 54 38
154 64 55
154 72 33
154 77 36
154 84 38
154 87 72
154 88 51
154 92 14
154 96 59
154 101 41
154 105 6
154 106 32
154 111 39
154 113 15
154 114 54
154 123 66
154 124 51
154 127 64
154 129 31
154 130 45
154 132 20
154 134 34
154 140 70
154 146 47
154 147 59
154 149 69
154 151 41
155 4 51
155 9 72
155 14 52
155 15 90
155 19 27
155 25 57
155 27 45
155 28 82
155 31 45
155 33 52
155 35 87
155 38 18
155 40 55
155 46 46
155 47 67
155 48 71
155 50 37
155 56 84
155 58 85
155 60 49
155 75 22
155 79 80
155 80 33
155 84 25
155 86 71
155 88 43
155 90 75
155 91 53
155 98 56
155 101 59
155 102 48
155 103 73
155 108 32
155 110 62
155 112 53
155 114 66
155 115 36
155 118 40
155 121 51
155 122 78
155 128 46
155 129 39
155 130 65
155 131 31
155 136 8
155 151 58
156 2 59
156 10 83
156 12 65
156 16 119
156 26 96
156 36 53
156 38 59
156 41 88
156 48 74
156 49 85
156 57 76
156 59 19
156 61 60
156 64 112
156 68 62
156 69 105
156 70 79
156 73 111
156 74 86
156 77 67
156 78 99
156 83 127
156 97 107
156 99 99
156 102 47
156 103 111
156 105 60
156 106 57
156 107 86
156 108 41
156 113 72
156 115 48
156 116 42
156 122 83
156 125 45
156 126 50
156 132 44
156 146 14
156 147 74
156 148 77
156 149 62
157 2 47
157 3 93
157 7 97
157 12 45
157 13 35
157 14 38
157 15 60
157 21 50
157 27 78
157 31 86
157 33 93
157 43 86
157 45 72
157 47 33
157 48 40
157 51 42
157 53 61
157 55 31
157 56 6
157 57 53
157 62 75
157 63 34
157 64 53
157 76 49
157 77 40
157 78 18
157 81 65
157 86 44
157 87 56
157 90 15
157 91 102
157 94 95
157 95 55
157 99 44
157 107 35
157 108 67
157 109 32
157 111 84
157 112 66
157 114 40
157 116 65
157 117 100
157 121 77
157 123 15
157 124 101
157 125 62
157 128 43
157 130 32
157 131 77
157 135 84
157 138 77
157 141 67
157 143 50
157 145 83
158 0 77
158 1 56
158 6 30
158 7 33
158 8 11
158 11 35
158 14 46
158 15 65
158 22 60
158 25 35
158 28 74
158 29 19
158 35 71
158 37 47
158 38 29
158 43 18
158 46 38
158 54 65
158 55 50
158 61 43
158 64 77
158 70 46
158 72 58
158 75 3
158 77 34
158 82 47
158 88 24
158 92 13
158 97 72
158 103 76
158 104 63
158 105 27
158 114 45
158 115 15
158 122 58
158 124 28
158 126 15
158 127 83
158 128 32
158 131 7
158 135 16
158 140 75
158 141 68
158 142 26
158 143 55
158 144 22
158 145 61
158 146 28
158 147 49
158 150 54
158 154 27
158 156 35
159 3 84
159 8 95
159 10 63
159 11 61
159 13 62
159 15 89
159 16 17
159 19 107
159 23 23
159 29 78
159 33 84
159 34 74
159 35 39
159 37 84
159 38 77
159 40 58
159 45 89
159 46 127
159 48 67
159 49 71
159 51 67
159 53 60
159 54 65
159 59 110
159 60 79
159 62 79
159 65 108
159 74 42
159 79 51
159 82 75
159 85 82
159 88 110
159 92 80
159 93 61
159 95 77
159 98 92
159 99 35
159 101 49
159 102 82
159 120 60
159 121 98
159 128 58
159 130 30
159 131 94
159 133 43
159 137 93
159 142 116
159 144 111
159 145 77
159 146 117
159 152 81
159 154 76
160 5 55
160 10 102
160 11 79
160 12 62
160 14 58
160 16 70
160 19 75
160 22 64
160 26 101
160 27 88
160 29 77
160 30 83
160 32 96
160 38 39
160 41 10
160 42 95
160 45 72
160 47 61
160 54 21
160 56 87
160 59 92
160 62 37
160 64 52
160 68 65
160 72 32
160 77 73
160 80 59
160 82 21
160 84 73
160 86 56
160 95 86
160 97 69
160 98 96
160 100 105
160 104 70
160 105 44
160 106 72
160 107 106
160 108 71
160 111 11
160 112 29
160 116 73
160 122 101
160 123 84
160 129 73
160 131 75
160 137 76
160 139 56
160 140 93
160 142 88
160 145 10
160 148 68
160 151 72
160 157 93
161 2 60
161 4 26
161 5 8
161 6 106
161 9 72
161 10 67
161 16 8
161 17 72
161 19 94
161 22 19
161 24 94
161 29 70
161 32 73
161 38 59
161 41 72
161 46 115
161 47 14
161 52 19
161 67 5
161 68 51
161 70 38
161 77 52
161 82 53
161 83 26
161 86 7
161 94 72
161 96 33
161 100 90
161 101 26
161 103 12
161 104 22
161 109 64
161 110 17
161 111 52
161 112 34
161 114 65
161 115 65
161 118 64
161 128 48
161 129 67
161 133 21
161 139 62
161 140 40
161 143 80
161 146 103
161 147 67
161 151 41
161 153 84
161 154 58
161 158 77
162 0 83
162 5 74
162 9 59
162 13 61
162 14 49
162 22 64
162 23 78
162 24 48
162 25 44
162 28 78
162 29 28
162 30 22
162 32 52
162 33 64
162 34 47
162 36 25
162 40 63
162 41 58
162 43 23
162 46 37
162 49 73
162 51 52
162 57 41
162 60 61
162 61 53
162 62 25
162 63 81
162 64 77
162 65 15
162 66 68
162 68 34
162 69 74
162 77 41
162 83 96
162 85 69
162 94 42
162 95 38
162 97 75
162 98 41
162 108 18
162 110 66
162 114 54
162 120 57
162 126 21
162 129 26
162 131 15
162 132 14
162 133 59
162 134 11
162 135 22
162 136 24
162 142 28
162 143 65
162 144 23
162 146 24
162 149 59
162 150 51
162 153 17
163 0 41
163 6 77
163 10 49
163 15 72
163 21 20
163 22 13
163 25 41
163 26 46
163 29 41
163 33 56
163 41 62
163 42 39
163 54 38
163 56 34
163 66 41
163 69 24
163 71 74
163 72 25
163 75 48
163 81 31
163 85 64
163 97 25
163 98 59
163 99 19
163 100 64
163 102 47
163 111 47
163 116 42
163 117 72
163 118 35
163 126 32
163 129 37
163 134 60
163 137 52
163 140 39
163 141 34
163 152 37
163 154 32
163 156 82
163 157 39
163 159 43
163 161 29
163 162 50
164 0 65
164 5 33
164 7 46
164 8 60
164 9 71
164 15 93
164 19 62
164 26 71
164 28 52
164 31 23
164 33 31
164 35 67
164 37 78
164 41 36
164 56 58
164 57 13
164 65 57
164 67 43
164 68 37
164 71 96
164 84 62
164 87 84
164 88 73
164 96 53
164 98 72
164 99 26
164 103 33
164 104 41
164 107 76
164 116 50
164 118 46
164 120 11
164 121 72
164 123 56
164 124 74
164 129 48
164 141 19
164 142 74
164 147 67
164 151 42
164 157 64
165 7 91
165 8 74
165 11 38
165 14 32
165 20 77
165 31 79
165 35 15
165 39 27
165 40 61
165 44 31
165 48 42
165 50 89
165 53 54
165 62 69
165 63 27
165 66 26
165 78 23
165 79 26
165 81 58
165 82 70
165 86 37
165 87 58
165 102 60
165 112 59
165 115 56
165 118 53
165 120 60
165 123 10
165 126 56
165 129 56
165 132 63
165 134 85
165 139 61
165 144 92
165 145 76
165 156 104
165 160 86
165 161 33
165 163 33
166 4 1
166 5 20
166 6 82
166 8 63
166 9 64
166 11 44
166 12 30
166 14 17
166 16 34
166 20 67
166 28 37
166 30 69
166 32 62
166 33 43
166 34 60
166 42 53
166 43 72
166 44 12
166 45 55
166 54 25
166 55 52
166 58 52
166 59 79
166 61 71
166 63 31
166 66 55
166 67 29
166 73 28
166 75 54
166 84 70
166 86 19
166 89 79
166 92 42
166 102 59
166 104 27
166 105 28
166 107 67
166 112 17
166 114 56
166 117 77
166 124 81
166 125 49
166 127 32
166 128 32
166 129 48
166 139 39
166 140 50
166 146 78
166 147 59
166 150 15
166 152 38
166 159 46
166 160 43
166 163 14
167 0 92
167 2 53
167 3 48
167 13 76
167 15 94
167 17 73
167 25 61
167 26 89
167 27 50
167 29 47
167 37 76
167 38 18
167 40 54
167 49 90
167 51 68
167 53 37
167 55 73
167 60 45
167 62 17
167 63 82
167 64 73
167 66 81
167 68 46
167 71 100
167 72 49
167 78 91
167 79 83
167 80 36
167 82 29
167 87 85
167 91 49
167 92 24
167 93 38
167 95 57
167 98 61
167 103 72
167 107 87
167 108 37
167 109 82
167 112 52
167 113 35
167 118 44
167 128 49
167 131 36
167 135 42
167 142 44
167 143 83
167 150 43
167 152 17
167 156 49
167 159 96
167 162 20
167 165 85
168 1 86
168 2 69
168 3 15
168 7 36
168 13 90
168 17 90
168 21 51
168 23 63
168 25 79
168 29 68
168 33 15
168 36 56
168 37 97
168 42 89
168 43 73
168 51 84
168 55 84
168 57 38
168 64 54
168 65 55
168 68 58
168 69 71
168 71 118
168 72 32
168 76 53
168 77 66
168 78 97
168 82 13
168 85 106
168 87 104
168 89 106
168 96 79
168 106 63
168 112 30
168 113 33
168 118 63
168 119 35
168 125 62
168 128 59
168 138 78
168 144 72
168 147 89
168 148 62
168 149 102
168 151 66
168 152 35
168 157 90
168 158 57
169 2 40
169 8 13
169 14 58
169 15 70
169 18 99
169 19 6
169 24 40
169 26 78
169 27 19
169 37 53
169 45 14
169 47 76
169 50 65
169 53 55
169 54 74
169 56 84
169 57 53
169 58 81
169 63 91
169 68 41
169 72 69
169 74 63
169 76 85
169 80 33
169 87 62
169 95 37
169 96 78
169 98 34
169 99 77
169 108 20
169 111 75
169 113 50
169 117 13
169 122 67
169 126 28
169 127 96
169 130 73
169 132 22
169 133 71
169 135 10
169 137 12
169 142 14
169 153 10
169 159 102
169 160 74
169 163 60
169 167 32
169 168 63
170 8 61
170 12 24
170 13 41
170 14 9
170 18 33
170 20 64
170 21 27
170 22 6
170 27 65
170 37 59
170 41 71
170 47 11
170 50 66
170 51 41
170 53 31
170 54 46
170 62 46
170 65 73
170 66 35
170 72 32
170 76 27
170 80 33
170 82 47
170 84 74
170 85 62
170 88 76
170 89 62
170 95 47
170 96 18
170 98 62
170 104 8
170 110 25
170 113 30
170 114 40
170 117 80
170 124 83
170 126 39
170 128 24
170 137 59
170 144 77
170 148 14
170 152 47
170 153 61
170 154 42
170 160 64
171 8 97
171 10 63
171 13 62
171 28 19
171 29 80
171 35 38
171 40 63
171 41 100
171 42 49
171 43 107
171 45 91
171 46 130
171 47 32
171 59 112
171 60 84
171 67 23
171 73 23
171 75 94
171 87 84
171 90 39
171 92 84
171 93 65
171 94 99
171 97 22
171 100 94
171 101 54
171 103 40
171 111 80
171 117 118
171 121 100
171 123 16
171 131 96
171 133 48
171 134 106
171 135 104
171 136 100
171 138 99
171 141 60
171 142 118
171 143 78
171 149 92
171 150 65
171 152 84
171 154 80
171 156 127
171 160 91
171 162 97
171 163 47
171 167 100
171 169 105
172 6 13
172 11 64
172 13 75
172 17 67
172 18 121
172 20 25
172 26 94
172 28 106
172 30 22
172 33 98
172 39 91
172 40 98
172 43 18
172 46 7
172 57 75
172 60 95
172 61 57
172 64 111
172 67 111
172 74 85
172 75 33
172 84 21
172 89 72
172 91 99
172 92 46
172 94 73
172 96 97
172 97 106
172 98 41
172 100 51
172 102 44
172 104 96
172 107 84
172 110 100
172 111 95
172 113 72
172 116 41
172 118 49
172 121 32
172 126 49
172 127 117
172 128 65
172 129 46
172 130 95
172 131 29
172 135 21
172 136 54
172 137 29
172 140 105
172 141 101
172 142 7
172 143 72
172 145 89
172 146 16
172 149 59
172 150 86
172 152 52
172 155 46
172 156 3
172 165 103
172 168 83
173 4 65
173 12 37
173 19 65
173 24 32
173 26 25
173 27 43
173 32 8
173 37 14
173 50 97
173 54 87
173 59 55
173 61 16
173 62 67
173 63 68
173 64 80
173 66 19
173 69 56
173 73 67
173 74 54
173 75 53
173 77 26
173 83 71
173 88 57
173 90 30
173 92 52
173 93 46
173 96 41
173 99 66
173 100 25
173 101 78
173 109 11
173 110 72
173 123 54
173 125 36
173 127 76
173 128 33
173 131 49
173 133 67
173 135 51
173 139 49
173 144 63
173 147 4
173 163 49
173 167 77
173 168 92
173 170 47
174 0 22
174 4 45
174 5 49
174 10 21
174 11 20
174 15 47
174 16 49
174 34 30
174 38 57
174 39 16
174 40 64
174 49 31
174 52 46
174 58 14
174 59 70
174 60 80
174 62 60
174 63 42
174 70 15
174 74 33
174 75 57
174 76 51
174 77 20
174 79 12
174 83 46
174 86 46
174 92 51
174 97 35
174 103 54
174 104 23
174 111 77
174 115 39
174 119 70
174 120 61
174 122 19
174 129 38
174 133 46
174 135 63
174 136 75
174 144 74
174 145 75
174 149 48
174 152 57
174 153 58
174 154 54
174 159 44
174 160 85
174 162 62
174 163 29
174 164 54
174 169 67
174 170 23
175 0 80
175 1 54
175 3 99
175 5 92
175 6 39
175 7 60
175 10 49
175 12 46
175 14 62
175 15 45
175 22 75
175 23 93
175 26 64
175 27 8
175 28 83
175 30 16
175 32 32
175 35 71
175 48 40
175 51 37
175 52 101
175 53 69
175 54 90
175 58 70
175 59 16
175 60 94
175 64 97
175 65 44
175 69 82
175 70 56
175 72 82
175 77 42
175 78 67
175 80 41
175 81 88
175 84 37
175 87 38
175 88 19
175 91 103
175 99 83
175 102 17
175 105 52
175 111 93
175 121 2
175 122 50
175 123 85
175 124 32
175 139 40
175 141 93
175 146 40
175 154 54
175 160 96
175 162 37
175 168 86
175 171 102
176 2 39
176 3 63
176 5 22
176 6 89
176 9 51
176 10 48
176 16 26
176 17 51
176 18 29
176 21 31
176 27 69
176 29 49
176 32 52
176 35 35
176 36 40
176 37 63
176 39 42
176 41 71
176 44 8
176 48 47
176 49 57
176 51 45
176 54 44
176 55 38
176 59 80
176 67 19
176 68 31
176 70 17
176 73 18
176 74 12
176 84 77
176 88 80
176 97 14
176 98 66
176 102 55
176 105 39
176 109 45
176 111 54
176 113 31
176 121 70
176 129 47
176 130 4
176 131 63
176 141 38
176 146 86
176 147 46
176 148 18
176 149 71
176 150 35
176 153 65
176 158 58
176 160 63
176 161 21
176 162 62
176 166 20
176 167 65
176 174 26
177 7 9
177 10 86
177 13 80
177 14 54
177 15 99
177 20 49
177 22 67
177 23 76
177 30 49
177 31 36
177 33 42
177 34 70
177 39 90
177 43 49
177 46 56
177 47 68
177 52 93
177 58 90
177 59 57
177 60 40
177 64 71
177 66 84
177 69 78
177 71 105
177 72 46
177 73 79
177 79 86
177 84 35
177 88 54
177 95 62
177 96 81
177 116 45
177 117 43
177 119 10
177 120 44
177 123 88
177 125 46
177 127 82
177 128 51
177 140 92
177 165 86
177 170 64
177 171 100
177 172 56
177 173 81
177 174 76
177 175 64
178 4 17
178 5 6
178 8 80
178 9 76
178 11 58
178 13 69
178 17 75
178 27 87
178 39 67
178 40 21
178 41 58
178 42 61
178 43 89
178 50 56
178 51 69
178 52 33
178 54 28
178 62 50
178 66 63
178 67 19
178 70 41
178 71 99
178 72 19
178 74 23
178 75 72
178 77 53
178 78 65
178 79 64
178 80 52
178 81 19
178 85 90
178 88 96
178 91 56
178 92 59
178 99 9
178 100 92
178 102 75
178 106 58
178 109 71
178 112 20
178 116 69
178 117 95
178 122 72
178 125 66
178 126 58
178 127 18
178 129 65
178 130 21
178 132 62
178 133 12
178 140 51
178 141 18
178 143 85
178 154 49
178 158 72
178 167 68
178 171 42
178 173 75
178 176 25
179 3 31
179 4 29
179 11 52
179 12 36
179 19 49
179 22 48
179 25 59
179 28 65
179 29 48
179 30 55
179 34 64
179 37 77
179 40 30
179 46 70
179 47 48
179 48 70
179 51 64
179 62 9
179 68 38
179 75 38
179 77 46
179 81 29
179 83 79
179 84 48
179 86 49
179 90 65
179 95 57
179 102 56
179 105 16
179 107 80
179 108 42
179 114 65
179 116 44
179 117 56
179 121 65
179 124 61
179 125 43
179 128 39
179 129 44
179 133 34
179 134 45
179 137 48
179 139 27
179 143 81
179 144 57
179 146 55
179 152 17
179 154 13
179 166 30
179 176 47
179 177 20
180 3 52
180 4 13
180 5 27
180 6 75
180 7 57
180 9 52
180 12 19
180 14 6
180 20 58
180 21 19
180 22 17
180 23 30
180 24 68
180 25 43
180 27 60
180 29 41
180 31 44
180 34 48
180 37 61
180 40 31
180 41 57
180 42 43
180 43 63
180 45 46
180 47 18
180 55 41
180 64 32
180 66 44
180 70 18
180 71 77
180 74 5
180 77 26
180 84 64
180 86 26
180 87 66
180 92 35
180 97 28
180 100 65
180 102 48
180 105 24
180 107 55
180 108 42
180 109 50
180 114 44
180 124 74
180 126 31
180 129 37
180 131 51
180 138 59
180 141 32
180 144 68
180 145 41
180 150 24
180 151 21
180 155 49
180 156 81
180 157 43
180 166 11
180 168 47
180 169 58
180 170 14
180 172 80
180 175 64
180 178 27
180 179 32
181 11 22
181 12 14
181 14 30
181 18 71
181 29 13
181 37 42
181 38 26
181 47 48
181 54 56
181 56 56
181 59 39
181 63 63
181 64 63
181 70 29
181 77 19
181 79 48
181 81 53
181 82 42
181 89 52
181 90 44
181 91 72
181 92 12
181 94 52
181 101 54
181 102 21
181 105 19
181 106 11
181 108 10
181 111 60
181 122 46
181 134 30
181 135 29
181 138 29
181 143 47
181 153 22
181 154 22
181 158 16
181 162 22
181 167 36
181 175 35
181 176 42
182 0 101
182 2 52
182 6 6
182 7 34
182 8 23
182 9 68
182 13 72
182 19 6
182 24 47
182 28 98
182 31 77
182 32 61
182 34 56
182 35 94
182 36 43
182 38 46
182 40 85
182 43 16
182 44 77
182 49 82
182 58 93
182 63 102
182 65 14
182 66 81
182 68 53
182 72 78
182 80 45
182 98 42
182 99 87
182 105 47
182 112 82
182 119 34
182 125 36
182 139 37
182 141 88
182 144 6
182 145 75
182 147 69
182 154 45
182 160 80
182 164 68
182 168 69
182 169 11
182 170 79
182 172 14
182 179 55
182 180 69
183 1 56
183 9 48
183 15 62
183 20 10
183 24 34
183 25 34
183 26 68
183 35 72
183 36 21
183 40 71
183 42 60
183 57 46
183 58 70
183 61 40
183 65 24
183 68 31
183 70 48
183 74 55
183 82 52
183 86 76
183 87 53
183 94 56
183 96 68
183 97 76
183 99 68
183 104 65
183 105 32
183 106 26
183 108 9
183 113 43
183 119 30
183 120 65
183 121 22
183 126 18
183 127 87
183 135 11
183 137 3
183 139 19
183 140 76
183 143 53
183 147 48
183 150 59
183 156 31
183 157 76
183 159 92
183 160 73
183 162 14
183 163 51
183 166 58
183 167 34
183 168 62
183 171 95
184 13 68
184 17 64
184 22 67
184 23 80
184 26 83
184 28 82
184 32 60
184 42 75
184 44 59
184 45 23
184 52 95
184 57 43
184 58 83
184 61 61
184 63 84
184 65 12
184 75 15
184 93 35
184 94 36
184 97 79
184 104 71
184 107 78
184 111 57
184 112 59
184 115 31
184 116 29
184 119 10
184 122 74
184 123 86
184 124 31
184 129 33
184 130 66
184 135 29
184 143 73
184 147 66
184 148 53
184 149 67
184 150 50
184 152 17
184 157 87
184 159 97
184 161 80
184 164 45
184 168 45
184 170 62
184 172 38
184 176 65
184 180 50
184 181 29
184 182 24
185 0 49
185 2 30
185 4 72
185 6 78
185 12 44
185 15 15
185 16 82
185 18 84
185 22 60
185 29 36
185 37 11
185 39 25
185 44 61
185 45 50
185 48 10
185 50 104
185 53 73
185 59 56
185 60 103
185 62 74
185 63 75
185 65 77
185 68 41
185 69 63
185 76 82
185 77 34
185 85 7
185 86 78
185 98 30
185 99 74
185 101 85
185 102 31
185 112 88
185 117 73
185 118 38
185 121 40
185 124 71
185 126 47
185 127 83
185 131 52
185 135 54
185 137 50
185 140 48
185 141 92
185 143 2
185 146 78
185 151 39
185 155 78
185 157 48
185 158 54
185 163 57
185 164 78
185 165 50
185 170 54
185 171 76
185 181 46
185 182 72
185 183 52
185 184 72
186 2 40
186 5 90
186 8 56
186 15 6
186 19 74
186 21 58
186 22 69
186 26 34
186 28 68
186 29 44
186 33 119
186 36 53
186 39 31
186 44 71
186 48 20
186 49 12
186 51 25
186 53 83
186 57 75
186 58 45
186 61 20
186 62 84
186 63 83
186 71 8
186 72 91
186 74 72
186 81 98
186 90 45
186 92 67
186 94 108
186 99 83
186 104 65
186 109 23
186 112 98
186 117 79
186 119 87
186 121 45
186 122 22
186 125 50
186 134 73
186 135 60
186 138 49
186 143 8
186 149 18
186 155 87
186 159 83
186 162 73
186 163 67
186 166 81
186 169 69
186 171 82
186 172 77
186 175 45
186 176 67
186 184 81
187 0 88
187 18 81
187 23 70
187 31 33
187 33 40
187 37 78
187 38 13
187 41 32
187 44 52
187 46 58
187 51 68
187 52 87
187 53 30
187 58 84
187 70 56
187 74 48
187 76 62
187 80 34
187 83 93
187 84 37
187 86 63
187 89 88
187 90 74
187 91 41
187 97 71
187 101 49
187 102 55
187 105 22
187 112 43
187 114 69
187 116 42
187 123 81
187 124 51
187 128 46
187 130 59
187 131 40
187 134 35
187 135 48
187 137 42
187 139 27
187 143 84
187 147 74
187 148 53
187 152 14
187 156 57
187 160 36
187 161 70
187 163 47
187 166 44
187 169 39
187 174 70
187 183 38
187 186 92
188 0 16
188 1 10
188 4 50
188 8 64
188 9 30
188 14 33
188 15 48
188 16 49
188 21 41
188 22 31
188 28 26
188 31 84
188 34 36
188 35 8
188 41 97
188 42 8
188 56 16
188 57 48
188 58 6
188 60 86
188 63 42
188 66 10
188 68 36
188 69 30
188 71 46
188 72 60
188 82 73
188 88 78
188 91 100
188 92 59
188 95 41
188 97 35
188 100 53
188 103 57
188 105 56
188 110 53
188 114 25
188 115 47
188 121 62
188 122 20
188 123 26
188 127 50
188 132 56
188 134 77
188 137 63
188 142 85
188 145 81
188 147 25
188 153 65
188 160 91
188 162 70
188 163 35
188 164 61
188 168 86
188 171 41
188 177 84
188 182 86
188 185 34
188 186 42
188 187 78
189 1 70
189 3 24
189 5 42
189 7 39
189 8 60
189 9 77
189 18 59
189 28 62
189 29 55
189 39 79
189 48 74
189 50 22
189 54 16
189 56 68
189 58 74
189 63 55
189 74 32
189 76 39
189 79 75
189 81 19
189 84 58
189 92 36
189 94 23
189 95 64
189 101 25
189 103 41
189 107 84
189 111 17
189 114 70
189 115 47
189 117 66
189 125 51
189 127 54
189 130 43
189 134 55
189 135 65
189 137 57
189 138 69
189 139 36
189 147 74
189 148 45
189 150 11
189 152 27
189 164 10
189 165 67
189 173 77
189 177 29
189 181 42
190 11 51
190 12 45
190 14 59
190 17 61
190 18 99
190 19 6
190 20 21
190 21 41
190 25 50
190 26 83
190 27 27
190 32 57
190 34 52
190 47 77
190 49 78
190 50 59
190 52 102
190 56 87
190 57 52
190 59 25
190 64 88
190 67 90
190 72 66
190 79 77
190 84 5
190 89 71
190 91 74
190 93 42
190 97 86
190 102 37
190 103 87
190 107 77
190 110 76
190 117 13
190 119 23
190 129 32
190 132 23
190 136 30
190 138 29
190 142 19
190 144 14
190 148 57
190 151 60
190 152 27
190 156 24
190 162 10
190 172 25
190 175 35
190 180 58
190 183 16
190 185 68
190 186 76
190 187 33
190 188 78
191 2 49
191 3 92
191 12 46
191 15 63
191 16 37
191 25 50
191 28 14
191 29 61
191 30 85
191 32 51
191 36 57
191 42 24
191 43 88
191 44 37
191 48 43
191 51 44
191 54 73
191 59 92
191 62 75
191 63 31
191 64 50
191 71 61
191 77 42
191 81 64
191 86 42
191 97 26
191 102 63
191 105 64
191 110 49
191 112 65
191 115 60
191 116 66
191 124 103
191 130 31
191 132 68
191 135 85
191 138 79
191 140 3
191 141 65
191 154 70
191 157 3
191 162 82
191 168 90
191 170 29
191 172 107
191 176 29
191 179 75
191 182 100
191 184 87
191 189 73
192 4 46
192 8 23
192 12 29
192 13 57
192 15 74
192 21 24
192 27 32
192 29 26
192 33 59
192 37 56
192 42 63
192 44 48
192 47 58
192 48 55
192 49 70
192 51 48
192 52 84
192 55 54
192 66 63
192 68 28
192 70 44
192 72 48
192 75 10
192 77 36
192 78 73
192 79 65
192 82 36
192 83 89
192 87 65
192 89 66
192 90 61
192 91 63
192 93 24
192 94 40
192 102 32
192 103 69
192 104 59
192 111 55
192 118 24
192 125 20
192 127 77
192 132 9
192 134 19
192 136 23
192 139 9
192 140 75
192 142 35
192 143 63
192 145 49
192 146 32
192 148 41
192 149 59
192 151 44
192 152 11
192 154 16
192 156 42
192 157 75
192 159 86
192 160 56
192 163 42
192 167 20
192 171 89
192 172 42
192 175 40
192 177 25
192 183 16
192 186 71
192 188 64
193 1 20
193 4 33
193 5 41
193 8 49
193 10 32
193 13 27
193 17 32
193 20 53
193 23 40
193 24 54
193 28 29
193 30 55
193 34 32
193 38 44
193 41 76
193 49 41
193 53 36
193 57 28
193 58 27
193 59 64
193 62 46
193 64 47
193 65 66
193 66 24
193 75 47
193 77 13
193 78 31
193 79 26
193 80 26
193 83 48
193 84 66
193 89 48
193 91 80
193 93 23
193 100 50
193 101 45
193 106 21
193 107 35
193 108 38
193 109 29
193 113 33
193 116 36
193 118 28
193 122 30
193 128 13
193 134 60
193 135 56
193 136 62
193 137 48
193 141 52
193 142 70
193 143 42
193 144 66
193 145 61
193 146 74
193 150 44
193 154 41
193 157 30
193 159 45
193 164 41
193 167 61
193 172 77
193 182 69
193 184 57
193 185 40
193 187 57
193 189 49
193 190 60
194 4 60
194 6 68
194 7 73
194 9 7
194 12 30
194 15 28
194 18 75
194 21 33
194 24 28
194 31 86
194 32 4
194 36 30
194 40 78
194 43 46
194 51 3
194 53 59
194 54 81
194 55 13
194 57 51
194 58 36
194 61 14
194 64 76
194 66 22
194 67 66
194 69 54
194 72 68
194 73 65
194 77 20
194 83 72
194 91 101
194 96 41
194 99 62
194 109 17
194 111 87
194 114 5
194 115 28
194 116 30
194 117 62
194 129 25
194 130 52
194 131 41
194 140 45
194 146 67
194 150 69
194 161 69
194 168 85
194 171 71
194 176 48
194 180 47
194 182 61
194 183 41
194 186 24
194 187 68
194 188 30
194 190 57
194 191 47
195 4 41
195 5 60
195 11 31
195 13 49
195 16 71
195 17 46
195 18 74
195 20 28
195 27 32
195 30 29
195 33 60
195 36 12
195 42 55
195 47 51
195 50 50
195 55 46
195 67 65
195 69 59
195 72 44
195 75 13
195 80 10
195 82 36
195 85 61
195 92 3
195 93 16
195 97 60
195 98 38
195 99 51
195 104 51
195 105 14
195 107 60
195 110 52
195 112 50
195 113 25
195 116 16
195 120 47
195 121 37
195 127 70
195 130 48
195 131 20
195 134 25
195 139 1
195 140 66
195 141 55
195 147 47
195 149 55
195 150 41
195 159 78
195 160 57
195 163 35
195 172 47
195 178 58
195 183 18
195 186 65
195 188 56
195 192 8
195 194 42
196 1 28
196 3 97
196 6 62
196 9 12
196 11 19
196 13 18
196 15 27
196 19 52
196 26 37
196 27 30
196 31 88
196 32 5
196 33 97
196 36 29
196 41 96
196 44 55
196 45 33
196 46 64
196 50 90
196 51 10
196 53 62
196 59 41
196 62 60
196 63 73
196 65 60
196 67 72
196 70 37
196 72 72
196 77 24
196 84 56
196 86 74
196 88 43
196 89 20
196 92 43
196 97 66
196 98 17
196 100 15
196 101 77
196 107 26
196 113 56
196 114 12
196 117 57
196 119 62
196 127 80
196 129 23
196 130 58
196 131 36
196 137 34
196 138 28
196 142 52
196 143 16
196 145 85
196 147 14
196 149 17
196 158 38
196 160 95
196 166 63
196 168 86
196 172 57
196 177 71
196 182 56
196 186 24
196 187 68
196 188 38
196 193 35
197 0 53
197 6 79
197 7 89
197 12 48
197 14 58
197 18 88
197 19 69
197 27 46
197 31 104
197 35 42
197 43 57
197 44 65
197 47 69
197 49 12
197 55 24
197 57 69
197 58 42
197 60 107
197 63 79
197 65 78
197 69 67
197 73 78
197 79 28
197 82 89
197 83 81
197 85 3
197 87 4
197 88 59
197 90 41
197 94 102
197 97 72
197 102 33
197 106 39
197 107 17
197 113 71
197 117 74
197 124 72
197 126 50
197 132 55
197 134 68
197 137 51
197 141 96
197 142 68
197 143 2
197 148 47
197 152 71
197 156 75
197 157 51
197 162 67
197 182 73
197 183 54
197 185 4
197 186 6
197 195 58
198 1 45
198 3 74
198 6 40
198 10 47
198 15 55
198 16 78
198 17 35
198 19 27
198 21 21
198 23 71
198 26 57
198 32 32
198 35 61
198 38 33
198 42 49
198 46 46
198 47 57
198 52 81
198 53 44
198 58 59
198 61 33
198 67 71
198 69 63
198 70 37
198 73 70
198 74 46
198 75 14
198 76 69
198 79 50
198 85 48
198 87 46
198 89 48
198 94 58
198 97 66
198 98 24
198 113 38
198 114 34
198 116 1
198 117 34
198 121 23
198 125 3
198 128 24
198 130 54
198 135 20
198 139 15
198 140 65
198 141 68
198 143 44
198 150 54
198 152 27
198 153 13
198 165 62
198 168 62
198 170 48
198 174 45
198 175 25
198 180 41
198 182 33
198 184 28
198 192 18
198 196 28
199 3 65
199 4 23
199 5 27
199 6 85
199 17 46
199 20 64
199 24 68
199 25 41
199 31 58
199 40 42
199 44 10
199 51 40
199 55 33
199 56 23
199 58 30
199 59 76
199 61 57
199 68 27
199 72 33
199 74 13
199 77 26
199 78 37
199 79 35
199 81 39
199 86 25
199 87 61
199 88 76
199 101 34
199 102 50
199 103 32
199 109 41
199 112 39
199 119 61
199 125 45
199 126 39
199 128 23
199 132 46
199 134 68
199 136 64
199 139 42
199 141 41
199 143 55
199 145 55
199 147 41
199 151 15
199 160 65
199 164 35
199 168 62
199 172 88
199 175 68
199 179 47
199 181 38
199 186 62
199 187 58
199 192 51
199 193 14
199 196 49
