200 5970
-1
33 71 71
58 94 76
15 73 79
37 19 92
2 48 80
64 15 72
36 63 92
33 28 100
99 20 86
16 59 88
75 0 83
50 90 100
24 75 89
62 15 81
61 64 91
72 48 86
94 68 95
25 12 96
63 50 90
29 76 86
6 66 75
82 88 77
98 56 80
60 60 88
47 0 80
30 14 87
82 62 86
67 24 94
52 73 89
40 17 98
67 12 85
64 17 97
24 14 81
31 27 75
68 94 74
82 30 93
22 74 84
77 73 87
46 9 96
53 73 92
98 58 98
14 65 72
80 87 76
25 61 97
51 49 98
63 68 74
5 95 87
57 71 70
33 94 99
82 30 81
36 2 100
78 35 73
18 58 70
22 12 72
7 73 93
69 42 94
8 29 84
86 58 86
44 62 96
25 5 71
90 12 72
39 46 74
76 84 90
89 30 86
53 48 97
97 80 72
3 35 78
78 78 73
73 100 78
36 86 88
49 22 99
26 91 86
8 21 86
50 35 80
94 17 94
56 66 71
96 97 90
44 16 97
20 99 76
93 37 78
89 80 98
83 12 96
71 0 86
81 75 98
8 23 78
78 31 77
46 40 91
97 96 91
65 30 91
85 98 99
24 59 98
97 54 86
84 40 76
13 71 91
23 26 91
91 89 77
47 57 99
18 35 92
83 93 80
0 93 94
42 5 76
29 75 82
29 83 83
19 25 74
83 79 97
2 21 86
33 15 86
81 61 95
84 45 75
29 100 88
25 91 86
82 68 90
55 45 71
67 20 83
16 51 80
74 83 99
16 86 98
89 9 92
99 12 77
33 78 86
93 20 99
27 50 78
91 16 78
32 71 75
84 37 82
29 84 96
42 82 76
60 20 73
32 42 77
30 97 91
7 52 79
87 3 82
51 92 98
43 19 88
51 22 78
66 43 76
43 94 88
43 59 76
69 54 79
91 92 87
39 61 91
28 15 97
11 97 75
58 97 92
15 49 88
39 44 89
66 66 78
38 54 73
3 11 70
26 1 93
32 55 90
13 2 82
82 4 87
93 8 94
47 73 92
59 88 73
26 77 76
85 0 90
41 40 74
34 9 92
34 68 94
4 70 82
80 43 83
47 36 86
91 77 84
93 44 90
14 77 83
1 19 86
69 38 75
12 97 76
77 73 75
54 95 75
43 75 80
36 30 90
15 1 91
100 41 76
50 40 89
48 4 76
23 34 71
69 17 88
44 97 93
34 14 72
60 56 85
75 27 82
79 20 93
56 0 100
91 17 74
58 73 95
5 10 83
1 63 87
1 56 84
98 57 95
99 11 71
66 46 85
80 5 100
51 63 79
63 94 77
86 39 81
68 21 93
34 48 90
-1
2 0 18
3 0 52
4 1 72
4 2 28
7 2 48
7 5 33
8 1 84
9 1 54
9 2 14
9 4 17
10 0 82
11 2 38
11 4 63
11 5 76
11 7 64
11 10 93
12 0 9
12 1 38
12 2 9
12 7 47
12 9 17
12 11 30
13 2 74
13 7 31
13 11 75
13 12 71
14 6 25
14 8 58
14 9 45
14 12 38
15 5 33
15 13 34
16 2 79
16 3 75
16 7 72
16 10 70
16 12 70
16 15 29
17 1 88
17 4 42
17 7 17
17 8 74
17 12 63
17 13 37
17 15 59
17 16 88
18 1 44
18 6 29
18 7 37
18 16 35
18 17 53
19 10 88
19 11 25
20 0 27
20 2 11
20 10 95
20 11 50
20 14 55
21 0 51
21 1 24
21 5 75
21 7 77
21 15 41
21 17 95
21 19 54
21 20 79
22 2 84
22 5 53
22 9 82
22 11 58
22 20 92
22 21 35
23 3 47
23 6 24
23 14 4
23 15 16
24 0 72
24 3 21
24 4 65
24 6 63
24 12 78
24 14 65
24 16 82
24 17 25
24 21 94
24 22 75
25 2 60
25 12 61
25 16 83
25 21 90
26 0 49
26 3 62
26 6 46
26 7 59
26 9 66
26 13 51
26 18 22
26 23 22
27 2 71
27 4 69
27 6 49
27 9 61
27 13 10
27 14 40
27 16 51
27 17 43
27 23 36
27 25 38
28 2 37
28 4 55
28 10 76
28 12 28
28 23 15
28 25 62
28 27 51
29 0 54
29 1 79
29 2 61
29 4 49
29 7 13
29 19 60
29 20 59
29 22 69
29 28 57
30 1 82
30 2 80
30 4 74
30 6 59
30 7 37
30 13 5
30 15 36
30 16 62
30 18 38
30 20 81
30 22 53
30 25 37
30 28 62
30 29 27
31 8 35
31 10 20
31 11 74
31 16 59
31 20 75
31 21 73
31 22 51
31 23 43
31 24 24
31 27 7
32 3 13
32 7 16
32 9 45
32 11 80
32 12 61
32 13 38
32 21 94
32 23 58
33 4 35
33 6 36
33 7 2
33 11 65
33 12 48
33 16 75
33 17 16
33 23 43
33 24 31
33 27 36
33 29 13
33 31 34
34 1 10
34 4 80
34 8 80
34 9 62
34 10 94
34 11 18
34 12 47
34 13 79
34 18 44
34 19 42
34 21 15
34 26 34
34 27 70
34 31 77
34 32 91
35 3 46
35 4 82
35 5 23
35 7 49
35 10 30
35 12 73
35 13 25
35 16 39
35 20 84
35 24 46
35 30 23
35 31 22
35 33 51
36 8 94
36 15 56
36 16 72
36 17 62
36 21 61
36 27 67
36 31 70
36 32 60
37 0 44
37 2 62
37 6 42
37 7 62
37 8 57
37 10 73
37 12 53
37 15 25
37 17 80
37 25 75
37 28 25
37 35 43
38 13 17
38 15 46
38 26 64
38 28 64
38 30 21
38 33 23
38 35 41
38 37 71
39 0 20
39 1 21
39 3 56
39 8 70
39 12 29
39 17 67
39 20 47
39 23 14
39 25 63
39 26 31
39 31 57
39 34 25
39 35 51
40 1 53
40 3 72
40 5 54
40 8 38
40 14 37
40 16 10
40 19 71
40 22 2
40 23 38
40 25 80
40 30 55
40 31 53
40 33 73
41 1 52
41 3 51
41 4 20
41 5 70
41 11 43
41 12 14
41 16 80
41 24 72
41 29 54
41 31 69
41 32 51
41 33 41
41 34 61
42 5 73
42 7 75
42 9 69
42 14 29
42 17 93
42 18 40
42 20 76
42 22 35
42 26 25
42 27 64
42 29 80
42 30 76
42 32 92
42 35 57
42 37 14
42 38 85
43 5 60
43 7 33
43 8 84
43 9 9
43 10 78
43 12 14
43 15 48
43 16 69
43 19 15
43 25 47
43 26 57
43 33 34
43 34 54
43 37 53
43 39 30
44 1 45
44 2 43
44 3 33
44 8 56
44 10 54
44 12 37
44 18 12
44 21 49
44 25 40
44 33 29
44 34 48
44 37 35
44 39 24
44 41 40
44 42 47
45 2 48
45 3 55
45 5 53
45 6 27
45 12 39
45 20 57
45 21 27
45 27 44
45 28 12
45 32 66
45 33 52
45 34 26
45 36 41
45 38 61
45 39 11
46 4 47
46 13 98
46 20 29
46 22 100
46 23 65
46 24 103
46 26 83
46 28 51
46 33 72
46 36 27
46 42 75
47 10 73
47 13 56
47 14 8
47 17 67
47 20 51
47 23 11
47 24 71
47 31 54
47 36 35
47 39 4
47 45 6
48 1 25
48 8 99
48 11 17
48 15 60
48 17 82
48 21 49
48 22 75
48 23 43
48 25 80
48 29 77
48 32 80
48 33 67
48 39 29
48 40 74
48 43 33
48 46 28
49 0 63
49 1 68
49 2 79
49 3 46
49 5 23
49 7 49
49 10 30
49 11 68
49 13 25
49 16 39
49 25 54
49 26 32
49 34 65
49 44 36
50 3 17
50 5 30
50 9 60
50 10 39
50 12 73
50 14 66
50 15 58
50 26 75
50 30 32
50 32 16
50 34 97
50 35 53
50 36 73
50 37 81
50 40 83
50 44 49
51 3 44
51 5 24
51 6 50
51 8 25
51 15 14
51 18 21
51 31 22
51 33 47
51 35 6
51 43 59
51 44 30
51 46 94
51 47 41
52 0 19
52 3 43
52 4 18
52 17 46
52 18 45
52 21 70
52 27 59
52 33 33
52 34 61
52 35 69
52 38 56
52 41 8
52 42 68
52 44 34
52 46 39
52 47 41
52 49 69
52 50 58
53 4 41
53 8 77
53 10 54
53 11 82
53 17 3
53 19 64
53 20 56
53 22 87
53 23 61
53 30 45
53 32 2
53 41 53
53 44 47
53 46 84
53 47 68
53 52 46
54 1 55
54 4 25
54 5 81
54 15 69
54 21 76
54 39 46
54 45 56
54 47 50
54 48 33
54 50 76
54 52 18
55 0 46
55 1 53
55 6 39
55 10 42
55 12 55
55 13 27
55 24 47
55 26 23
55 30 30
55 36 56
55 37 32
55 40 33
55 44 19
55 46 83
55 49 17
55 54 69
56 0 48
56 1 82
56 2 44
56 4 19
56 8 91
56 9 31
56 13 55
56 14 63
56 20 37
56 27 59
56 39 62
56 42 92
56 46 66
56 48 69
56 53 22
57 0 54
57 4 84
57 8 40
57 9 70
57 12 64
57 16 12
57 19 59
57 21 30
57 29 61
57 32 76
57 33 63
57 37 17
57 55 23
57 56 83
58 1 34
58 2 31
58 4 44
58 8 69
58 9 28
58 11 28
58 12 23
58 23 16
58 29 45
58 33 37
58 38 53
58 39 14
58 42 43
58 47 15
58 51 43
58 53 54
58 55 32
58 56 48
59 2 68
59 4 48
59 6 59
59 7 24
59 11 88
59 13 38
59 14 69
59 21 100
59 22 89
59 25 10
59 31 40
59 32 9
59 36 69
59 38 21
59 43 56
59 45 73
59 50 11
59 53 7
59 57 80
60 1 88
60 3 53
60 4 95
60 11 87
60 13 28
60 14 59
60 15 40
60 17 65
60 26 50
60 30 23
60 31 26
60 33 60
60 38 44
60 40 46
60 42 75
60 54 103
60 55 36
61 6 17
61 11 45
61 12 32
61 13 38
61 22 59
61 26 45
61 28 29
61 29 29
61 31 38
61 34 56
61 35 45
61 39 30
61 40 60
61 41 31
61 42 57
61 43 20
61 51 40
61 52 24
61 57 48
62 0 44
62 2 61
62 4 82
62 7 70
62 13 70
62 14 25
62 19 47
62 26 22
62 29 76
62 30 72
62 31 68
62 39 25
62 41 64
62 43 55
62 45 20
62 48 44
62 50 91
62 59 94
62 60 73
63 2 85
63 4 88
63 9 78
63 14 44
63 19 75
63 24 51
63 29 50
63 32 66
63 34 67
63 37 44
63 38 47
63 43 71
63 44 42
63 45 46
63 46 106
63 49 7
63 52 76
63 54 92
64 2 45
64 3 33
64 5 34
64 10 52
64 12 39
64 16 45
64 17 45
64 23 13
64 28 25
64 34 48
64 37 34
64 41 42
64 46 67
64 52 36
64 54 52
64 55 17
64 58 16
64 63 40
65 6 63
65 7 82
65 8 60
65 9 83
65 12 73
65 16 12
65 17 99
65 18 45
65 20 92
65 21 17
65 31 71
65 32 98
65 44 55
65 51 48
65 52 82
65 55 47
65 59 103
66 0 46
66 5 64
66 6 43
66 7 30
66 8 97
66 12 45
66 18 61
66 19 48
66 22 97
66 24 56
66 26 83
66 34 87
66 37 83
66 40 97
66 41 31
66 43 34
66 50 46
66 51 75
66 54 38
66 56 7
66 58 49
66 62 87
67 6 44
67 8 61
67 10 78
67 11 30
67 26 16
67 27 55
67 31 62
67 34 18
67 40 28
67 41 65
67 44 39
67 53 86
67 59 90
67 66 86
68 6 52
68 7 82
68 15 52
68 18 50
68 23 42
68 27 76
68 28 34
68 32 98
68 35 70
68 36 57
68 38 94
68 40 48
68 46 68
68 51 65
68 52 69
68 54 71
68 56 96
68 57 43
68 66 95
69 1 23
69 2 24
69 4 50
69 8 91
69 10 94
69 14 33
69 19 12
69 20 36
69 21 46
69 22 68
69 25 72
69 30 80
69 33 59
69 36 18
69 37 43
69 38 77
69 48 8
69 49 72
69 52 33
69 55 55
69 56 63
69 58 25
70 1 72
70 5 16
70 7 17
70 8 50
70 9 49
70 11 68
70 14 43
70 19 57
70 28 51
70 30 20
70 31 15
70 36 58
70 37 58
70 45 48
70 46 85
70 47 49
70 49 33
70 51 31
70 54 66
70 60 42
70 61 26
70 65 75
70 66 47
70 68 81
71 4 49
71 7 63
71 8 101
71 9 33
71 19 15
71 24 93
71 28 31
71 31 83
71 33 64
71 38 84
71 39 32
71 41 28
71 44 48
71 47 36
71 51 76
71 61 46
71 67 53
71 68 47
71 69 11
71 70 72
72 0 55
72 4 27
72 6 50
72 9 38
72 10 70
72 12 56
72 13 54
72 18 62
72 22 96
72 23 65
72 27 59
72 36 54
72 41 44
72 42 97
72 43 43
72 46 74
72 54 52
72 56 8
72 58 54
72 63 81
72 64 52
72 66 14
72 68 102
72 69 70
73 4 49
73 9 41
73 16 55
73 19 46
73 20 53
73 23 26
73 25 29
73 34 61
73 36 48
73 44 14
73 46 75
73 47 36
73 48 61
73 50 35
73 52 39
73 63 39
73 66 47
73 68 68
73 70 13
73 72 44
74 0 81
74 5 30
74 6 74
74 11 85
74 14 57
74 15 38
74 22 39
74 23 54
74 25 64
74 32 70
74 35 17
74 36 91
74 49 17
74 51 24
74 55 35
74 58 67
74 63 13
74 66 92
74 68 85
75 0 23
75 1 28
75 2 41
75 3 50
75 4 56
75 8 62
75 11 24
75 12 33
75 15 24
75 18 17
75 23 7
75 24 66
75 26 26
75 27 43
75 31 49
75 32 61
75 39 7
75 41 42
75 43 31
75 47 5
75 52 38
75 54 49
75 56 60
75 61 26
75 64 18
75 65 43
75 68 38
75 71 39
75 74 62
76 2 84
76 4 106
76 5 88
76 9 88
76 10 99
76 25 106
76 26 37
76 36 77
76 38 101
76 40 39
76 44 65
76 48 63
76 50 112
76 52 87
76 63 67
76 64 65
76 70 88
76 72 116
77 0 56
77 1 79
77 8 55
77 14 50
77 15 42
77 32 20
77 33 17
77 34 81
77 42 79
77 54 67
77 56 38
77 57 59
77 60 46
77 65 83
77 67 70
77 76 96
78 0 30
78 3 81
78 5 94
78 10 113
78 11 31
78 24 102
78 25 85
78 28 41
78 29 84
78 35 92
78 38 93
78 41 34
78 48 13
78 50 98
78 51 86
78 55 75
78 57 77
78 60 111
78 62 57
78 63 97
78 65 79
78 68 53
78 73 70
78 75 48
78 77 86
79 1 66
79 5 36
79 6 62
79 8 18
79 10 41
79 12 78
79 15 23
79 17 72
79 21 52
79 23 40
79 31 35
79 37 39
79 46 105
79 50 66
79 54 93
79 55 24
79 56 85
79 59 75
79 62 49
79 64 41
79 67 43
79 68 66
79 71 86
79 72 86
79 73 43
79 74 20
79 75 47
80 1 34
80 5 69
80 15 36
80 16 13
80 19 60
80 23 35
80 28 37
80 38 83
80 40 23
80 44 49
80 49 50
80 50 94
80 51 46
80 60 68
80 67 11
80 68 25
80 69 53
80 76 18
80 79 43
81 0 77
81 1 85
81 4 88
81 17 58
81 19 83
81 20 94
81 23 53
81 27 20
81 31 19
81 32 59
81 34 83
81 40 48
81 43 75
81 44 48
81 45 59
81 50 48
81 54 97
81 62 72
81 68 88
81 74 12
82 0 80
82 2 92
82 4 84
82 5 16
82 7 47
82 11 92
82 12 88
82 27 24
82 33 48
82 36 88
82 37 73
82 39 75
82 42 87
82 43 76
82 47 72
82 48 101
82 57 59
82 59 46
82 64 51
82 67 78
82 68 100
82 72 66
82 75 67
82 77 31
83 1 29
83 2 66
83 4 83
83 10 75
83 11 34
83 15 28
83 26 13
83 34 23
83 36 59
83 42 12
83 50 85
83 54 74
83 57 17
83 61 51
83 63 45
83 73 50
83 77 69
83 80 9
84 0 54
84 6 48
84 7 25
84 9 36
84 11 79
84 12 54
84 14 67
84 16 97
84 24 45
84 31 56
84 35 74
84 38 40
84 39 67
84 44 50
84 46 72
84 48 75
84 49 74
84 53 17
84 67 89
84 70 41
84 71 70
84 79 86
84 80 99
85 5 21
85 7 45
85 9 68
85 10 31
85 15 18
85 16 40
85 19 66
85 21 57
85 23 34
85 25 50
85 26 31
85 31 19
85 32 56
85 34 63
85 39 48
85 40 33
85 45 39
85 46 97
85 48 77
85 51 4
85 57 28
85 63 11
85 64 30
85 69 69
85 71 79
85 73 28
85 75 41
86 3 22
86 9 35
86 14 28
86 15 27
86 16 55
86 17 35
86 28 33
86 29 23
86 30 35
86 32 34
86 35 37
86 39 33
86 40 55
86 42 58
86 43 29
86 45 32
86 48 55
86 49 37
86 52 33
86 54 51
86 63 44
86 66 43
86 68 65
86 80 58
87 0 68
87 5 87
87 9 89
87 13 88
87 16 28
87 18 57
87 20 95
87 23 51
87 26 37
87 31 85
87 35 67
87 40 38
87 41 88
87 42 19
87 43 80
87 49 67
87 51 63
87 57 39
87 60 84
87 61 76
87 62 24
87 64 65
87 65 16
87 66 112
87 71 71
87 75 50
87 77 95
87 79 59
87 83 26
88 0 52
88 1 64
88 2 65
88 5 15
88 13 15
88 15 19
88 17 43
88 18 20
88 19 58
88 43 50
88 44 23
88 49 17
88 51 13
88 54 72
88 58 38
88 61 30
88 62 55
88 66 62
88 68 70
88 69 63
88 71 72
88 74 31
88 77 25
88 78 82
88 80 55
88 81 25
88 86 21
88 87 73
89 0 58
89 1 27
89 9 79
89 10 98
89 15 51
89 20 85
89 25 100
89 44 59
89 50 107
89 52 78
89 54 81
89 55 58
89 56 103
89 58 54
89 59 110
89 61 69
89 65 21
89 69 50
89 74 81
89 77 91
89 80 18
89 81 86
89 82 98
89 87 12
89 88 70
90 0 15
90 2 16
90 3 42
90 9 8
90 10 77
90 12 16
90 13 58
90 23 36
90 30 63
90 33 32
90 34 56
90 35 64
90 38 54
90 42 62
90 46 40
90 48 36
90 49 64
90 54 22
90 55 48
90 56 34
90 64 31
90 70 44
90 78 40
91 0 66
91 2 84
91 13 52
91 14 37
91 21 37
91 22 2
91 23 37
91 24 73
91 26 17
91 27 42
91 29 67
91 33 71
91 39 47
91 40 4
91 45 36
91 49 28
91 51 26
91 52 79
91 54 91
91 55 30
91 59 87
91 61 58
91 62 36
91 63 25
91 69 68
91 71 80
91 72 94
91 76 43
91 77 65
92 0 59
92 2 76
92 3 51
92 5 32
92 8 25
92 11 60
92 19 65
92 23 31
92 27 23
92 30 32
92 31 30
92 33 54
92 35 10
92 40 22
92 41 74
92 45 35
92 46 96
92 50 61
92 51 7
92 52 68
92 56 76
92 57 18
92 59 68
92 61 45
92 62 44
92 65 42
92 78 87
92 81 28
92 83 35
93 1 50
93 3 57
93 8 99
93 11 41
93 20 8
93 21 71
93 23 48
93 25 59
93 26 69
93 28 39
93 31 74
93 35 80
93 38 70
93 41 6
93 42 68
93 44 43
93 50 72
93 56 42
93 58 32
93 59 67
93 61 36
93 62 64
93 63 86
93 67 65
93 68 66
93 78 28
93 82 91
93 88 66
94 1 76
94 6 39
94 8 76
94 9 33
94 10 58
94 13 40
94 16 82
94 17 14
94 21 85
94 22 80
94 28 55
94 29 19
94 30 46
94 53 14
94 54 49
94 57 70
94 61 25
94 63 66
94 70 26
94 74 71
94 78 73
94 79 70
94 83 75
94 87 101
94 89 95
94 92 62
94 93 46
95 4 97
95 5 78
95 9 80
95 12 68
95 13 79
95 14 39
95 24 99
95 28 42
95 30 80
95 35 59
95 40 31
95 41 80
95 42 11
95 43 71
95 44 56
95 45 35
95 47 38
95 54 85
95 58 54
95 61 67
95 63 59
95 65 10
95 68 21
95 70 79
95 74 72
95 75 41
95 80 9
95 83 17
95 84 106
95 85 59
95 86 66
95 87 9
95 89 10
96 5 45
96 6 12
96 11 33
96 13 44
96 16 48
96 19 26
96 36 30
96 38 48
96 41 33
96 47 17
96 51 38
96 55 26
96 56 48
96 58 5
96 59 56
96 64 10
96 67 37
96 69 31
96 70 35
96 72 53
96 73 22
96 75 12
96 78 49
96 81 57
96 84 51
96 86 17
96 91 50
96 93 36
96 95 54
97 1 71
97 7 16
97 15 55
97 18 47
97 19 42
97 21 83
97 27 50
97 29 28
97 35 64
97 38 38
97 41 30
97 42 80
97 45 55
97 46 61
97 47 53
97 50 37
97 51 60
97 53 23
97 59 30
97 63 71
97 64 37
97 70 33
97 78 64
97 79 75
97 81 68
97 82 63
97 86 28
97 87 99
97 88 47
97 93 36
98 0 54
98 8 74
98 20 81
98 23 40
98 26 31
98 27 70
98 34 15
98 42 6
98 45 32
98 46 78
98 47 34
98 54 78
98 60 81
98 68 12
98 71 57
98 72 103
98 73 66
98 77 86
98 82 93
98 91 41
98 93 73
98 97 87
99 5 100
99 7 72
99 8 123
99 9 37
99 14 67
99 15 84
99 20 27
99 23 68
99 24 104
99 27 96
99 29 85
99 30 105
99 33 72
99 36 29
99 40 104
99 42 80
99 45 67
99 71 26
99 76 96
99 84 70
99 87 97
99 89 85
99 90 41
99 91 104
99 92 99
99 94 70
99 95 91
99 96 59
100 0 66
100 1 90
100 6 58
100 10 33
100 32 20
100 34 92
100 38 5
100 40 77
100 41 66
100 45 66
100 46 97
100 48 89
100 51 46
100 62 86
100 63 53
100 64 44
100 66 49
100 67 81
100 68 99
100 72 37
100 74 53
100 75 62
100 77 11
100 83 80
100 89 102
100 91 73
100 97 38
100 98 97
101 0 5
101 3 56
101 4 38
101 5 69
101 8 89
101 9 20
101 12 5
101 14 33
101 15 50
101 20 24
101 21 54
101 23 34
101 25 61
101 26 54
101 34 43
101 47 28
101 49 69
101 50 73
101 55 51
101 56 50
101 57 59
101 59 70
101 63 75
101 64 36
101 65 68
101 70 56
101 72 57
101 78 25
101 79 74
101 80 60
101 87 71
101 98 56
101 100 71
102 1 31
102 2 17
102 3 64
102 7 55
102 8 94
102 12 9
102 14 37
102 18 47
102 24 84
102 28 25
102 33 56
102 36 11
102 44 40
102 51 68
102 54 24
102 55 57
102 57 62
102 59 78
102 64 42
102 71 8
102 73 52
102 74 92
102 77 68
102 85 71
102 91 73
102 92 69
102 93 20
102 100 79
102 101 8
103 2 48
103 5 46
103 11 72
103 13 44
103 15 57
103 17 14
103 18 50
103 19 51
103 22 84
103 29 22
103 31 45
103 37 75
103 41 40
103 42 86
103 43 36
103 56 11
103 61 29
103 63 70
103 65 95
103 66 18
103 67 79
103 81 65
103 84 11
103 87 105
103 89 98
103 97 10
103 102 58
104 0 50
104 2 68
104 3 75
104 7 71
104 13 67
104 19 54
104 20 78
104 22 27
104 24 86
104 26 17
104 30 68
104 37 8
104 39 30
104 41 70
104 44 43
104 49 49
104 53 90
104 56 90
104 57 21
104 60 67
104 64 43
104 69 47
104 75 29
104 79 43
104 81 67
104 82 79
104 86 53
104 87 22
104 88 52
104 95 12
104 97 78
104 101 54
104 102 54
105 1 92
105 2 53
105 4 27
105 5 62
105 6 54
105 10 75
105 12 58
105 15 75
105 18 67
105 20 45
105 28 72
105 30 65
105 32 23
105 34 98
105 35 80
105 36 56
105 38 45
105 39 72
105 40 102
105 42 102
105 43 46
105 46 74
105 47 74
105 50 38
105 53 21
105 55 70
105 57 91
105 60 88
105 63 87
105 65 111
105 69 73
105 70 47
105 72 6
105 74 92
105 75 70
105 76 120
105 78 80
105 79 92
105 83 95
105 87 121
105 91 100
105 92 84
105 94 21
105 95 112
105 97 21
105 104 99
106 2 60
106 4 45
106 5 31
106 10 44
106 12 60
106 13 29
106 14 56
106 15 51
106 24 20
106 29 7
106 30 34
106 33 12
106 35 51
106 38 14
106 39 61
106 45 60
106 50 13
106 53 11
106 54 63
106 55 45
106 56 28
106 58 48
106 59 12
106 65 91
106 74 61
106 76 103
106 77 11
106 79 63
106 82 40
106 83 76
106 84 26
106 87 103
106 93 59
107 10 61
107 11 42
107 13 49
107 14 20
107 16 14
107 23 21
107 27 39
107 32 73
107 36 60
107 48 58
107 49 31
107 51 26
107 52 63
107 53 76
107 57 5
107 59 79
107 63 32
107 72 83
107 84 82
107 88 34
107 94 67
107 97 68
107 98 32
107 102 56
107 103 71
107 106 66
108 1 55
108 4 82
108 5 36
108 7 53
108 9 69
108 11 56
108 14 29
108 17 67
108 18 21
108 25 62
108 30 37
108 33 55
108 37 28
108 42 42
108 44 33
108 45 31
108 46 93
108 47 37
108 48 70
108 52 67
108 54 81
108 56 77
108 58 43
108 60 33
108 68 56
108 69 63
108 70 41
108 71 74
108 73 35
108 76 53
108 80 35
108 81 33
108 82 46
108 83 30
108 86 38
108 88 24
108 92 5
108 96 38
108 102 66
108 104 34
109 1 29
109 10 110
109 18 60
109 19 24
109 22 81
109 28 35
109 31 90
109 32 86
109 34 39
109 37 55
109 38 92
109 39 36
109 43 39
109 54 34
109 56 74
109 58 40
109 60 107
109 63 92
109 68 44
109 74 105
109 79 89
109 80 63
109 81 103
109 83 57
109 84 79
109 86 62
109 87 68
109 100 95
109 103 75
110 1 33
110 3 72
110 8 102
110 13 84
110 15 63
110 16 72
110 17 79
110 21 57
110 22 80
110 23 46
110 24 93
110 32 77
110 34 43
110 35 83
110 39 33
110 41 28
110 42 55
110 43 30
110 46 20
110 51 77
110 52 33
110 58 34
110 68 48
110 69 12
110 71 1
110 73 61
110 78 9
110 79 86
110 81 98
110 83 58
110 86 55
110 90 32
110 91 80
110 96 40
110 100 87
110 102 8
110 103 66
110 107 63
111 3 66
111 5 55
111 10 68
111 16 12
111 17 79
111 18 26
111 20 76
111 23 23
111 24 76
111 27 46
111 29 66
111 30 57
111 38 69
111 40 18
111 41 68
111 50 80
111 52 64
111 53 82
111 54 75
111 55 29
111 56 83
111 58 38
111 61 48
111 62 17
111 65 19
111 73 45
111 77 64
111 80 13
111 84 86
111 86 45
111 89 30
111 96 36
111 100 74
111 103 76
111 106 72
111 107 7
111 110 61
112 2 48
112 3 31
112 9 41
112 10 49
112 12 43
112 15 17
112 16 45
112 17 44
112 18 9
112 24 45
112 25 39
112 31 29
112 32 43
112 35 30
112 38 37
112 39 28
112 40 44
112 42 48
112 45 24
112 49 30
112 50 47
112 51 25
112 52 39
112 53 46
112 54 55
112 56 49
112 61 16
112 62 44
112 65 54
112 66 52
112 72 52
112 80 48
112 82 47
112 87 66
112 88 18
112 91 42
112 94 37
112 98 55
112 102 46
112 104 44
112 106 37
112 111 35
113 1 74
113 2 74
113 9 64
113 11 72
113 12 69
113 13 7
113 15 28
113 16 55
113 17 42
113 20 76
113 24 28
113 25 37
113 30 8
113 31 4
113 36 70
113 38 23
113 45 48
113 46 97
113 50 35
113 54 80
113 55 22
113 61 38
113 62 64
113 63 24
113 65 67
113 66 65
113 67 59
113 68 80
113 69 72
113 73 22
113 74 27
113 75 47
113 79 31
113 86 29
113 87 81
113 89 80
113 91 45
113 92 26
113 93 74
113 94 44
113 97 51
113 101 66
113 105 65
113 108 30
113 109 88
114 7 28
114 9 8
114 15 56
114 18 47
114 20 18
114 22 82
114 24 59
114 27 57
114 29 41
114 32 37
114 36 23
114 39 43
114 42 73
114 43 13
114 44 35
114 45 49
114 47 45
114 50 52
114 54 23
114 57 70
114 58 30
114 60 83
114 62 68
114 65 86
114 67 67
114 70 43
114 72 31
114 74 85
114 75 42
114 76 92
114 77 44
114 78 48
114 80 78
114 84 29
114 86 31
114 87 92
114 88 53
114 89 83
114 91 81
114 95 84
114 96 31
114 97 16
114 101 27
114 102 34
114 109 50
114 110 41
114 111 68
114 113 59
115 1 19
115 4 80
115 7 68
115 8 67
115 10 83
115 15 35
115 16 25
115 17 86
115 19 45
115 23 26
115 30 71
115 32 85
115 33 70
115 34 12
115 35 53
115 36 52
115 43 53
115 47 20
115 50 89
115 54 67
115 58 36
115 60 72
115 66 85
115 67 6
115 70 65
115 80 15
115 82 83
115 84 89
115 86 51
115 87 26
115 89 18
115 92 44
115 101 45
115 103 79
115 104 9
115 108 39
115 112 42
115 114 66
116 0 22
116 1 42
116 5 85
116 7 60
116 12 13
116 13 84
116 14 50
116 15 67
116 21 66
116 24 91
116 28 38
116 40 86
116 41 21
116 49 86
116 51 80
116 52 28
116 58 36
116 59 81
116 60 104
116 66 52
116 67 62
116 68 58
116 69 20
116 71 11
116 72 65
116 73 61
116 76 80
116 80 73
116 82 102
116 87 81
116 89 70
116 92 82
116 94 60
116 97 51
116 98 67
116 99 17
116 101 17
116 102 13
116 103 61
116 106 73
116 108 79
116 110 10
116 111 68
116 112 56
117 2 97
117 3 52
117 11 89
117 12 92
117 18 48
117 20 100
117 22 47
117 26 53
117 27 26
117 29 49
117 32 65
117 33 60
117 37 65
117 42 78
117 44 55
117 45 64
117 47 69
117 52 86
117 53 67
117 67 69
117 71 103
117 73 46
117 78 113
117 82 20
117 83 66
117 84 82
117 86 53
117 90 82
117 91 45
117 93 98
117 97 75
117 103 71
117 106 56
117 110 104
117 111 59
117 112 49
117 113 24
118 2 103
118 3 62
118 5 35
118 6 81
118 8 8
118 9 95
118 13 37
118 14 64
118 15 45
118 19 94
118 21 77
118 22 44
118 25 69
118 33 69
118 34 87
118 42 77
118 45 66
118 55 42
118 59 74
118 60 9
118 63 20
118 64 58
118 66 98
118 67 69
118 68 91
118 70 50
118 79 25
118 80 68
118 81 16
118 83 65
118 84 91
118 86 59
118 96 68
118 104 68
118 105 97
118 107 52
118 110 108
118 112 55
118 115 75
118 117 10
119 0 7
119 1 29
119 5 70
119 6 15
119 12 9
119 13 69
119 17 66
119 19 4
119 24 79
119 25 64
119 32 64
119 34 38
119 36 11
119 38 70
119 43 18
119 49 68
119 57 56
119 61 32
119 70 58
119 72 62
119 75 25
119 76 65
119 81 82
119 83 48
119 85 65
119 87 66
119 91 68
119 96 25
119 98 52
119 99 36
119 100 73
119 106 63
119 107 50
119 110 15
119 111 50
119 113 67
120 7 60
120 15 35
120 16 48
120 21 68
120 23 51
120 29 53
120 30 27
120 31 29
120 32 69
120 38 48
120 44 51
120 55 32
120 59 69
120 61 59
120 65 60
120 72 85
120 78 107
120 81 12
120 82 29
120 83 56
120 86 51
120 95 69
120 97 76
120 98 73
120 101 84
120 102 89
120 107 42
121 3 32
121 6 15
121 10 69
121 14 36
121 16 69
121 20 26
121 26 56
121 30 55
121 31 49
121 33 23
121 34 60
121 35 58
121 36 24
121 38 45
121 42 64
121 43 11
121 45 40
121 48 44
121 49 58
121 61 12
121 68 67
121 69 37
121 70 35
121 71 41
121 73 27
121 74 74
121 76 83
121 78 49
121 79 67
121 88 42
121 89 75
121 93 25
121 97 17
121 99 50
121 107 55
121 110 41
121 113 50
121 117 74
121 120 72
122 0 79
122 1 84
122 3 54
122 12 89
122 13 29
122 17 66
122 18 44
122 19 86
122 20 98
122 21 72
122 25 61
122 26 46
122 28 69
122 31 27
122 32 67
122 34 81
122 40 42
122 45 59
122 49 16
122 52 84
122 56 84
122 59 66
122 64 49
122 66 90
122 67 63
122 70 42
122 71 99
122 75 61
122 80 64
122 81 8
122 82 25
122 92 25
122 93 95
122 97 75
122 98 77
122 99 119
122 102 91
122 103 72
122 111 52
122 112 46
122 114 82
122 116 102
123 4 37
123 5 64
123 7 43
123 13 63
123 14 29
123 15 46
123 18 37
123 20 26
123 21 52
123 24 72
123 27 58
123 28 20
123 30 68
123 35 64
123 36 10
123 53 59
123 56 48
123 68 50
123 75 24
123 76 69
123 77 56
123 79 69
123 81 77
123 84 53
123 85 60
123 87 69
123 93 19
123 95 61
123 96 20
123 97 38
123 99 38
123 101 5
123 104 51
123 113 61
123 114 25
123 116 21
123 119 7
124 2 77
124 5 29
124 7 51
124 10 38
124 20 83
124 21 51
124 24 52
124 28 48
124 29 48
124 37 36
124 47 43
124 48 76
124 50 59
124 53 66
124 61 45
124 62 47
124 63 8
124 70 38
124 71 79
124 76 61
124 77 45
124 85 8
124 89 61
124 101 66
124 106 55
124 107 24
124 112 30
124 113 24
124 114 69
124 118 29
124 119 65
124 121 58
124 123 62
125 3 65
125 6 22
125 7 56
125 10 95
125 15 56
125 16 66
125 26 57
125 34 40
125 36 12
125 39 26
125 40 73
125 43 23
125 49 75
125 51 69
125 52 28
125 55 58
125 59 79
125 61 39
125 66 55
125 67 49
125 73 53
125 74 93
125 77 69
125 81 90
125 83 52
125 85 72
125 87 69
125 90 25
125 92 70
125 104 54
125 108 67
125 109 16
125 112 46
125 115 45
125 119 7
125 124 72
126 0 14
126 1 20
126 4 52
126 8 84
126 9 34
126 11 11
126 19 14
126 20 39
126 21 40
126 25 69
126 36 21
126 41 32
126 44 34
126 45 25
126 46 39
126 48 15
126 50 80
126 57 50
126 59 78
126 63 70
126 64 35
126 73 47
126 79 68
126 82 86
126 83 39
126 89 45
126 101 14
126 103 61
126 104 41
126 106 67
126 108 55
126 111 42
126 113 66
126 114 40
126 115 32
126 118 90
126 122 82
127 2 69
127 7 28
127 8 39
127 10 25
127 14 44
127 19 64
127 22 52
127 31 5
127 32 36
127 40 53
127 46 93
127 47 51
127 48 78
127 50 30
127 57 46
127 60 31
127 66 58
127 70 11
127 71 78
127 72 52
127 74 34
127 75 46
127 78 88
127 81 24
127 82 22
127 85 21
127 88 11
127 90 53
127 91 50
127 92 31
127 95 75
127 96 39
127 97 44
127 99 94
127 101 63
127 103 41
127 104 63
127 105 58
127 108 34
127 109 85
127 114 53
127 116 79
127 117 31
127 118 39
127 120 33
127 123 58
128 0 29
128 2 35
128 6 21
128 7 14
128 11 51
128 12 33
128 13 40
128 18 32
128 19 34
128 23 33
128 25 28
128 26 53
128 33 15
128 36 33
128 40 67
128 41 29
128 43 20
128 54 39
128 61 8
128 70 26
128 73 19
128 75 33
128 79 61
128 84 30
128 85 47
128 92 52
128 94 18
128 96 21
128 97 15
128 99 60
128 104 63
128 105 36
128 108 52
128 109 58
128 110 49
128 111 56
128 112 23
128 113 41
128 115 58
128 118 73
128 121 9
128 122 64
128 125 42
129 2 28
129 3 78
129 5 88
129 6 34
129 10 106
129 13 88
129 15 64
129 18 57
129 19 21
129 20 39
129 22 79
129 26 62
129 30 92
129 34 38
129 39 33
129 42 50
129 46 25
129 49 84
129 50 95
129 59 92
129 67 51
129 72 79
129 77 82
129 83 55
129 90 38
129 92 78
129 95 61
129 97 63
129 101 22
129 104 55
129 107 62
129 109 3
129 114 48
129 118 109
129 122 101
129 127 82
130 0 32
130 2 22
130 3 44
130 6 31
130 13 66
130 21 83
130 23 53
130 26 75
130 30 72
130 35 78
130 40 91
130 42 80
130 43 20
130 46 43
130 50 57
130 52 12
130 55 62
130 56 23
130 57 79
130 58 38
130 59 50
130 61 32
130 66 17
130 76 99
130 85 74
130 89 90
130 91 90
130 96 40
130 97 20
130 99 41
130 100 58
130 102 38
130 104 80
130 105 31
130 110 42
130 111 76
130 120 91
130 121 20
130 123 31
131 8 20
131 10 12
131 14 66
131 15 47
131 21 85
131 22 54
131 23 63
131 28 78
131 30 21
131 32 63
131 35 27
131 39 77
131 44 58
131 52 88
131 56 83
131 59 62
131 66 89
131 67 75
131 68 98
131 72 81
131 79 34
131 82 16
131 89 95
131 91 51
131 95 86
131 97 76
131 98 90
131 101 92
131 107 58
131 120 18
131 122 13
131 124 34
131 128 67
131 129 109
132 1 7
132 15 48
132 27 69
132 30 81
132 32 82
132 33 68
132 34 17
132 36 34
132 38 83
132 39 19
132 41 45
132 43 40
132 45 26
132 52 47
132 53 85
132 58 30
132 59 90
132 60 89
132 69 16
132 73 57
132 75 26
132 79 69
132 80 39
132 93 43
132 95 40
132 97 65
132 101 27
132 104 34
132 114 53
132 117 91
132 118 93
132 120 83
132 121 48
132 123 28
132 125 23
132 126 13
132 127 72
132 129 21
133 2 60
133 5 21
133 7 13
133 8 56
133 14 48
133 20 59
133 21 79
133 26 58
133 27 24
133 29 3
133 38 10
133 39 54
133 40 67
133 41 54
133 45 52
133 47 53
133 48 75
133 49 40
133 53 22
133 55 34
133 57 58
133 64 30
133 72 35
133 77 3
133 84 35
133 98 84
133 101 57
133 104 72
133 111 62
133 113 24
133 116 72
133 123 53
133 128 25
133 130 48
134 2 62
134 5 14
134 6 43
134 7 18
134 8 48
134 11 68
134 14 43
134 15 33
134 16 62
134 18 30
134 20 62
134 22 58
134 26 50
134 27 16
134 29 12
134 33 20
134 34 73
134 35 32
134 37 57
134 41 56
134 44 27
134 58 40
134 61 26
134 66 49
134 67 62
134 72 43
134 78 83
134 82 29
134 88 16
134 91 56
134 102 64
134 104 65
134 108 40
134 110 73
134 115 65
134 120 42
134 128 27
135 5 28
135 9 52
135 13 28
135 14 21
135 16 37
135 23 18
135 27 19
135 29 36
135 30 31
135 32 51
135 33 38
135 37 31
135 42 46
135 43 44
135 53 53
135 54 66
135 56 59
135 64 13
135 66 63
135 67 37
135 68 57
135 72 62
135 75 25
135 76 61
135 79 27
135 81 35
135 91 32
135 92 18
135 93 59
135 97 48
135 98 52
135 99 82
135 100 44
135 101 48
135 103 50
135 104 39
135 105 67
135 107 23
135 111 29
135 112 11
135 117 41
135 122 36
135 130 59
135 133 33
135 134 25
136 1 15
136 2 35
136 3 75
136 13 81
136 16 57
136 20 46
136 21 39
136 22 66
136 23 38
136 31 79
136 44 45
136 47 26
136 50 92
136 51 68
136 54 41
136 57 56
136 61 48
136 65 55
136 66 71
136 67 38
136 69 10
136 73 59
136 75 30
136 86 54
136 87 54
136 88 67
136 90 39
136 95 48
136 102 17
136 106 79
136 113 77
136 121 46
136 125 17
136 128 53
136 131 101
136 135 55
137 2 31
137 3 40
137 9 27
137 12 24
137 19 22
137 21 48
137 25 46
137 26 39
137 28 16
137 35 48
137 36 25
137 37 36
137 41 29
137 42 46
137 43 18
137 44 12
137 45 21
137 48 36
137 56 46
137 57 43
137 64 14
137 73 25
137 74 66
137 75 14
137 78 46
137 91 54
137 94 38
137 95 56
137 99 54
137 103 41
137 105 55
137 112 18
137 113 45
137 114 28
137 116 38
137 120 63
137 123 16
137 126 23
137 128 20
137 131 71
137 132 33
137 134 37
138 2 57
138 5 39
138 8 45
138 13 39
138 14 12
138 15 6
138 16 28
138 17 60
138 26 15
138 28 25
138 31 37
138 32 60
138 36 51
138 50 61
138 52 51
138 59 65
138 62 30
138 69 45
138 70 37
138 72 69
138 73 26
138 78 66
138 79 29
138 82 54
138 83 24
138 84 68
138 87 50
138 89 46
138 91 28
138 96 22
138 97 54
138 106 53
138 108 17
138 110 57
138 113 34
138 120 41
138 124 22
138 125 50
138 127 35
138 132 42
138 134 36
139 0 61
139 2 78
139 5 81
139 8 72
139 15 47
139 16 24
139 23 44
139 27 72
139 29 90
139 32 102
139 37 23
139 43 72
139 45 36
139 46 86
139 49 62
139 53 105
139 57 34
139 59 109
139 60 80
139 61 69
139 62 17
139 63 62
139 65 13
139 66 104
139 70 81
139 74 75
139 75 43
139 82 94
139 84 107
139 86 68
139 93 80
139 95 3
139 97 92
139 107 32
139 110 66
139 115 19
139 116 75
139 122 76
139 123 62
139 131 89
139 132 40
139 133 87
139 134 80
139 137 58
140 2 26
140 6 3
140 9 23
140 13 51
140 21 50
140 22 59
140 23 21
140 25 47
140 33 34
140 38 52
140 51 46
140 52 21
140 56 44
140 57 47
140 60 70
140 62 43
140 64 19
140 67 42
140 68 51
140 69 25
140 72 50
140 77 45
140 79 59
140 84 49
140 97 33
140 100 56
140 105 54
140 107 42
140 111 43
140 113 49
140 119 18
140 120 67
140 132 33
140 133 42
140 136 33
140 137 4
141 1 84
141 2 59
141 3 9
141 7 13
141 8 71
141 15 55
141 16 84
141 22 81
141 25 2
141 26 71
141 28 62
141 31 36
141 32 4
141 36 59
141 37 75
141 38 18
141 42 88
141 45 63
141 46 83
141 54 61
141 55 49
141 56 24
141 61 32
141 62 84
141 65 94
141 68 96
141 70 22
141 71 76
141 79 68
141 81 55
141 84 21
141 85 52
141 86 30
141 88 39
141 90 44
141 96 46
141 98 95
141 99 82
141 100 17
141 102 68
141 110 76
141 112 40
141 113 39
141 114 37
141 115 82
141 117 61
141 118 71
141 119 63
141 123 56
141 129 82
141 130 42
141 133 15
141 134 24
141 135 47
141 138 56
141 140 47
142 4 49
142 6 42
142 9 38
142 10 116
142 11 39
142 12 25
142 18 70
142 19 27
142 20 31
142 32 84
142 35 97
142 37 70
142 40 95
142 44 62
142 45 59
142 46 6
142 48 22
142 49 97
142 52 39
142 61 58
142 63 102
142 64 64
142 67 69
142 69 27
142 75 54
142 76 85
142 78 9
142 79 101
142 80 79
142 86 66
142 90 40
142 95 80
142 96 53
142 100 97
142 103 72
142 107 78
142 114 46
142 118 122
142 123 33
142 124 94
142 127 91
142 130 45
142 131 120
142 137 49
143 0 36
143 2 49
143 3 80
143 8 87
143 10 98
143 14 33
143 19 35
143 21 25
143 26 42
143 30 85
143 34 10
143 38 88
143 41 54
143 43 48
143 44 48
143 50 97
143 57 48
143 58 37
143 59 97
143 61 54
143 62 22
143 67 27
143 68 15
143 69 24
143 72 90
143 74 87
143 75 31
143 84 89
143 85 68
143 87 39
143 92 62
143 102 32
143 103 81
143 104 30
143 105 94
143 106 85
143 107 42
143 111 37
143 123 36
143 126 21
143 131 98
143 132 8
143 138 44
144 2 24
144 10 77
144 11 53
144 12 27
144 13 58
144 14 48
144 17 38
144 33 27
144 36 25
144 39 44
144 43 15
144 62 70
144 63 76
144 73 37
144 74 85
144 75 44
144 76 94
144 77 43
144 81 77
144 82 74
144 83 70
144 85 65
144 88 53
144 89 85
144 94 24
144 101 29
144 102 36
144 103 24
144 104 74
144 105 30
144 107 67
144 112 40
144 115 68
144 119 34
144 120 83
144 123 27
144 125 37
144 126 42
144 129 50
144 135 51
144 137 29
144 138 54
144 140 26
144 142 48
145 0 27
145 2 37
145 3 25
145 4 37
145 5 38
145 7 17
145 11 47
145 15 33
145 17 34
145 19 33
145 21 61
145 23 26
145 26 46
145 37 47
145 42 59
145 43 22
145 46 61
145 52 25
145 53 36
145 54 43
145 56 34
145 70 24
145 72 38
145 86 8
145 88 29
145 90 21
145 91 58
145 99 62
145 101 32
145 105 43
145 107 45
145 108 45
145 110 49
145 126 38
145 132 49
145 138 31
145 143 56
145 144 24
146 2 51
146 3 55
146 4 66
146 5 51
146 16 28
146 19 38
146 29 55
146 35 39
146 37 13
146 39 14
146 44 22
146 54 59
146 55 24
146 59 73
146 62 20
146 68 34
146 69 36
146 70 47
146 74 56
146 77 54
146 80 26
146 94 58
146 99 71
146 108 27
146 111 16
146 114 52
146 115 18
146 121 42
146 123 34
146 124 34
146 128 41
146 131 66
146 133 52
146 135 23
146 136 36
146 140 27
146 142 63
147 0 17
147 1 44
147 2 29
147 4 36
147 5 46
147 9 22
147 11 37
147 12 25
147 13 45
147 18 25
147 19 23
147 22 60
147 26 44
147 32 42
147 38 45
147 42 53
147 43 14
147 44 13
147 49 50
147 51 44
147 56 39
147 66 39
147 70 33
147 79 57
147 81 61
147 82 63
147 85 46
147 89 64
147 95 63
147 97 27
147 102 30
147 103 34
147 106 39
147 112 19
147 121 11
147 127 40
147 131 70
147 132 40
147 136 40
147 138 31
147 139 65
147 142 50
147 144 23
147 145 10
147 146 30
148 5 61
148 6 61
148 9 49
148 10 72
148 12 67
148 14 78
148 15 78
148 19 70
148 21 110
148 27 65
148 28 79
148 29 37
148 32 21
148 34 105
148 37 96
148 46 84
148 47 80
148 51 78
148 55 72
148 58 65
148 62 103
148 63 88
148 68 113
148 75 76
148 79 93
148 80 110
148 84 13
148 90 52
148 91 103
148 92 86
148 97 28
148 101 69
148 102 76
148 103 21
148 105 10
148 106 30
148 108 87
148 112 62
148 115 101
148 117 86
148 118 96
148 119 73
148 122 88
148 123 66
148 125 77
148 127 57
148 134 49
148 135 70
148 136 92
148 137 62
148 138 78
148 140 61
148 143 102
149 0 70
149 3 21
149 13 38
149 17 11
149 18 61
149 20 68
149 25 13
149 38 21
149 42 101
149 44 54
149 46 96
149 48 93
149 49 63
149 52 57
149 54 74
149 58 63
149 59 4
149 62 96
149 64 54
149 78 98
149 83 92
149 85 60
149 89 113
149 91 88
149 99 95
149 100 16
149 102 82
149 104 96
149 105 31
149 107 81
149 111 87
149 112 52
149 113 45
149 115 95
149 117 63
149 118 73
149 120 69
149 124 68
149 130 54
149 131 61
149 132 94
149 133 24
149 135 58
149 136 94
149 137 60
149 138 68
149 139 111
149 141 14
149 143 101
150 0 16
150 9 16
150 13 50
150 14 30
150 17 43
150 22 66
150 24 57
150 27 46
150 29 38
150 36 21
150 38 48
150 43 9
150 45 33
150 47 29
150 51 50
150 54 30
150 57 54
150 58 13
150 59 50
150 65 69
150 66 35
150 67 51
150 68 60
150 71 36
150 72 41
150 74 72
150 75 26
150 78 45
150 90 8
150 92 54
150 97 24
150 100 50
150 101 20
150 108 52
150 109 45
150 112 25
150 113 49
150 122 70
150 127 44
150 134 38
150 139 69
150 142 46
151 9 57
151 11 95
151 12 73
151 15 74
151 17 15
151 18 69
151 22 100
151 23 74
151 26 91
151 34 107
151 40 101
151 47 81
151 48 94
151 50 23
151 52 56
151 55 68
151 59 12
151 60 77
151 64 60
151 65 114
151 68 114
151 71 89
151 73 49
151 80 108
151 82 58
151 86 50
151 87 126
151 88 59
151 98 114
151 99 91
151 101 74
151 102 82
151 104 104
151 105 21
151 110 89
151 114 49
151 116 84
151 124 79
151 131 74
151 138 76
151 144 47
151 145 49
152 0 83
152 5 21
152 12 91
152 13 22
152 14 63
152 15 45
152 17 57
152 21 84
152 29 43
152 35 26
152 38 36
152 39 74
152 40 56
152 44 54
152 45 66
152 48 102
152 54 101
152 55 40
152 56 78
152 58 69
152 59 57
152 60 11
152 64 52
152 65 77
152 67 74
152 73 44
152 78 113
152 79 34
152 83 71
152 91 52
152 95 85
152 109 109
152 115 79
152 118 18
152 120 19
152 128 62
152 130 89
152 134 35
152 135 42
152 139 88
152 141 55
152 142 117
152 143 96
152 144 80
152 146 64
153 2 101
153 3 57
153 5 29
153 7 63
153 8 13
153 10 19
153 11 92
153 15 45
153 17 68
153 18 51
153 22 48
153 24 46
153 26 55
153 28 76
153 32 69
153 33 64
153 38 47
153 43 86
153 44 58
153 45 67
153 53 71
153 54 107
153 59 68
153 60 5
153 65 72
153 66 93
153 67 71
153 73 50
153 76 89
153 84 86
153 87 88
153 91 46
153 100 51
153 101 92
153 103 75
153 104 71
153 108 38
153 111 61
153 125 99
153 127 35
153 131 7
153 135 44
153 136 99
153 143 95
153 144 88
153 149 67
153 150 77
153 152 11
154 0 14
154 1 23
154 9 34
154 10 78
154 13 59
154 17 64
154 22 53
154 25 61
154 30 64
154 33 48
154 37 30
154 48 25
154 54 40
154 56 58
154 62 31
154 69 17
154 70 51
154 71 27
154 80 42
154 81 70
154 87 55
154 90 26
154 91 53
154 94 52
154 99 51
154 113 56
154 114 38
154 115 28
154 131 80
154 133 54
154 134 51
154 135 35
154 137 14
154 139 47
154 141 61
154 148 76
154 150 23
154 153 79
155 0 31
155 4 69
155 7 65
155 15 42
155 18 38
155 24 88
155 27 64
155 28 16
155 29 73
155 30 76
155 31 71
155 34 10
155 37 23
155 41 50
155 43 43
155 45 20
155 48 26
155 49 62
155 51 56
155 54 54
155 55 47
155 56 77
155 62 17
155 63 65
155 65 38
155 66 77
155 68 18
155 69 23
155 70 66
155 71 33
155 75 22
155 76 38
155 82 88
155 87 38
155 91 50
155 93 49
155 94 71
155 96 33
155 99 59
155 104 25
155 105 87
155 106 77
155 107 34
155 108 49
155 109 32
155 116 43
155 117 84
155 118 85
155 119 27
155 120 76
155 122 78
155 124 56
155 125 30
155 129 30
155 131 89
155 134 66
155 136 17
155 137 33
155 141 79
155 147 39
155 149 93
155 154 19
156 1 36
156 10 91
156 12 2
156 16 68
156 20 22
156 23 38
156 29 61
156 30 76
156 32 63
156 34 45
156 37 51
156 39 27
156 40 74
156 43 16
156 49 73
156 52 20
156 55 55
156 58 23
156 60 91
156 64 39
156 65 71
156 68 52
156 70 59
156 71 14
156 76 72
156 77 63
156 79 78
156 87 73
156 88 61
156 89 62
156 91 74
156 102 6
156 103 52
156 104 57
156 107 57
156 108 66
156 109 23
156 114 27
156 117 92
156 118 97
156 123 8
156 131 95
156 136 24
156 137 24
156 140 20
156 141 62
156 144 30
156 152 92
157 2 101
157 5 25
157 10 10
157 17 61
157 19 94
157 28 80
157 32 62
157 36 97
157 37 73
157 42 87
157 44 59
157 45 71
157 48 107
157 51 35
157 52 88
157 54 106
157 57 58
157 62 84
157 64 57
157 67 78
157 70 42
157 76 97
157 80 80
157 81 12
157 84 80
157 87 96
157 90 84
157 91 55
157 92 40
157 94 67
157 100 43
157 101 93
157 106 54
157 107 61
157 114 85
157 116 110
157 117 9
157 119 93
157 126 92
157 129 111
157 130 93
157 131 3
157 132 98
157 133 46
157 136 102
157 141 58
157 142 122
157 154 82
157 155 91
158 0 32
158 4 39
158 5 33
158 7 14
158 8 61
158 13 32
158 14 31
158 16 59
158 20 43
158 30 38
158 31 32
158 33 16
158 35 42
158 38 31
158 39 35
158 41 36
158 42 61
158 43 26
158 55 28
158 60 56
158 62 56
158 70 19
158 71 53
158 74 57
158 78 62
158 85 38
158 86 5
158 88 26
158 92 43
158 96 18
158 97 23
158 100 35
158 103 26
158 105 43
158 115 54
158 122 55
158 124 43
158 128 9
158 132 52
158 133 21
158 143 59
158 146 36
158 151 47
158 153 61
159 0 62
159 3 10
159 7 19
159 9 53
159 13 28
159 16 84
159 19 67
159 20 63
159 22 79
159 23 57
159 30 33
159 32 11
159 34 91
159 35 52
159 38 12
159 42 90
159 45 65
159 48 85
159 51 51
159 55 48
159 62 85
159 66 40
159 69 77
159 72 28
159 80 89
159 83 81
159 97 30
159 100 8
159 107 70
159 115 84
159 117 55
159 132 84
159 134 21
159 136 85
159 141 8
159 142 90
159 150 46
159 151 22
159 154 65
159 155 82
159 157 51
159 158 31
160 4 37
160 14 27
160 17 56
160 18 34
160 23 27
160 28 18
160 29 51
160 35 61
160 39 19
160 41 20
160 43 11
160 48 26
160 49 61
160 52 18
160 54 27
160 59 63
160 64 27
160 70 48
160 71 24
160 72 53
160 76 68
160 78 34
160 79 66
160 80 56
160 81 74
160 87 68
160 88 49
160 90 13
160 91 64
160 95 60
160 102 15
160 107 47
160 111 48
160 115 42
160 117 80
160 119 10
160 120 76
160 121 19
160 122 77
160 123 3
160 128 26
160 132 29
160 139 61
160 141 53
160 150 13
160 153 84
160 154 13
160 155 32
160 158 28
161 0 29
161 4 22
161 9 16
161 10 99
161 13 79
161 17 61
161 23 56
161 26 78
161 31 80
161 32 59
161 33 50
161 34 68
161 36 18
161 37 73
161 45 59
161 49 87
161 50 75
161 51 81
161 55 70
161 56 41
161 58 40
161 59 68
161 60 103
161 69 35
161 73 57
161 74 104
161 76 95
161 84 47
161 89 85
161 96 44
161 97 37
161 102 28
161 108 83
161 109 39
161 113 80
161 115 71
161 116 20
161 119 30
161 120 102
161 127 75
161 130 18
161 134 67
161 135 67
161 138 66
161 149 72
161 151 68
161 157 107
162 3 49
162 5 32
162 8 29
162 10 43
162 14 28
162 17 63
162 20 77
162 21 45
162 25 57
162 28 41
162 32 63
162 33 51
162 34 52
162 35 13
162 36 65
162 51 8
162 52 63
162 57 16
162 58 40
162 60 32
162 73 31
162 77 45
162 84 74
162 88 19
162 92 5
162 97 62
162 99 94
162 102 64
162 103 63
162 104 36
162 105 81
162 106 54
162 116 77
162 118 36
162 120 26
162 121 53
162 122 29
162 126 54
162 127 30
162 128 48
162 137 40
162 139 50
162 144 65
162 145 41
162 146 26
162 151 78
162 152 39
162 153 37
163 0 37
163 1 59
163 2 48
163 4 46
163 7 16
163 9 38
163 20 50
163 22 54
163 27 23
163 28 37
163 29 20
163 36 45
163 41 43
163 46 72
163 48 59
163 50 35
163 51 31
163 53 34
163 55 22
163 61 12
163 62 56
163 63 42
163 66 44
163 67 52
163 68 69
163 73 3
163 76 78
163 77 20
163 78 68
163 84 41
163 88 18
163 90 32
163 91 53
163 93 48
163 98 67
163 105 47
163 110 59
163 112 12
163 114 34
163 119 44
163 121 24
163 122 48
163 129 63
163 134 14
163 140 26
163 141 28
163 146 35
163 147 20
163 161 54
164 1 37
164 5 67
164 9 77
164 11 43
164 22 22
164 25 87
164 28 39
164 31 65
164 34 28
164 38 81
164 40 20
164 41 77
164 44 48
164 47 34
164 48 60
164 50 93
164 51 43
164 55 41
164 61 60
164 75 36
164 77 77
164 84 99
164 90 69
164 96 48
164 97 84
164 106 84
164 107 18
164 108 32
164 109 66
164 122 61
164 123 59
164 124 40
164 126 49
164 129 64
164 132 42
164 134 68
164 136 50
164 137 51
164 143 38
164 145 61
164 152 73
164 154 44
164 155 33
165 0 65
165 2 83
165 3 61
165 5 41
165 13 42
165 30 41
165 32 75
165 41 81
165 43 70
165 46 101
165 50 70
165 54 90
165 55 24
165 57 15
165 59 78
165 72 88
165 73 43
165 77 56
165 79 7
165 81 33
165 83 33
165 97 75
165 100 64
165 103 76
165 107 20
165 111 26
165 112 38
165 114 77
165 118 32
165 126 63
165 130 86
165 133 55
165 135 27
165 138 26
165 140 56
165 145 54
165 155 55
165 156 74
165 157 44
165 159 68
165 161 92
165 162 13
165 164 33
166 0 19
166 1 47
166 2 4
166 14 48
166 17 65
166 22 86
166 23 49
166 24 83
166 28 38
166 34 56
166 40 86
166 45 49
166 53 65
166 55 65
166 57 74
166 59 72
166 62 62
166 63 88
166 69 23
166 70 65
166 74 100
166 75 43
166 77 67
166 80 75
166 81 94
166 88 69
166 90 20
166 94 51
166 96 38
166 97 42
166 103 52
166 104 69
166 112 52
166 113 77
166 120 97
166 121 29
166 123 18
166 128 39
166 129 25
166 130 25
166 133 64
166 138 59
166 142 20
166 145 41
166 148 66
166 154 33
166 162 74
167 3 36
167 5 63
167 9 42
167 12 60
167 15 76
167 16 105
167 17 25
167 22 103
167 25 29
167 28 74
167 31 63
167 35 81
167 36 58
167 42 104
167 47 76
167 49 81
167 64 59
167 65 113
167 66 16
167 67 97
167 71 76
167 74 93
167 76 122
167 78 82
167 82 72
167 88 64
167 91 102
167 99 74
167 102 69
167 103 18
167 106 32
167 109 85
167 110 75
167 114 35
167 116 68
167 117 88
167 131 87
167 133 42
167 136 85
167 137 58
167 146 80
167 147 50
167 151 20
167 152 82
167 154 70
167 156 63
167 163 49
168 1 57
168 5 23
168 7 37
168 10 38
168 12 58
168 14 27
168 16 39
168 21 51
168 22 34
168 29 35
168 33 39
168 37 35
168 38 37
168 40 35
168 45 30
168 53 53
168 58 34
168 65 50
168 68 62
168 73 19
168 74 32
168 75 30
168 77 33
168 80 46
168 82 38
168 84 62
168 85 11
168 86 23
168 87 64
168 90 49
168 91 32
168 101 54
168 102 60
168 104 43
168 107 25
168 109 73
168 110 68
168 117 35
168 118 39
168 125 60
168 129 70
168 132 56
168 134 24
168 148 71
168 152 36
168 158 28
168 159 45
168 166 67
168 167 70
169 3 81
169 4 50
169 5 97
169 8 116
169 9 38
169 11 38
169 15 77
169 18 69
169 19 27
169 21 70
169 24 103
169 25 84
169 26 78
169 32 83
169 33 72
169 42 68
169 43 38
169 48 21
169 49 96
169 54 24
169 56 68
169 65 86
169 67 68
169 70 83
169 73 72
169 76 84
169 77 87
169 80 78
169 81 110
169 82 113
169 83 72
169 86 66
169 91 95
169 92 91
169 93 26
169 94 71
169 100 96
169 105 76
169 109 17
169 113 94
169 114 46
169 115 63
169 116 11
169 123 32
169 125 21
169 127 90
169 129 18
169 130 45
169 133 83
169 140 45
169 146 62
169 149 97
169 152 116
169 153 120
169 161 28
169 165 96
169 168 82
170 1 28
170 6 42
170 8 57
170 11 31
170 14 18
170 17 80
170 24 78
170 25 75
170 27 50
170 32 79
170 33 65
170 34 22
170 36 55
170 39 24
170 47 20
170 48 48
170 49 43
170 52 60
170 53 82
170 55 32
170 56 81
170 58 34
170 62 11
170 70 58
170 73 46
170 74 58
170 75 22
170 79 39
170 80 13
170 81 61
170 83 4
170 90 54
170 92 33
170 96 34
170 99 79
170 100 76
170 101 48
170 103 75
170 105 91
170 106 72
170 109 55
170 113 53
170 126 36
170 127 55
170 130 73
170 133 63
170 136 39
170 140 39
170 141 75
170 143 30
170 144 66
170 146 13
170 147 43
170 150 48
170 151 95
170 157 73
170 161 73
170 165 33
171 0 31
171 1 4
171 7 70
171 8 87
171 9 52
171 11 6
171 16 48
171 18 45
171 21 28
171 23 35
171 24 95
171 25 84
171 26 43
171 28 22
171 30 84
171 35 70
171 38 86
171 48 21
171 49 70
171 51 64
171 55 55
171 59 94
171 61 51
171 63 73
171 66 78
171 67 29
171 69 20
171 71 28
171 75 29
171 76 42
171 79 69
171 81 87
171 83 33
171 87 43
171 88 65
171 93 47
171 96 38
171 104 33
171 111 38
171 113 76
171 116 39
171 119 27
171 122 87
171 125 27
171 131 97
171 132 4
171 133 76
171 134 73
171 140 37
171 141 84
171 143 4
171 151 101
171 152 95
171 156 33
171 157 99
171 163 59
171 165 64
172 4 49
172 6 13
172 9 31
172 18 32
172 24 75
172 36 21
172 45 21
172 55 42
172 60 78
172 62 34
172 66 56
172 68 39
172 76 57
172 77 59
172 80 46
172 82 80
172 84 62
172 90 24
172 93 30
172 96 18
172 105 67
172 109 28
172 110 24
172 117 80
172 118 84
172 125 16
172 131 84
172 132 18
172 133 56
172 135 39
172 137 16
172 138 33
172 140 14
172 146 24
172 148 75
172 151 78
172 156 17
172 157 85
172 162 48
172 163 39
172 166 29
172 167 70
172 168 45
172 170 34
172 171 22
173 1 67
173 2 47
173 11 61
173 13 30
173 15 40
173 17 21
173 19 46
173 23 38
173 25 17
173 26 56
173 30 35
173 31 30
173 32 20
173 34 71
173 38 23
173 40 68
173 42 72
173 45 46
173 46 72
173 50 28
173 51 42
173 54 51
173 55 35
173 59 27
173 67 63
173 70 15
173 73 14
173 75 41
173 78 70
173 85 42
173 88 29
173 89 83
173 93 47
173 94 13
173 103 17
173 113 32
173 115 65
173 120 57
173 125 54
173 126 52
173 127 26
173 128 12
173 132 63
173 134 17
173 135 32
173 140 31
173 144 28
173 145 14
173 148 38
173 150 25
173 152 52
173 155 62
173 156 48
173 161 51
173 166 51
174 1 102
174 2 72
174 19 76
174 20 65
174 22 99
174 23 74
174 27 56
174 31 51
174 32 15
174 35 73
174 43 60
174 44 60
174 46 94
174 47 81
174 48 94
174 51 71
174 53 13
174 59 10
174 68 114
174 70 39
174 71 90
174 72 21
174 73 48
174 74 80
174 76 125
174 78 98
174 79 85
174 81 68
174 82 56
174 84 23
174 87 125
174 88 57
174 89 119
174 91 97
174 92 79
174 94 26
174 96 64
174 98 114
174 102 83
174 104 103
174 106 22
174 107 89
174 109 99
174 120 80
174 131 72
174 133 33
174 142 96
174 143 105
174 145 49
174 148 15
174 149 11
174 150 56
174 152 67
174 156 76
174 157 70
174 158 46
174 160 69
174 169 96
174 173 35
175 0 73
175 4 98
175 5 44
175 8 21
175 9 85
175 10 48
175 12 83
175 22 15
175 23 44
175 25 75
175 26 27
175 27 37
175 28 57
175 30 43
175 31 43
175 33 70
175 34 61
175 42 50
175 48 85
175 56 92
175 57 22
175 71 89
175 75 50
175 77 61
175 80 40
175 81 33
175 83 38
175 85 24
175 90 78
175 93 92
175 97 82
175 101 78
175 103 82
175 106 71
175 108 16
175 111 32
175 113 39
175 114 84
175 115 49
175 117 33
175 127 45
175 139 51
175 142 105
175 145 61
175 147 63
175 153 33
175 154 61
175 155 62
175 156 82
175 158 59
175 164 37
175 165 7
175 167 101
175 169 104
175 173 64
175 174 93
176 1 54
176 2 48
176 3 24
176 6 26
176 8 52
176 13 27
176 15 23
176 16 52
176 17 37
176 18 16
176 24 40
176 26 38
176 27 23
176 28 33
176 30 32
176 32 36
176 41 43
176 54 54
176 57 40
176 58 22
176 59 43
176 63 40
176 64 8
176 66 47
176 69 48
176 75 26
176 78 66
176 85 29
176 86 4
176 88 18
176 90 32
176 100 35
176 101 40
176 106 30
176 109 63
176 111 42
176 120 47
176 124 34
176 127 22
176 131 52
176 133 22
176 135 16
176 137 20
176 138 23
176 140 23
176 141 33
176 142 69
176 144 36
176 145 11
176 149 45
176 151 53
176 157 53
176 160 32
176 163 5
176 168 19
176 175 50
177 1 90
177 6 60
177 8 53
177 9 63
177 11 86
177 19 74
177 20 74
177 28 69
177 30 20
177 32 26
177 33 28
177 34 92
177 39 69
177 43 61
177 45 65
177 47 67
177 51 43
177 53 27
177 57 66
177 58 58
177 59 23
177 62 84
177 70 18
177 74 47
177 77 12
177 80 86
177 84 44
177 85 40
177 87 104
177 88 31
177 96 53
177 98 95
177 103 35
177 105 49
177 108 54
177 110 89
177 115 83
177 116 88
177 126 78
177 128 41
177 132 88
177 134 18
177 135 42
177 136 90
177 138 54
177 139 97
177 141 22
177 142 100
177 152 34
177 154 69
177 159 14
177 160 65
177 165 60
177 169 99
177 174 33
178 1 69
178 6 31
178 8 77
178 10 62
178 11 62
178 13 43
178 15 50
178 20 36
178 25 21
178 29 24
178 31 44
178 33 10
178 34 75
178 36 40
178 39 49
178 42 77
178 49 59
178 53 22
178 59 29
178 64 33
178 69 53
178 72 19
178 76 96
178 77 27
178 81 63
178 83 71
178 85 55
178 93 38
178 94 8
178 97 5
178 100 34
178 102 49
178 109 66
178 115 70
178 121 16
178 122 70
178 123 38
178 129 63
178 130 24
178 145 18
178 149 33
178 157 70
178 159 27
178 161 40
178 162 57
178 164 80
178 173 13
179 0 64
179 3 32
179 5 5
179 6 56
179 11 75
179 15 31
179 16 56
179 17 44
179 23 43
179 25 39
179 31 5
179 32 45
179 34 77
179 37 56
179 41 73
179 42 70
179 43 62
179 47 55
179 48 85
179 49 18
179 51 20
179 55 25
179 57 44
179 60 21
179 66 68
179 68 83
179 71 85
179 72 61
179 73 26
179 80 66
179 84 61
179 86 32
179 93 77
179 96 45
179 98 77
179 100 29
179 103 50
179 105 67
179 111 52
179 112 31
179 115 66
179 117 21
179 119 70
179 123 65
179 126 70
179 134 18
179 135 26
179 141 41
179 143 80
179 144 62
179 148 66
179 149 45
179 154 60
179 163 29
179 177 24
180 4 64
180 5 84
180 7 69
180 9 47
180 11 9
180 12 29
180 18 50
180 23 40
180 25 84
180 26 51
180 30 88
180 31 82
180 34 24
180 36 31
180 37 40
180 38 88
180 51 70
180 66 74
180 69 13
180 73 62
180 76 52
180 78 24
180 83 43
180 85 74
180 86 57
180 87 53
180 88 70
180 90 42
180 92 69
180 95 47
180 96 40
180 97 67
180 99 44
180 105 86
180 109 15
180 113 80
180 116 30
180 119 21
180 120 91
180 125 19
180 128 56
180 130 58
180 131 103
180 132 8
180 133 78
180 134 75
180 143 14
180 144 56
180 146 38
180 147 43
180 156 26
180 162 64
180 169 32
180 173 67
180 178 66
181 1 83
181 7 14
181 14 56
181 20 59
181 22 76
181 24 19
181 25 4
181 29 6
181 30 33
181 31 30
181 35 50
181 47 61
181 49 50
181 55 44
181 57 68
181 60 56
181 62 81
181 65 91
181 66 37
181 77 10
181 79 63
181 80 85
181 81 49
181 82 39
181 87 103
181 88 34
181 89 98
181 90 46
181 99 86
181 100 12
181 101 61
181 102 69
181 103 18
181 112 37
181 115 79
181 119 64
181 120 59
181 121 36
181 123 57
181 126 68
181 127 26
181 132 79
181 134 18
181 150 41
181 152 49
181 157 52
181 166 66
181 169 85
181 171 83
182 12 40
182 13 41
182 14 8
182 17 56
182 19 36
182 32 55
182 38 49
182 40 38
182 42 36
182 44 11
182 54 55
182 62 32
182 63 38
182 65 44
182 67 28
182 71 48
182 72 62
182 73 23
182 74 51
182 75 10
182 76 54
182 78 58
182 79 38
182 80 37
182 81 49
182 84 61
182 86 21
182 97 46
182 99 70
182 108 26
182 110 49
182 112 12
182 114 44
182 118 58
182 119 34
182 121 33
182 124 30
182 125 41
182 126 31
182 128 31
182 130 53
182 131 59
182 140 21
182 143 41
182 147 22
182 150 28
182 152 56
182 154 21
182 162 23
182 165 35
182 171 39
182 178 43
182 179 40
182 181 49
183 2 75
183 8 25
183 12 70
183 14 39
183 22 37
183 24 38
183 25 46
183 30 17
183 32 52
183 38 34
183 40 38
183 51 8
183 60 21
183 62 57
183 68 73
183 70 26
183 74 21
183 81 17
183 83 48
183 84 67
183 91 34
183 94 52
183 95 64
183 96 41
183 101 66
183 106 43
183 110 81
183 111 41
183 112 26
183 114 63
183 124 13
183 127 16
183 129 83
183 130 72
183 132 69
183 135 18
183 136 74
183 140 49
183 143 72
183 148 73
183 151 66
183 155 63
183 161 83
183 162 16
183 167 74
183 171 71
183 177 35
183 182 32
184 5 15
184 7 46
184 8 20
184 10 20
184 22 40
184 28 59
184 30 14
184 42 67
184 51 15
184 53 57
184 55 24
184 60 13
184 64 38
184 67 58
184 74 15
184 79 22
184 82 21
184 83 55
184 84 71
184 96 48
184 101 74
184 109 94
184 114 70
184 116 91
184 119 74
184 123 69
184 125 81
184 127 19
184 129 91
184 134 28
184 142 102
184 144 70
184 146 47
184 155 70
184 161 90
184 164 58
184 165 27
184 168 20
184 169 102
184 176 35
184 177 34
184 183 8
185 7 36
185 13 16
185 19 80
185 21 91
185 23 60
185 24 9
185 26 67
185 28 73
185 32 34
185 33 36
185 41 77
185 42 90
185 52 69
185 53 36
185 55 43
185 56 56
185 57 65
185 58 63
185 60 36
185 62 86
185 63 44
185 65 89
185 67 81
185 73 35
185 76 104
185 78 105
185 79 52
185 82 15
185 85 38
185 104 83
185 110 96
185 113 22
185 115 84
185 118 44
185 120 42
185 122 38
185 123 74
185 124 46
185 139 98
185 153 37
185 156 82
185 157 29
185 164 84
185 169 106
185 174 41
185 176 40
185 180 97
185 182 56
186 0 79
186 2 94
186 10 23
186 11 83
186 12 88
186 14 55
186 17 66
186 19 85
186 28 68
186 30 24
186 31 27
186 35 15
186 37 57
186 38 45
186 43 79
186 44 51
186 56 83
186 62 68
186 65 63
186 66 89
186 68 84
186 74 3
186 75 60
186 76 80
186 79 20
186 81 9
186 83 58
186 94 68
186 95 72
186 97 75
186 98 76
186 101 84
186 104 62
186 106 58
186 109 103
186 111 51
186 120 3
186 122 1
186 125 91
186 126 81
186 130 91
186 134 40
186 140 68
186 145 58
186 146 55
186 149 66
186 150 70
186 163 47
186 166 97
186 167 90
186 168 30
186 170 57
186 171 86
186 183 18
187 0 25
187 2 43
187 6 24
187 8 67
187 9 44
187 11 18
187 14 9
187 15 28
187 24 73
187 27 49
187 30 61
187 34 23
187 38 65
187 41 44
187 46 57
187 47 2
187 56 66
187 61 33
187 73 38
187 75 7
187 76 44
187 88 43
187 89 36
187 91 43
187 96 19
187 99 61
187 100 69
187 103 61
187 109 39
187 111 24
187 122 65
187 125 31
187 128 40
187 132 20
187 135 31
187 136 25
187 143 24
187 148 82
187 152 73
187 159 68
187 160 24
187 161 54
187 164 33
187 165 45
187 166 44
187 168 36
187 169 51
187 178 52
187 179 57
187 181 63
187 183 49
187 184 57
187 186 65
188 5 59
188 7 33
188 9 50
188 14 77
188 15 77
188 17 20
188 23 74
188 27 63
188 29 35
188 30 62
188 31 59
188 35 79
188 44 60
188 46 85
188 48 88
188 52 49
188 58 65
188 59 20
188 60 85
188 63 86
188 66 25
188 72 11
188 74 89
188 75 75
188 78 90
188 80 109
188 87 125
188 89 118
188 90 52
188 91 101
188 94 24
188 95 116
188 101 69
188 110 83
188 112 61
188 114 42
188 116 76
188 118 94
188 122 86
188 123 66
188 124 83
188 125 77
188 127 55
188 128 41
188 129 90
188 131 82
188 132 94
188 143 101
188 147 55
188 154 75
188 155 94
188 158 46
188 162 81
188 164 109
188 168 69
188 169 87
188 171 98
188 173 36
188 178 30
188 181 29
188 187 82
189 1 64
189 2 17
189 5 79
189 19 30
189 23 59
189 25 56
189 26 81
189 28 51
189 32 54
189 33 46
189 37 76
189 38 70
189 44 51
189 48 44
189 49 87
189 52 17
189 55 71
189 57 85
189 58 43
189 62 77
189 64 54
189 67 78
189 71 37
189 75 55
189 78 40
189 86 50
189 100 71
189 101 30
189 105 42
189 111 81
189 118 110
189 121 29
189 122 101
189 123 32
189 126 45
189 128 37
189 130 12
189 131 104
189 135 68
189 136 52
189 140 38
189 141 55
189 143 66
189 145 42
189 146 65
189 150 32
189 151 62
189 152 100
189 155 63
189 156 28
189 157 105
189 159 63
189 160 33
189 171 61
189 175 101
189 176 54
189 178 36
189 183 82
189 184 89
189 186 101
189 187 57
190 0 35
190 1 68
190 3 51
190 7 42
190 12 29
190 13 73
190 18 62
190 23 59
190 27 73
190 36 27
190 37 77
190 39 54
190 42 84
190 43 24
190 44 50
190 49 85
190 52 17
190 53 48
190 55 69
190 60 99
190 63 91
190 67 80
190 68 84
190 77 58
190 81 93
190 84 33
190 85 80
190 86 47
190 88 69
190 91 96
190 92 84
190 104 85
190 114 15
190 115 77
190 118 107
190 121 26
190 122 98
190 126 48
190 128 34
190 133 55
190 140 38
190 141 49
190 145 39
190 146 65
190 149 60
190 155 66
190 162 80
190 166 24
190 169 42
190 176 51
190 180 59
190 187 59
190 188 46
190 189 7
191 3 71
191 6 62
191 10 61
191 16 11
191 17 85
191 18 35
191 20 92
191 22 1
191 31 52
191 33 73
191 40 1
191 41 84
191 43 73
191 45 36
191 46 100
191 47 43
191 50 82
191 51 29
191 54 92
191 55 32
191 57 12
191 62 34
191 63 28
191 69 68
191 74 40
191 75 42
191 79 20
191 81 47
191 84 96
191 90 74
191 93 86
191 95 32
191 97 82
191 98 39
191 99 104
191 104 26
191 110 80
191 119 68
191 122 41
191 123 67
191 125 74
191 131 55
191 138 29
191 141 81
191 146 33
191 151 101
191 152 55
191 153 49
191 154 53
191 155 49
191 157 58
191 158 59
191 165 13
191 166 86
191 172 57
191 174 100
191 179 49
191 185 70
191 189 97
192 0 89
192 3 62
192 9 95
192 13 37
192 15 45
192 17 74
192 18 53
192 21 78
192 23 62
192 26 53
192 28 77
192 33 69
192 38 53
192 41 100
192 42 78
192 44 61
192 46 126
192 53 77
192 61 69
192 63 21
192 70 51
192 77 55
192 79 26
192 84 91
192 85 29
192 86 60
192 92 32
192 93 104
192 97 84
192 99 128
192 100 57
192 102 100
192 103 81
192 108 37
192 109 113
192 111 59
192 115 76
192 116 111
192 121 81
192 128 73
192 129 110
192 135 45
192 139 81
192 141 71
192 146 64
192 149 73
192 150 80
192 151 86
192 153 6
192 156 98
192 160 86
192 162 37
192 166 107
192 168 40
192 173 65
192 178 79
192 179 30
192 181 65
193 0 41
193 4 64
193 12 51
193 14 18
193 15 6
193 20 63
193 25 48
193 26 22
193 27 22
193 28 30
193 30 34
193 31 29
193 32 52
193 33 39
193 34 48
193 36 52
193 40 34
193 42 43
193 48 58
193 49 22
193 56 60
193 58 27
193 59 57
193 64 13
193 66 63
193 69 50
193 102 52
193 103 51
193 114 50
193 117 43
193 118 47
193 121 39
193 122 39
193 130 59
193 136 53
193 137 26
193 138 8
193 139 52
193 140 30
193 145 27
193 149 60
193 152 44
193 155 42
193 157 49
193 159 48
193 162 14
193 169 74
193 170 29
193 175 34
193 176 17
193 178 44
193 181 45
193 184 29
194 2 94
194 4 89
194 10 7
194 24 33
194 26 57
194 28 73
194 30 14
194 35 25
194 45 65
194 50 44
194 52 81
194 55 38
194 57 53
194 58 67
194 61 57
194 70 35
194 71 101
194 73 42
194 78 111
194 79 34
194 81 7
194 82 10
194 90 77
194 92 35
194 94 60
194 100 38
194 101 86
194 103 64
194 105 79
194 108 40
194 110 102
194 114 78
194 120 19
194 122 15
194 123 81
194 124 32
194 125 94
194 128 60
194 135 40
194 139 87
194 140 69
194 142 115
194 144 78
194 145 56
194 146 62
194 153 13
194 154 75
194 159 46
194 174 65
194 190 94
194 191 55
195 2 37
195 5 49
195 12 29
195 13 49
195 19 25
195 21 39
195 24 63
195 25 53
195 33 41
195 35 45
195 37 27
195 39 10
195 45 13
195 47 10
195 48 35
195 49 45
195 50 62
195 54 45
195 63 50
195 67 30
195 74 62
195 76 56
195 77 47
195 79 49
195 81 60
195 86 23
195 87 56
195 91 46
195 92 40
195 93 38
195 94 46
195 99 59
195 102 29
195 110 38
195 115 30
195 120 60
195 123 20
195 125 30
195 126 21
195 127 43
195 131 69
195 132 29
195 133 44
195 135 25
195 137 8
195 140 12
195 143 34
195 149 66
195 151 71
195 157 71
195 158 25
195 160 17
195 162 35
195 164 42
195 174 71
195 177 59
195 181 51
195 185 63
196 0 37
196 1 5
196 2 52
196 4 76
196 7 72
196 16 40
196 20 63
196 22 51
196 29 80
196 37 25
196 39 23
196 41 56
196 42 18
196 43 50
196 47 23
196 48 30
196 56 85
196 59 96
196 64 47
196 73 60
196 86 56
196 87 34
196 94 78
196 101 38
196 102 35
196 107 37
196 108 53
196 114 63
196 116 47
196 118 89
196 122 82
196 128 60
196 130 70
196 133 77
196 135 51
196 138 40
196 140 40
196 142 52
196 144 65
196 146 28
196 147 47
196 148 102
196 149 100
196 150 49
196 151 104
196 153 91
196 155 7
196 156 40
196 157 96
196 158 58
196 159 89
196 160 38
196 166 51
196 173 69
196 174 104
196 177 91
196 182 38
196 188 102
196 189 69
196 195 33
197 2 78
197 11 62
197 16 30
197 19 67
197 24 55
197 30 33
197 31 31
197 35 9
197 38 50
197 49 9
197 50 62
197 51 8
197 52 70
197 53 69
197 55 17
197 57 19
197 60 27
197 62 46
197 66 83
197 68 62
197 69 68
197 70 40
197 72 80
197 73 36
197 84 79
197 90 65
197 101 67
197 106 58
197 109 83
197 120 20
197 128 54
197 130 80
197 136 69
197 137 47
197 143 64
197 146 33
197 147 50
197 150 56
197 153 31
197 158 45
197 159 60
197 173 50
197 175 14
197 176 36
197 179 27
197 185 49
197 187 44
197 192 30
197 195 42
198 2 74
198 4 71
198 11 71
198 15 27
198 18 29
198 21 68
198 24 29
198 30 9
198 32 44
198 34 73
198 35 16
198 37 52
198 38 25
198 44 32
198 48 80
198 49 16
198 51 17
198 58 47
198 60 23
198 64 30
198 66 66
198 71 81
198 72 60
198 75 46
198 80 62
198 81 17
198 84 60
198 92 24
198 94 45
198 96 41
198 98 73
198 99 99
198 105 66
198 106 35
198 107 42
198 108 28
198 109 88
198 110 82
198 116 83
198 118 32
198 122 23
198 123 61
198 127 8
198 128 41
198 130 68
198 132 73
198 133 25
198 134 17
198 138 33
198 140 49
198 146 45
198 149 46
198 150 49
198 152 22
198 155 67
198 157 27
198 164 60
198 166 77
198 167 67
198 170 52
198 173 33
198 174 56
198 178 46
198 180 79
198 181 34
198 182 35
198 185 24
198 193 25
199 0 23
199 5 44
199 6 15
199 10 63
199 12 28
199 17 37
199 22 64
199 24 49
199 25 34
199 32 35
199 34 57
199 39 31
199 41 26
199 51 45
199 54 36
199 57 52
199 61 5
199 66 33
199 70 30
199 72 37
199 74 67
199 75 28
199 77 33
199 78 52
199 84 36
199 87 79
199 89 71
199 91 63
199 102 35
199 110 43
199 111 52
199 113 43
199 114 18
199 116 42
199 118 74
199 123 23
199 124 51
199 127 38
199 133 30
199 137 14
199 139 72
199 151 50
199 152 65
199 159 39
199 161 37
199 164 63
199 165 59
199 166 35
199 168 36
199 171 51
199 173 18
199 174 50
199 176 17
199 177 46
199 179 46
199 185 52
199 187 34
199 193 32
199 196 54
