200 5970
-1
22 33 87
14 19 83
69 8 76
22 41 81
22 42 81
61 27 72
2 79 82
26 54 76
69 51 87
49 45 98
10 65 73
17 31 94
95 48 73
65 16 81
38 64 90
75 30 94
11 26 93
0 8 77
46 21 78
57 38 89
58 78 100
24 21 73
41 3 82
55 62 81
2 17 94
50 87 75
70 11 98
1 26 73
33 85 72
48 41 91
43 54 86
22 3 71
10 6 73
37 72 79
63 66 81
26 31 98
66 4 94
22 39 95
10 66 87
60 22 88
95 76 95
2 39 91
40 95 97
25 35 87
66 39 77
39 68 92
61 50 70
34 11 76
89 52 73
9 67 98
21 14 88
18 29 75
42 39 100
89 55 77
65 28 88
37 99 76
50 96 82
32 9 82
36 61 70
95 4 77
29 17 99
12 100 91
22 59 71
82 84 74
63 52 90
97 97 93
32 79 91
54 61 88
7 63 75
2 37 70
17 41 85
82 33 85
43 40 82
42 71 100
88 28 89
42 63 96
9 46 97
19 27 82
32 80 76
87 50 93
40 47 93
75 13 91
23 71 91
15 32 93
27 65 82
51 89 81
13 30 92
22 67 88
40 43 89
89 45 96
16 33 98
9 89 75
56 74 93
59 61 90
47 14 89
100 84 88
49 36 83
60 77 92
0 58 71
78 53 82
16 33 78
4 94 73
85 78 72
23 75 79
34 53 92
22 5 82
81 80 70
11 41 94
2 55 86
74 95 89
98 77 70
73 9 81
72 87 94
14 32 92
16 73 89
0 56 88
11 63 76
37 65 82
26 5 88
37 38 87
40 85 74
80 91 92
85 46 88
25 38 97
87 55 95
96 53 70
28 19 71
72 79 87
2 30 71
56 51 91
14 44 74
14 43 84
55 62 86
85 18 81
66 85 82
29 27 94
39 78 89
46 30 93
33 91 98
30 31 75
66 12 91
46 7 74
47 59 70
20 14 93
75 72 77
22 18 96
20 44 71
43 27 79
53 48 90
23 63 95
93 98 90
42 20 94
88 98 77
55 94 88
42 20 73
14 49 98
69 79 94
58 81 86
62 85 82
42 79 75
37 85 95
82 48 92
38 64 78
15 38 72
8 78 77
19 44 87
28 73 93
43 3 73
96 8 87
95 39 81
100 18 70
88 18 88
20 51 94
78 78 78
95 74 78
44 51 81
9 47 88
62 52 82
27 73 76
82 56 75
25 31 76
31 99 86
5 84 99
73 4 78
7 13 86
63 89 92
41 9 71
91 48 81
12 18 89
30 48 74
78 81 91
58 66 78
47 68 72
58 98 74
94 100 76
17 5 97
65 63 88
46 7 81
92 18 74
45 43 95
-1
1 0 16
3 1 23
3 2 57
4 1 24
5 1 47
6 1 61
6 3 42
7 3 13
7 4 12
7 6 34
8 1 63
8 4 47
8 5 25
9 0 29
9 2 42
9 4 27
9 7 24
11 1 12
11 4 12
11 5 44
11 7 24
12 2 47
12 9 46
13 5 11
13 8 35
13 9 33
13 10 73
13 12 43
14 0 34
14 2 64
14 4 27
14 6 39
14 10 28
15 0 53
15 1 61
15 4 54
15 7 54
15 10 73
16 0 13
16 2 60
16 5 50
16 9 42
17 2 69
17 6 71
17 7 52
17 13 65
17 15 78
17 16 21
18 4 31
18 10 56
18 13 19
19 7 34
19 14 32
19 15 19
20 1 73
20 4 50
20 9 34
20 10 49
20 12 47
20 14 24
20 15 50
21 1 10
21 2 46
21 4 21
21 5 37
21 8 54
21 11 12
22 4 43
22 5 31
22 6 85
22 17 41
23 0 43
23 1 59
23 6 55
23 7 30
23 14 17
23 17 77
23 18 41
24 2 67
24 3 31
24 6 62
24 8 75
24 9 54
24 14 59
24 19 58
24 20 82
24 21 22
25 4 53
25 6 48
25 7 40
25 8 40
25 16 72
25 22 84
25 23 25
26 0 52
26 4 57
26 7 61
26 11 56
26 13 7
26 23 53
26 24 68
27 1 14
27 2 70
27 5 60
27 6 53
27 8 72
27 10 40
27 12 96
27 15 74
27 21 23
27 22 46
27 23 64
27 24 9
28 3 45
28 7 31
28 11 56
28 12 72
28 17 83
28 24 74
28 26 82
28 27 67
29 0 27
29 1 40
29 6 59
29 16 39
29 18 20
29 20 38
29 24 51
30 0 29
30 3 24
30 7 17
30 9 10
30 10 34
30 15 40
30 16 42
30 20 28
30 21 38
30 25 33
30 28 32
31 0 30
31 4 39
31 5 45
31 7 51
31 14 63
31 16 25
31 22 19
31 27 31
32 3 37
32 4 37
32 22 31
32 25 90
32 28 82
32 31 12
33 6 35
33 8 38
33 9 29
33 10 27
33 12 62
33 14 8
33 17 73
33 21 52
33 23 20
33 26 69
33 30 18
33 32 71
34 0 52
34 2 58
34 6 62
34 10 53
34 11 57
34 12 36
34 16 65
34 18 48
34 24 78
34 25 24
34 27 73
34 30 23
34 31 75
35 1 16
35 8 47
35 11 9
35 14 35
35 16 15
35 21 10
35 23 42
35 26 48
35 27 25
35 28 54
35 32 29
36 0 52
36 2 5
36 8 47
36 12 52
36 16 59
36 24 65
36 26 8
36 30 55
36 32 56
36 34 62
37 9 27
37 11 9
37 16 17
37 19 35
37 20 53
37 22 40
37 23 40
37 25 55
37 30 25
37 36 56
38 0 35
38 3 27
38 5 64
38 8 60
38 14 28
38 15 74
38 19 54
38 21 47
38 22 70
38 25 45
38 27 41
38 28 29
38 34 53
38 36 83
38 37 29
39 0 39
39 2 16
39 3 42
39 4 42
39 6 81
39 8 30
39 12 43
39 14 47
39 15 17
39 17 61
39 19 16
39 24 58
39 26 14
39 30 36
39 32 52
39 33 55
39 36 18
39 37 41
40 5 59
40 7 72
40 8 36
40 9 55
40 19 53
40 21 89
40 22 90
40 24 110
40 27 106
40 30 56
40 32 110
40 33 58
40 38 85
40 39 64
41 0 20
41 1 23
41 4 20
41 6 40
41 9 47
41 10 27
41 14 43
41 17 31
41 19 55
41 26 73
41 27 13
41 30 43
41 39 60
42 0 64
42 1 80
42 3 56
42 4 55
42 5 71
42 6 41
42 9 50
42 11 68
42 22 92
42 26 89
42 27 79
42 28 12
42 39 75
43 3 6
43 14 31
43 17 36
43 28 50
43 31 32
43 37 5
44 2 31
44 9 18
44 12 30
44 14 37
44 15 12
44 18 26
44 20 39
44 22 43
44 31 56
44 34 27
44 35 40
44 36 35
44 37 44
45 6 38
45 9 25
45 10 29
45 11 43
45 13 58
45 18 47
45 24 63
45 31 67
45 32 68
45 34 24
45 37 33
45 39 50
45 40 56
45 44 39
46 5 23
46 7 35
46 8 8
46 14 26
46 18 32
46 22 51
46 23 13
46 25 38
46 27 64
46 28 44
46 29 15
46 30 18
46 35 39
46 36 46
46 37 40
46 38 53
46 41 60
47 0 25
47 3 32
47 4 33
47 10 59
47 14 53
47 15 45
47 17 34
47 18 15
47 32 24
47 37 30
47 38 60
47 39 28
47 42 84
47 43 25
47 44 42
47 45 57
47 46 47
48 0 69
48 7 63
48 9 40
48 11 75
48 12 7
48 19 34
48 23 35
48 26 45
48 35 66
48 38 80
48 42 65
48 43 66
48 47 68
49 2 84
49 5 65
49 8 62
49 10 2
49 13 75
49 14 29
49 16 41
49 17 59
49 23 46
49 28 30
49 34 54
49 38 1
49 40 86
49 43 35
49 45 30
50 8 60
50 12 81
50 13 44
50 20 73
50 22 22
50 23 58
50 26 49
50 27 23
50 32 13
50 37 25
50 39 39
50 40 96
50 44 51
50 46 53
51 2 55
51 10 36
51 18 29
51 19 40
51 25 66
51 33 47
51 38 37
51 39 42
51 44 49
51 45 44
51 46 47
51 49 39
52 0 20
52 1 34
52 2 41
52 9 9
52 10 41
52 12 53
52 13 32
52 20 42
52 21 25
52 28 46
52 31 41
52 34 34
52 37 20
52 42 56
52 50 32
52 51 26
53 3 68
53 5 39
53 8 20
53 16 83
53 21 73
53 26 47
53 33 54
53 37 68
53 38 79
53 40 21
53 44 28
54 0 43
54 1 51
54 9 23
54 11 48
54 16 54
54 23 35
54 33 52
54 37 44
54 42 71
54 44 11
54 53 36
55 0 67
55 3 59
55 4 58
55 5 75
55 7 46
55 10 43
55 13 87
55 17 98
55 24 89
55 25 17
55 28 14
55 30 45
55 34 42
55 48 70
55 50 86
55 54 76
56 1 85
56 5 69
56 8 48
56 10 50
56 23 34
56 24 92
56 26 87
56 31 97
56 32 98
56 35 69
56 44 59
56 48 58
56 54 69
57 0 26
57 7 45
57 9 39
57 10 60
57 12 74
57 15 47
57 18 18
57 23 57
57 25 80
57 26 38
57 29 35
57 30 46
57 33 63
57 36 34
57 38 61
57 43 26
57 45 59
57 46 50
57 47 2
58 8 34
58 13 53
58 14 3
58 17 64
58 18 41
58 22 58
58 23 19
58 26 60
58 28 24
58 29 23
58 31 59
58 33 11
58 34 27
58 41 40
58 42 34
58 43 28
58 47 50
58 49 27
58 50 49
58 54 43
58 57 52
59 2 26
59 9 61
59 12 44
59 20 82
59 24 93
59 25 94
59 27 96
59 30 72
59 32 85
59 33 89
59 43 76
59 44 45
59 45 85
59 52 63
59 53 51
59 54 38
59 57 63
59 58 82
60 1 15
60 7 37
60 17 30
60 19 35
60 26 41
60 28 68
60 30 39
60 32 21
60 34 59
60 36 39
60 40 88
60 48 69
60 49 53
60 50 8
60 55 82
60 56 81
61 2 108
61 4 58
61 7 48
61 23 57
61 24 83
61 26 106
61 29 69
61 31 97
61 39 91
61 41 61
61 42 28
61 45 41
61 51 71
61 56 38
61 60 84
62 2 69
62 9 30
62 15 60
62 16 34
62 17 55
62 24 46
62 30 21
62 31 56
62 34 41
62 35 28
62 36 70
62 37 20
62 38 13
62 41 28
62 43 24
62 44 48
62 46 40
62 47 49
62 49 15
62 50 45
62 51 30
62 53 67
62 54 53
62 58 14
62 61 42
63 4 73
63 5 60
63 6 80
63 9 51
63 13 70
63 19 52
63 23 34
63 26 73
63 30 49
63 31 100
63 32 106
63 33 46
63 39 65
63 40 15
63 41 91
63 42 43
63 43 75
63 46 39
63 50 92
63 52 60
63 57 90
63 58 51
63 60 85
63 61 71
63 62 65
64 1 59
64 3 42
64 5 25
64 11 50
64 14 27
64 18 35
64 24 70
64 25 37
64 26 41
64 27 67
64 33 32
64 36 48
64 37 43
64 60 48
64 61 70
65 1 113
65 6 96
65 13 87
65 14 67
65 17 131
65 21 105
65 23 54
65 25 48
65 31 120
65 36 98
65 43 95
65 52 79
65 54 76
65 55 60
65 56 47
65 57 109
65 64 56
66 0 47
66 2 80
66 5 59
66 7 25
66 10 26
66 16 57
66 21 58
66 24 68
66 27 61
66 33 8
66 34 33
66 36 82
66 37 41
66 39 63
66 42 17
66 46 41
66 49 25
66 50 65
66 54 60
67 2 55
67 4 37
67 11 47
67 15 37
67 16 55
67 17 75
67 21 50
67 27 63
67 29 20
67 30 13
67 49 45
67 50 57
67 52 25
67 59 70
67 61 57
68 0 33
68 3 26
68 4 25
68 6 16
68 8 63
68 10 3
68 20 53
68 24 46
68 25 49
68 27 37
68 30 37
68 32 57
68 34 56
68 35 37
68 36 83
68 40 88
68 41 24
68 42 45
68 44 63
68 45 32
68 49 4
68 54 67
68 58 29
68 62 15
68 64 57
69 0 20
69 10 29
69 17 29
69 21 27
69 25 69
69 27 11
69 28 57
69 30 44
69 33 49
69 35 24
69 40 100
69 42 69
69 43 23
69 44 64
69 49 30
69 52 40
69 56 76
69 61 63
70 1 22
70 2 61
70 3 5
70 7 15
70 8 52
70 10 25
70 13 54
70 18 35
70 35 13
70 40 85
70 42 58
70 48 72
70 49 27
70 51 12
70 52 25
70 67 42
71 9 35
71 10 78
71 16 71
71 18 37
71 22 50
71 24 81
71 31 67
71 32 76
71 36 33
71 42 74
71 43 57
71 44 17
71 48 20
71 50 63
71 55 79
71 63 51
71 64 26
71 65 65
71 70 65
72 0 22
72 1 35
72 9 7
72 11 27
72 13 32
72 14 24
72 19 14
72 21 26
72 24 47
72 28 46
72 29 5
72 30 14
72 34 32
72 36 42
72 37 21
72 45 28
72 46 20
72 50 34
72 51 27
72 55 59
72 59 63
72 66 40
73 9 26
73 13 59
73 15 52
73 18 50
73 21 53
73 24 67
73 25 17
73 30 17
73 31 70
73 39 52
73 45 4
73 48 50
73 61 41
73 64 28
73 65 60
74 0 66
74 2 27
74 7 67
74 8 29
74 10 86
74 12 21
74 21 64
74 23 47
74 25 70
74 27 87
74 30 51
74 31 70
74 32 81
74 38 86
74 39 28
74 41 86
74 42 82
74 45 63
74 49 88
74 50 68
74 57 59
74 58 61
74 60 60
74 65 69
74 67 47
74 73 62
75 0 36
75 4 29
75 7 18
75 18 42
75 19 29
75 22 60
75 24 60
75 29 22
75 30 9
75 33 10
75 38 32
75 41 46
75 45 5
75 46 23
75 50 53
75 51 41
75 53 47
75 55 36
75 62 20
75 64 23
75 66 18
75 71 50
76 5 55
76 6 33
76 8 60
76 9 40
76 13 63
76 26 70
76 28 45
76 29 39
76 35 22
76 36 70
76 39 56
76 40 91
76 42 57
76 49 21
76 50 34
76 56 64
76 58 30
76 65 101
76 72 34
76 73 41
76 74 81
77 2 53
77 9 34
77 10 39
77 14 41
77 16 8
77 20 64
77 24 19
77 31 24
77 32 22
77 41 20
77 43 10
77 45 45
77 49 41
77 50 13
77 51 2
77 64 50
77 67 48
77 70 14
77 75 42
78 2 80
78 3 40
78 6 30
78 10 26
78 11 51
78 12 70
78 13 72
78 16 57
78 18 60
78 20 26
78 22 77
78 23 29
78 24 69
78 25 19
78 26 78
78 29 42
78 33 9
78 39 64
78 43 45
78 44 53
78 46 41
78 47 69
78 49 26
78 50 66
78 51 52
78 55 19
78 58 19
78 61 28
78 64 41
78 71 68
78 73 13
78 74 76
78 75 19
79 2 45
79 5 34
79 6 89
79 7 61
79 9 38
79 21 69
79 22 65
79 23 34
79 24 91
79 28 64
79 30 44
79 33 54
79 36 50
79 42 65
79 44 23
79 45 51
79 47 65
79 53 5
79 55 70
79 58 52
79 62 65
79 65 48
79 66 62
79 70 70
79 73 49
79 75 46
79 76 78
79 77 71
80 1 38
80 6 49
80 9 9
80 11 28
80 14 17
80 17 55
80 27 44
80 28 38
80 33 25
80 35 21
80 37 19
80 40 62
80 43 19
80 47 36
80 51 28
80 52 8
80 54 31
80 56 50
80 59 69
80 60 31
80 63 55
80 64 23
80 67 19
80 69 39
80 72 7
80 74 51
80 76 31
80 79 47
81 5 19
81 7 63
81 11 60
81 12 40
81 18 30
81 19 30
81 20 67
81 31 53
81 40 66
81 42 89
81 45 65
81 51 59
81 55 94
81 57 43
81 59 21
81 60 46
81 62 70
81 64 40
81 65 86
81 68 84
81 71 21
81 74 19
81 79 38
81 80 48
82 1 52
82 4 29
82 9 36
82 12 75
82 13 69
82 19 47
82 20 35
82 21 50
82 22 70
82 23 33
82 26 76
82 38 13
82 39 61
82 44 53
82 45 16
82 57 62
82 59 98
82 60 54
82 61 31
82 62 12
82 64 44
82 66 12
82 67 32
82 69 39
82 71 70
82 76 28
82 81 77
83 2 59
83 5 46
83 13 52
83 15 60
83 16 7
83 20 62
83 24 19
83 26 58
83 33 45
83 38 34
83 40 91
83 44 51
83 46 49
83 55 70
83 56 72
83 57 28
83 59 84
83 63 84
83 67 48
83 72 29
83 75 41
83 79 74
84 0 32
84 1 47
84 6 28
84 7 11
84 11 35
84 12 70
84 17 63
84 21 44
84 23 28
84 24 54
84 25 31
84 28 20
84 37 26
84 39 54
84 40 68
84 41 36
84 42 32
84 43 30
84 45 12
84 46 37
84 49 18
84 50 51
84 52 30
84 54 53
84 56 38
84 59 91
84 63 58
84 64 38
84 75 15
84 83 35
85 6 50
85 11 67
85 13 74
85 15 63
85 17 95
85 25 2
85 32 92
85 33 22
85 34 25
85 37 57
85 40 45
85 48 53
85 53 50
85 54 62
85 58 31
85 63 31
85 64 38
85 68 51
85 70 58
85 71 64
85 72 49
85 73 20
85 84 33
86 0 9
86 3 14
86 4 15
86 5 48
86 6 50
86 7 27
86 9 39
86 15 62
86 21 14
86 22 38
86 28 58
86 29 36
86 32 24
86 33 48
86 37 12
86 42 70
86 43 13
86 48 79
86 49 37
86 51 5
86 53 80
86 54 52
86 56 75
86 58 38
86 62 30
86 63 87
86 67 51
86 71 69
86 77 6
86 79 76
86 82 42
86 83 2
87 0 34
87 3 26
87 5 55
87 7 13
87 9 34
87 10 12
87 13 66
87 14 16
87 17 62
87 19 45
87 30 24
87 35 36
87 42 33
87 44 52
87 46 42
87 47 57
87 50 53
87 54 58
87 55 35
87 58 15
87 62 8
87 65 80
87 68 15
87 69 36
87 70 26
87 77 40
87 78 16
87 80 26
87 82 4
88 4 18
88 21 27
88 22 40
88 23 24
88 25 45
88 28 42
88 30 11
88 34 32
88 35 18
88 40 64
88 43 17
88 47 32
88 56 53
88 60 28
88 71 43
88 73 28
88 78 37
88 79 47
88 81 46
88 83 27
89 0 68
89 3 67
89 5 33
89 7 63
89 10 81
89 16 80
89 19 32
89 22 63
89 23 38
89 27 90
89 31 79
89 32 88
89 35 64
89 36 47
89 39 37
89 41 87
89 44 23
89 54 29
89 59 41
89 60 66
89 64 26
89 66 66
89 67 38
89 68 83
89 69 87
89 70 72
89 72 46
89 73 53
89 79 5
89 81 34
89 82 70
89 83 75
89 85 58
90 2 58
90 3 10
90 5 45
90 6 48
90 14 38
90 15 59
90 17 29
90 19 41
90 21 14
90 24 21
90 25 63
90 26 58
90 27 16
90 28 54
90 29 32
90 43 9
90 44 50
90 47 28
90 50 19
90 52 26
90 54 49
90 60 20
90 67 47
90 71 66
90 73 46
90 79 73
90 80 27
90 82 38
90 87 34
91 7 38
91 11 58
91 13 92
91 16 63
91 19 70
91 25 41
91 30 48
91 33 32
91 44 75
91 46 65
91 51 60
91 56 41
91 58 38
91 60 74
91 63 73
91 64 65
91 73 37
91 78 24
92 2 67
92 4 46
92 5 47
92 7 36
92 9 29
92 10 46
92 12 46
92 14 20
92 15 47
92 19 36
92 27 73
92 30 23
92 31 78
92 32 82
92 34 10
92 42 26
92 43 49
92 45 18
92 46 24
92 48 39
92 51 58
92 52 37
92 53 38
92 55 31
92 57 69
92 60 63
92 61 51
92 63 27
92 65 47
92 69 65
92 75 17
92 82 33
92 84 30
92 85 15
92 88 34
93 2 53
93 5 34
93 9 18
93 11 51
93 15 34
93 16 59
93 20 17
93 33 24
93 35 44
93 36 57
93 39 39
93 40 39
93 41 61
93 49 50
93 55 43
93 56 36
93 57 58
93 59 67
93 60 53
93 64 9
93 65 52
93 67 5
93 68 52
93 79 30
93 83 52
93 91 57
94 8 43
94 10 63
94 17 47
94 18 7
94 19 26
94 20 64
94 25 73
94 29 27
94 40 78
94 41 51
94 45 54
94 53 58
94 58 48
94 59 49
94 60 18
94 65 96
94 66 66
94 69 50
94 70 40
94 72 26
94 73 57
94 74 43
94 77 30
94 80 33
94 82 61
95 5 69
95 8 45
95 9 64
95 10 91
95 11 98
95 12 36
95 13 76
95 19 62
95 23 50
95 24 118
95 26 78
95 27 114
95 30 64
95 32 119
95 34 41
95 38 91
95 40 9
95 51 98
95 55 64
95 56 51
95 57 101
95 62 81
95 74 57
95 75 61
95 84 75
95 85 49
95 86 102
95 90 98
95 91 91
96 0 27
96 1 38
96 19 8
96 20 42
96 22 33
96 23 26
96 25 51
96 28 51
96 31 42
96 33 37
96 34 33
96 43 24
96 44 17
96 45 33
96 47 29
96 49 50
96 56 60
96 59 56
96 66 46
96 68 49
96 74 39
96 76 41
96 80 14
96 87 41
96 89 41
96 91 66
97 6 58
97 10 51
97 16 70
97 18 57
97 21 66
97 24 83
97 30 28
97 37 53
97 38 51
97 42 26
97 45 22
97 49 51
97 50 74
97 55 31
97 58 28
97 59 80
97 61 53
97 63 23
97 69 70
97 70 56
97 71 49
97 77 64
97 78 28
97 80 36
97 83 63
97 92 5
98 1 41
98 4 27
98 6 21
98 15 80
98 20 61
98 23 55
98 24 41
98 30 43
98 39 69
98 48 89
98 49 12
98 51 34
98 57 58
98 58 36
98 60 50
98 64 63
98 66 38
98 69 21
98 75 42
98 79 87
98 80 41
98 81 87
98 82 26
98 86 30
98 91 32
98 96 53
99 2 45
99 3 57
99 4 57
99 5 31
99 10 69
99 13 39
99 16 72
99 22 62
99 29 32
99 31 75
99 39 35
99 40 28
99 42 56
99 45 41
99 46 17
99 47 60
99 54 28
99 58 42
99 66 52
99 73 40
99 75 37
99 76 69
99 80 38
99 81 40
99 82 57
99 86 68
99 97 30
100 1 14
100 4 10
100 5 45
100 6 48
100 8 55
100 11 2
100 14 38
100 16 8
100 31 30
100 39 45
100 42 66
100 45 41
100 49 34
100 51 4
100 52 26
100 53 76
100 54 49
100 57 28
100 59 84
100 63 83
100 76 14
100 77 6
100 79 73
100 80 27
100 82 38
100 85 66
100 86 4
101 1 75
101 4 55
101 6 15
101 7 45
101 10 29
101 21 75
101 23 60
101 24 77
101 25 46
101 29 68
101 31 92
101 32 88
101 34 65
101 36 109
101 39 91
101 41 55
101 46 72
101 47 88
101 50 81
101 51 66
101 54 89
101 57 89
101 58 45
101 60 80
101 75 49
101 77 68
101 81 107
101 89 98
101 94 90
101 98 36
102 2 71
102 6 83
102 9 48
102 11 82
102 13 65
102 14 49
102 15 49
102 19 48
102 22 86
102 28 52
102 38 75
102 40 10
102 41 91
102 43 73
102 45 47
102 54 53
102 62 65
102 74 50
102 75 45
102 76 82
102 81 65
102 83 83
102 89 33
102 93 31
102 96 55
102 98 87
103 0 42
103 7 21
103 10 16
103 17 70
103 27 53
103 29 42
103 31 72
103 34 41
103 44 56
103 46 45
103 47 64
103 48 69
103 57 66
103 60 58
103 61 27
103 62 16
103 66 9
103 69 43
103 80 32
103 85 31
103 91 19
103 92 33
103 93 38
103 95 77
104 0 23
104 1 39
104 2 57
104 4 16
104 7 8
104 21 33
104 27 42
104 28 32
104 34 31
104 35 23
104 42 42
104 43 20
104 46 27
104 50 41
104 58 8
104 63 57
104 64 29
104 70 20
104 71 52
104 73 19
104 78 27
104 79 53
104 80 8
104 82 21
104 83 28
104 85 39
104 89 55
104 90 26
104 100 26
104 101 50
104 103 24
105 6 76
105 12 84
105 17 22
105 25 86
105 27 29
105 28 80
105 31 2
105 34 73
105 37 34
105 41 39
105 46 59
105 48 81
105 53 83
105 57 10
105 59 73
105 62 54
105 63 99
105 64 62
105 67 64
105 70 36
105 76 43
105 78 75
105 79 79
105 80 45
105 81 53
105 83 27
105 88 42
105 91 85
105 93 67
105 95 111
105 99 73
105 100 28
105 101 90
105 102 96
106 0 75
106 4 70
106 9 47
106 13 65
106 17 108
106 19 48
106 20 23
106 21 82
106 25 31
106 26 69
106 30 46
106 32 102
106 40 14
106 42 43
106 50 89
106 51 81
106 54 54
106 55 47
106 62 62
106 65 23
106 67 33
106 68 75
106 70 74
106 80 52
106 82 58
106 84 56
106 86 84
106 91 72
106 92 25
106 93 29
106 97 21
106 99 27
106 100 80
106 104 54
107 1 22
107 4 11
107 7 19
107 11 11
107 12 84
107 17 34
107 18 40
107 19 46
107 22 48
107 25 60
107 27 18
107 32 35
107 34 57
107 36 66
107 39 52
107 41 9
107 43 15
107 45 38
107 46 50
107 47 37
107 48 78
107 49 26
107 51 13
107 56 67
107 58 32
107 62 21
107 63 83
107 69 9
107 70 6
107 77 16
107 81 69
107 84 28
107 85 62
107 88 29
107 89 78
107 91 48
107 97 60
107 105 37
108 1 37
108 2 81
108 3 24
108 4 23
108 5 65
108 11 28
108 14 37
108 17 47
108 19 57
108 20 60
108 24 38
108 26 80
108 29 48
108 32 49
108 36 81
108 41 16
108 49 13
108 50 45
108 52 43
108 54 68
108 61 46
108 62 20
108 72 43
108 73 43
108 75 40
108 76 11
108 79 85
108 80 38
108 82 26
108 84 26
108 89 87
108 91 34
108 98 3
108 99 76
108 104 32
108 106 82
108 107 16
109 0 80
109 3 74
109 9 55
109 12 51
109 14 47
109 16 93
109 30 51
109 31 105
109 33 43
109 36 91
109 37 76
109 38 70
109 39 74
109 40 28
109 44 56
109 45 44
109 46 46
109 48 45
109 53 42
109 54 67
109 58 50
109 63 13
109 66 44
109 72 63
109 76 81
109 82 56
109 83 86
109 89 52
109 91 65
109 100 84
109 107 82
109 108 82
110 2 74
110 3 84
110 4 83
110 6 96
110 10 88
110 13 69
110 16 100
110 18 76
110 20 40
110 21 92
110 22 93
110 25 49
110 30 59
110 31 106
110 37 84
110 42 60
110 44 49
110 51 93
110 53 23
110 64 43
110 67 46
110 69 104
110 71 46
110 72 66
110 77 93
110 80 65
110 90 93
110 92 42
110 95 7
110 96 63
110 99 31
110 102 13
110 105 104
110 106 17
110 109 30
111 2 4
111 4 60
111 5 21
111 23 55
111 24 71
111 25 81
111 26 3
111 29 40
111 30 54
111 37 59
111 49 86
111 51 58
111 52 43
111 53 48
111 54 20
111 57 41
111 60 44
111 61 109
111 65 91
111 68 85
111 71 25
111 72 43
111 77 56
111 83 62
111 86 63
111 88 47
111 90 61
111 96 36
111 105 51
112 0 73
112 1 89
112 6 70
112 9 47
112 11 78
112 13 71
112 15 57
112 18 70
112 21 81
112 29 51
112 42 32
112 45 38
112 46 38
112 50 89
112 60 82
112 63 10
112 67 31
112 75 38
112 76 75
112 79 39
112 85 21
112 87 53
112 92 20
112 94 77
112 98 77
112 103 50
112 105 96
112 109 8
113 4 12
113 6 48
113 7 25
113 12 82
113 15 61
113 17 27
113 18 33
113 19 43
113 21 14
113 22 39
113 25 65
113 26 59
113 27 14
113 28 56
113 31 30
113 34 59
113 37 10
113 40 92
113 43 11
113 49 35
113 50 19
113 53 78
113 55 70
113 59 85
113 64 52
113 68 31
113 72 30
113 77 7
113 78 51
113 84 35
113 87 35
113 100 2
113 102 84
113 105 28
113 106 82
113 110 95
113 112 79
114 0 40
114 1 54
114 3 32
114 4 31
114 5 64
114 6 15
114 7 21
114 8 57
114 11 42
114 13 75
114 21 52
114 22 74
114 32 67
114 33 21
114 35 43
114 40 79
114 47 64
114 51 44
114 53 75
114 54 66
114 67 39
114 69 38
114 72 42
114 75 27
114 82 7
114 85 38
114 92 40
114 95 84
114 104 26
115 4 26
115 5 67
115 6 23
115 7 26
115 11 30
115 17 48
115 19 59
115 21 42
115 25 58
115 28 43
115 31 57
115 33 40
115 44 68
115 51 32
115 55 56
115 56 64
115 58 36
115 64 63
115 67 54
115 74 92
115 77 34
115 79 87
115 90 28
115 96 52
115 100 28
115 103 29
115 106 84
115 109 83
115 113 27
116 5 61
116 12 85
116 16 37
116 19 52
116 20 49
116 23 44
116 26 78
116 27 38
116 31 61
116 36 80
116 42 43
116 47 56
116 50 50
116 58 25
116 61 37
116 64 53
116 66 26
116 68 4
116 69 27
116 73 32
116 74 84
116 77 36
116 80 33
116 82 14
116 87 11
116 91 26
116 97 50
116 98 12
116 105 59
116 110 88
116 112 65
116 113 31
116 114 11
116 115 13
117 1 51
117 11 39
117 16 46
117 20 24
117 23 18
117 25 25
117 26 63
117 29 26
117 30 12
117 33 7
117 34 26
117 35 35
117 36 67
117 42 30
117 43 32
117 45 3
117 47 54
117 48 53
117 51 40
117 54 46
117 57 56
117 58 4
117 65 68
117 69 44
117 73 7
117 74 63
117 78 15
117 80 18
117 81 64
117 82 15
117 94 51
117 98 37
117 101 43
117 105 61
117 106 46
117 110 62
117 112 41
117 113 40
117 116 26
118 0 28
118 2 43
118 5 41
118 6 77
118 7 49
118 9 46
118 11 27
118 17 26
118 19 45
118 22 15
118 23 63
118 29 42
118 32 16
118 33 67
118 35 26
118 36 40
118 37 34
118 48 78
118 50 10
118 52 37
118 55 94
118 58 56
118 60 12
118 61 96
118 62 54
118 75 60
118 77 23
118 78 75
118 84 60
118 87 62
118 89 74
118 90 29
118 92 75
118 97 79
118 98 59
118 105 4
118 108 55
118 109 102
119 1 29
119 2 43
119 5 26
119 6 53
119 8 34
119 12 58
119 16 28
119 20 45
119 22 35
119 32 41
119 33 34
119 35 13
119 36 44
119 38 38
119 39 28
119 42 57
119 47 27
119 50 28
119 51 21
119 52 5
119 53 54
119 56 59
119 57 29
119 60 22
119 62 25
119 69 35
119 73 33
119 74 51
119 77 21
119 78 42
119 86 25
119 90 21
119 92 40
119 94 26
119 97 45
119 103 39
119 104 15
119 105 36
119 106 60
119 116 36
119 117 27
120 3 47
120 9 41
120 10 36
120 11 58
120 12 66
120 15 65
120 17 86
120 19 49
120 21 65
120 22 82
120 26 79
120 29 44
120 36 85
120 37 49
120 40 55
120 43 52
120 46 40
120 49 35
120 51 60
120 71 66
120 74 74
120 78 9
120 81 80
120 82 22
120 84 23
120 90 57
120 95 60
120 101 37
120 107 52
120 108 48
120 109 35
120 111 82
120 113 59
121 1 97
121 2 83
121 8 41
121 10 74
121 12 45
121 14 49
121 17 115
121 18 77
121 21 89
121 26 80
121 29 59
121 34 30
121 38 74
121 44 53
121 45 47
121 46 45
121 47 92
121 50 97
121 51 87
121 55 43
121 59 88
121 60 89
121 61 68
121 64 42
121 67 39
121 68 78
121 75 47
121 82 60
121 85 29
121 88 62
121 94 83
121 95 21
121 99 38
121 101 76
121 112 8
121 116 74
121 119 68
122 2 41
122 4 63
122 6 89
122 8 16
122 9 36
122 12 10
122 14 50
122 15 18
122 16 76
122 25 53
122 26 38
122 27 86
122 30 42
122 31 76
122 32 85
122 33 54
122 34 29
122 36 46
122 37 63
122 39 34
122 44 20
122 45 50
122 55 71
122 58 51
122 68 79
122 79 4
122 80 45
122 84 61
122 89 4
122 92 40
122 95 40
122 98 85
122 100 70
122 101 94
122 102 32
122 106 34
122 107 74
122 112 43
122 115 85
122 118 71
122 119 48
122 121 45
123 1 21
123 6 47
123 8 45
123 11 10
123 12 70
123 23 38
123 26 52
123 28 47
123 29 23
123 36 53
123 38 31
123 55 62
123 58 25
123 65 93
123 67 37
123 72 18
123 77 12
123 80 17
123 82 33
123 83 11
123 87 29
123 88 15
123 90 10
123 95 87
123 113 12
123 117 29
124 6 88
124 10 77
124 15 27
124 16 81
124 17 98
124 18 53
124 20 37
124 21 71
124 22 69
124 23 32
124 31 83
124 33 52
124 37 66
124 40 22
124 42 61
124 43 65
124 52 47
124 53 2
124 55 66
124 57 71
124 61 87
124 65 43
124 68 80
124 69 86
124 71 22
124 74 27
124 79 5
124 81 43
124 82 65
124 83 75
124 85 49
124 89 10
124 90 74
124 91 85
124 92 36
124 96 42
124 105 82
124 108 85
124 109 42
124 113 76
124 116 76
124 119 52
124 121 36
124 123 64
125 2 52
125 4 74
125 7 70
125 8 27
125 9 47
125 12 5
125 16 89
125 19 41
125 30 53
125 33 61
125 37 75
125 41 95
125 44 33
125 50 84
125 54 39
125 55 74
125 56 62
125 59 49
125 65 44
125 67 42
125 69 95
125 70 79
125 72 54
125 77 81
125 79 9
125 80 56
125 82 75
125 86 86
125 87 75
125 89 10
125 91 94
125 92 45
125 96 49
125 100 82
125 103 76
125 104 62
125 107 85
125 111 49
125 118 84
125 121 41
126 0 15
126 1 14
126 4 23
126 9 33
126 10 49
126 14 46
126 16 18
126 21 4
126 24 26
126 28 66
126 31 17
126 33 53
126 34 58
126 35 12
126 45 50
126 46 45
126 49 51
126 50 8
126 54 38
126 55 80
126 56 80
126 60 2
126 63 84
126 68 48
126 72 25
126 76 33
126 79 66
126 82 52
126 92 61
126 93 52
126 95 97
126 100 18
126 101 78
126 103 56
126 107 27
126 108 44
126 109 88
126 111 46
126 116 47
127 2 71
127 4 62
127 6 70
127 8 28
127 9 41
127 10 63
127 12 38
127 13 63
127 14 37
127 18 63
127 23 24
127 34 15
127 39 58
127 46 31
127 50 82
127 53 29
127 56 27
127 57 80
127 58 40
127 59 78
127 65 30
127 66 40
127 67 25
127 71 47
127 72 48
127 75 34
127 76 71
127 77 74
127 78 40
127 79 32
127 80 45
127 89 38
127 90 72
127 92 16
127 95 28
127 100 72
127 106 9
127 108 74
127 110 26
127 111 70
127 114 56
127 115 75
127 117 37
127 119 53
127 124 28
127 126 74
128 1 16
128 3 22
128 4 23
128 5 59
128 8 70
128 12 94
128 20 73
128 25 74
128 26 70
128 27 4
128 32 25
128 33 54
128 36 69
128 37 21
128 38 36
128 39 58
128 40 103
128 44 64
128 48 89
128 52 41
128 53 90
128 55 77
128 56 81
128 58 46
128 59 96
128 62 35
128 66 57
128 68 33
128 70 18
128 71 80
128 75 51
128 76 17
128 77 17
128 84 43
128 93 64
128 96 47
128 101 64
128 117 49
128 118 34
128 122 84
129 0 38
129 1 52
129 5 24
129 7 30
129 9 9
129 13 36
129 14 22
129 18 31
129 19 13
129 23 11
129 24 63
129 31 58
129 33 28
129 34 16
129 35 36
129 45 24
129 46 5
129 48 33
129 51 43
129 54 24
129 57 48
129 63 42
129 67 10
129 68 50
129 69 55
129 78 37
129 80 16
129 86 47
129 90 43
129 92 23
129 93 10
129 94 38
129 96 16
129 101 67
129 103 40
129 112 39
129 113 46
129 115 56
129 118 54
129 119 23
129 125 40
129 126 42
130 3 8
130 4 8
130 6 37
130 8 55
130 10 21
130 16 18
130 21 25
130 26 65
130 30 30
130 35 17
130 37 9
130 38 22
130 49 23
130 52 28
130 63 78
130 64 49
130 66 39
130 67 43
130 68 20
130 75 33
130 79 73
130 82 28
130 88 26
130 94 44
130 97 56
130 103 32
130 107 4
130 109 78
130 114 29
130 121 81
130 125 82
130 127 67
130 128 18
131 1 24
131 2 65
131 3 8
131 4 8
131 12 81
131 15 62
131 16 17
131 18 38
131 19 43
131 20 56
131 21 24
131 22 48
131 23 45
131 28 46
131 30 31
131 42 58
131 45 35
131 46 47
131 48 75
131 53 75
131 56 64
131 60 30
131 61 57
131 63 79
131 65 99
131 72 29
131 74 75
131 75 34
131 86 13
131 88 26
131 100 10
131 102 79
131 107 3
131 109 79
131 110 90
131 115 19
131 116 20
131 117 31
131 119 23
131 120 49
131 124 73
131 126 27
131 127 68
131 129 42
131 130 1
132 2 55
132 7 30
132 14 17
132 17 77
132 18 41
132 19 24
132 21 51
132 23 0
132 26 53
132 30 14
132 32 71
132 34 8
132 35 42
132 38 45
132 49 46
132 50 58
132 51 49
132 52 26
132 53 34
132 57 57
132 66 28
132 67 1
132 70 43
132 73 15
132 77 50
132 82 33
132 86 52
132 87 33
132 88 24
132 89 38
132 91 53
132 98 55
132 99 24
132 113 50
132 114 40
132 116 44
132 123 38
132 124 32
132 125 41
132 130 44
133 3 67
133 6 103
133 10 88
133 17 85
133 22 46
133 31 64
133 33 72
133 34 52
133 36 23
133 39 25
133 40 58
133 42 89
133 44 28
133 46 40
133 47 51
133 48 34
133 50 64
133 51 67
133 54 22
133 55 94
133 57 53
133 61 109
133 68 90
133 69 85
133 72 47
133 74 10
133 75 62
133 77 66
133 90 70
133 97 64
133 101 111
133 103 84
133 107 77
133 113 72
133 116 86
133 117 67
133 119 52
133 121 73
133 123 63
133 127 62
133 128 83
133 130 75
134 7 50
134 12 47
134 13 69
134 14 35
134 16 80
134 21 76
134 22 85
134 26 74
134 27 87
134 40 30
134 42 27
134 43 64
134 50 84
134 51 73
134 54 57
134 55 32
134 59 86
134 63 16
134 66 34
134 72 50
134 73 27
134 74 61
134 77 74
134 79 40
134 81 72
134 85 15
134 92 14
134 97 10
134 102 20
134 107 70
134 109 12
134 113 74
134 118 89
134 121 15
134 128 84
134 130 66
134 131 66
135 1 17
135 2 44
135 4 16
135 5 32
135 6 58
135 12 69
135 14 38
135 18 18
135 22 26
135 29 23
135 35 5
135 39 31
135 41 29
135 44 38
135 48 65
135 50 15
135 58 34
135 61 74
135 69 28
135 73 45
135 77 10
135 82 44
135 83 14
135 86 16
135 93 45
135 95 91
135 96 21
135 97 58
135 100 14
135 109 81
135 111 47
135 115 41
135 124 64
135 126 8
135 128 27
135 131 21
135 132 43
136 1 64
136 2 76
136 11 51
136 12 63
136 17 80
136 22 75
136 24 71
136 27 64
136 30 24
136 34 26
136 45 10
136 56 21
136 60 61
136 64 35
136 69 55
136 72 38
136 73 7
136 75 15
136 79 55
136 83 51
136 85 16
136 86 54
136 87 20
136 91 31
136 94 64
136 95 61
136 97 21
136 100 50
136 101 38
136 102 46
136 104 25
136 106 42
136 107 46
136 109 38
136 112 34
136 124 53
136 127 33
136 128 60
136 129 31
137 1 33
137 3 26
137 8 31
137 13 23
137 14 34
137 21 23
137 24 45
137 34 39
137 38 50
137 40 67
137 46 25
137 47 22
137 49 52
137 53 49
137 56 66
137 58 32
137 63 64
137 66 50
137 71 36
137 73 41
137 74 42
137 75 33
137 77 27
137 79 45
137 85 59
137 86 33
137 91 69
137 97 49
137 98 53
137 101 76
137 102 61
137 111 34
137 115 52
137 117 36
137 119 12
137 121 69
137 123 22
137 125 55
137 130 34
137 131 34
137 132 33
137 133 40
137 135 17
138 1 74
138 5 69
138 10 34
138 18 71
138 21 70
138 28 6
138 36 93
138 39 74
138 55 8
138 63 49
138 67 36
138 72 51
138 75 29
138 80 44
138 87 26
138 96 57
138 99 58
138 102 53
138 108 47
138 110 66
138 111 91
138 112 39
138 117 26
138 119 53
138 121 47
138 126 72
138 127 40
138 134 33
138 137 62
139 3 12
139 4 13
139 10 39
139 11 13
139 12 67
139 13 38
139 16 19
139 19 27
139 20 54
139 25 59
139 27 29
139 33 41
139 34 48
139 37 11
139 45 38
139 48 62
139 50 19
139 51 12
139 52 14
139 56 68
139 57 22
139 63 74
139 64 39
139 65 94
139 66 48
139 67 38
139 71 52
139 74 58
139 77 11
139 85 61
139 90 14
139 98 40
139 99 52
139 106 70
139 109 77
139 121 78
139 123 8
139 127 63
139 128 28
139 131 20
139 133 56
140 4 53
140 5 15
140 10 77
140 14 59
140 17 66
140 18 21
140 20 66
140 21 42
140 23 51
140 25 76
140 27 66
140 28 80
140 30 47
140 31 44
140 33 66
140 34 54
140 35 44
140 41 69
140 44 27
140 45 62
140 63 73
140 66 75
140 72 36
140 76 66
140 86 55
140 87 70
140 90 54
140 91 95
140 92 62
140 106 69
140 114 78
140 115 79
140 116 75
140 121 80
140 122 38
140 124 47
140 126 38
140 129 40
140 133 19
140 137 26
141 0 35
141 9 38
141 10 68
141 11 37
141 20 72
141 22 6
141 23 55
141 24 45
141 26 24
141 28 79
141 29 34
141 30 47
141 31 24
141 37 40
141 43 35
141 44 37
141 50 25
141 54 28
141 60 19
141 65 103
141 69 53
141 70 44
141 75 56
141 77 33
141 82 68
141 83 39
141 84 61
141 85 82
141 86 40
141 90 39
141 97 71
141 98 68
141 101 96
141 103 71
141 107 48
141 108 65
141 111 27
141 112 84
141 115 67
141 120 78
141 121 90
141 128 49
141 131 48
141 132 55
141 133 40
141 138 85
141 140 20
142 2 55
142 3 30
142 4 30
142 5 34
142 8 23
142 10 37
142 18 38
142 21 44
142 22 56
142 26 53
142 27 56
142 29 18
142 30 6
142 31 61
142 32 64
142 35 35
142 39 39
142 40 50
142 44 27
142 46 16
142 47 49
142 49 38
142 51 41
142 52 20
142 59 73
142 61 53
142 63 43
142 64 17
142 65 62
142 68 40
142 70 34
142 73 13
142 78 25
142 81 53
142 82 26
142 91 48
142 94 45
142 95 58
142 102 42
142 103 28
142 111 56
142 114 34
142 117 11
142 120 26
142 121 45
142 122 40
142 131 36
142 134 32
142 138 34
142 139 32
142 141 52
143 3 27
143 4 28
143 7 40
143 9 42
143 15 57
143 18 26
143 19 44
143 23 59
143 28 72
143 29 38
143 31 11
143 35 18
143 37 25
143 38 52
143 41 30
143 45 57
143 48 78
143 49 54
143 50 1
143 51 15
143 55 86
143 57 13
143 61 86
143 62 45
143 63 93
143 64 57
143 66 66
143 67 58
143 70 27
143 72 34
143 83 18
143 87 53
143 88 35
143 92 69
143 94 27
143 95 106
143 105 9
143 110 100
143 113 18
143 114 59
143 116 49
143 119 29
143 120 73
143 128 24
143 131 29
143 133 65
143 137 30
144 0 65
144 3 61
144 15 42
144 20 18
144 21 72
144 22 76
144 23 22
144 24 91
144 33 38
144 37 62
144 39 52
144 41 80
144 43 62
144 44 34
144 51 71
144 59 70
144 61 68
144 66 43
144 72 45
144 75 34
144 78 43
144 82 52
144 83 72
144 84 48
144 86 74
144 89 30
144 90 70
144 91 68
144 92 19
144 96 44
144 102 11
144 106 10
144 107 71
144 111 63
144 112 15
144 119 50
144 125 28
144 129 28
144 134 15
144 138 46
145 2 48
145 3 23
145 4 24
145 7 36
145 9 38
145 21 3
145 22 24
145 23 55
145 27 22
145 31 15
145 32 16
145 34 63
145 39 38
145 42 79
145 45 52
145 47 13
145 48 75
145 50 4
145 55 82
145 56 82
145 62 41
145 72 30
145 73 56
145 76 30
145 77 9
145 78 62
145 84 47
145 91 72
145 100 16
145 104 37
145 107 25
145 109 92
145 111 51
145 112 85
145 118 13
145 124 74
145 125 81
145 130 27
145 138 73
145 140 44
145 142 48
145 144 75
146 11 13
146 27 26
146 29 28
146 31 41
146 32 39
146 33 32
146 37 5
146 39 45
146 41 18
146 44 46
146 45 30
146 48 69
146 49 25
146 51 15
146 52 22
146 53 69
146 54 47
146 56 60
146 57 37
146 58 23
146 65 93
146 69 19
146 72 23
146 78 37
146 79 67
146 82 27
146 83 13
146 84 22
146 89 69
146 97 51
146 99 58
146 100 11
146 101 52
146 102 73
146 104 16
146 110 84
146 112 67
146 123 7
146 126 26
146 134 61
146 138 48
146 141 45
146 143 30
146 145 26
147 4 25
147 5 18
147 8 35
147 16 32
147 18 6
147 21 19
147 26 31
147 31 31
147 34 43
147 40 71
147 41 42
147 42 68
147 44 25
147 47 18
147 51 25
147 52 12
147 53 53
147 56 69
147 57 21
147 58 34
147 61 79
147 63 69
147 65 88
147 66 53
147 69 42
147 70 29
147 72 13
147 74 45
147 75 36
147 76 38
147 84 41
147 94 13
147 95 80
147 96 10
147 97 52
147 98 53
147 105 30
147 106 65
147 108 49
147 111 34
147 115 51
147 116 48
147 117 38
147 120 58
147 125 59
147 131 33
147 133 42
147 134 62
147 135 14
147 140 27
148 2 43
148 10 46
148 13 34
148 18 27
148 21 39
148 25 39
148 26 40
148 27 56
148 28 42
148 30 11
148 34 20
148 36 45
148 44 15
148 45 24
148 49 47
148 52 14
148 57 44
148 61 66
148 69 52
148 72 12
148 76 44
148 82 37
148 84 31
148 87 36
148 90 39
148 93 14
148 98 53
148 99 25
148 100 39
148 102 43
148 103 40
148 106 42
148 107 42
148 108 51
148 113 42
148 116 44
148 119 18
148 121 50
148 126 38
148 127 36
148 131 39
148 135 31
148 143 47
148 145 43
149 0 30
149 3 22
149 5 52
149 16 38
149 23 32
149 28 24
149 29 33
149 39 55
149 44 49
149 46 40
149 48 66
149 52 30
149 56 42
149 57 54
149 59 93
149 60 46
149 63 62
149 67 31
149 69 33
149 71 66
149 73 20
149 76 22
149 80 23
149 85 38
149 96 37
149 98 23
149 99 55
149 103 12
149 104 14
149 108 22
149 110 76
149 111 73
149 121 63
149 122 64
149 127 51
149 128 39
149 135 36
149 136 21
149 140 66
149 143 49
150 1 111
150 4 90
150 5 77
150 7 80
150 15 70
150 17 129
150 27 116
150 28 61
150 29 72
150 41 108
150 42 53
150 44 64
150 48 46
150 49 89
150 50 110
150 52 77
150 55 56
150 64 54
150 66 63
150 69 109
150 75 61
150 77 102
150 80 73
150 85 42
150 86 104
150 88 76
150 94 95
150 97 39
150 98 101
150 100 100
150 104 74
150 105 117
150 107 99
150 114 80
150 118 114
150 119 82
150 120 54
150 123 90
150 125 45
150 138 60
150 148 64
151 1 28
151 8 41
151 9 25
151 22 17
151 24 40
151 28 65
151 29 21
151 34 50
151 35 19
151 39 18
151 42 75
151 44 30
151 48 56
151 49 57
151 54 24
151 55 79
151 58 41
151 60 13
151 68 55
151 70 32
151 71 42
151 72 20
151 81 33
151 82 54
151 88 23
151 90 29
151 91 76
151 93 44
151 98 56
151 101 83
151 102 72
151 106 71
151 107 37
151 110 79
151 117 45
151 118 21
151 119 18
151 123 24
151 125 63
151 132 43
151 133 43
151 134 69
151 135 14
151 139 16
151 142 39
151 143 22
151 149 47
152 2 91
152 9 65
152 10 84
152 17 125
152 19 67
152 30 62
152 31 115
152 33 57
152 34 40
152 35 91
152 38 84
152 41 104
152 42 48
152 48 46
152 50 107
152 59 94
152 60 100
152 61 76
152 62 76
152 68 88
152 71 65
152 73 53
152 74 70
152 79 48
152 84 69
152 92 40
152 93 47
152 94 93
152 95 18
152 100 97
152 105 114
152 106 19
152 109 14
152 120 49
152 121 10
152 122 52
152 123 87
152 132 48
152 136 52
152 146 86
152 148 61
153 12 60
153 18 73
153 19 56
153 21 79
153 22 92
153 36 90
153 38 53
153 41 76
153 44 56
153 52 56
153 56 5
153 57 88
153 59 98
153 60 81
153 61 43
153 72 55
153 78 26
153 79 54
153 87 42
153 90 72
153 92 20
153 96 58
153 97 17
153 102 34
153 104 46
153 105 94
153 106 29
153 107 68
153 108 65
153 110 46
153 111 86
153 113 74
153 115 66
153 118 93
153 124 50
153 125 57
153 143 87
153 148 46
154 3 29
154 5 20
154 9 25
154 10 55
154 13 23
154 15 34
154 17 43
154 33 52
154 37 27
154 38 56
154 40 77
154 46 35
154 49 57
154 50 21
154 56 76
154 62 43
154 66 59
154 72 20
154 76 42
154 77 24
154 80 27
154 83 29
154 89 53
154 93 44
154 94 7
154 99 48
154 101 83
154 114 59
154 118 21
154 120 65
154 126 14
154 127 66
154 132 43
154 138 71
154 139 16
154 142 39
154 143 22
154 145 20
154 146 32
154 147 7
154 153 75
155 3 11
155 7 13
155 11 18
155 19 44
155 20 52
155 21 29
155 23 43
155 24 34
155 30 29
155 31 46
155 32 43
155 37 12
155 46 47
155 47 42
155 50 35
155 51 20
155 54 55
155 55 55
155 56 59
155 62 12
155 64 49
155 73 35
155 75 31
155 80 26
155 81 70
155 86 19
155 91 40
155 92 48
155 97 53
155 105 44
155 108 13
155 115 15
155 119 25
155 120 44
155 124 73
155 129 42
155 134 63
155 139 24
155 145 32
155 154 40
156 3 60
156 4 59
156 9 39
156 10 60
156 11 70
156 12 40
156 15 49
156 16 78
156 18 62
156 21 73
156 22 80
156 27 86
156 31 89
156 36 75
156 37 61
156 39 57
156 46 30
156 48 33
156 50 80
156 51 71
156 52 48
156 53 31
156 56 25
156 58 37
156 63 13
156 65 33
156 69 79
156 71 47
156 73 28
156 75 31
156 77 72
156 78 37
156 81 66
156 82 46
156 84 44
156 87 48
156 88 46
156 91 60
156 93 20
156 94 68
156 97 9
156 104 43
156 108 71
156 111 70
156 113 72
156 114 53
156 115 72
156 121 16
156 129 30
156 135 65
156 136 30
156 145 77
156 146 60
156 147 58
157 0 60
157 1 76
157 4 53
157 5 54
157 16 72
157 20 3
157 21 68
157 22 79
157 26 71
157 27 79
157 29 41
157 34 15
157 36 77
157 44 42
157 45 23
157 54 53
157 58 29
157 59 85
157 60 70
157 65 42
157 67 20
157 73 18
157 74 60
157 76 60
157 78 26
157 85 10
157 87 38
157 88 42
157 89 47
157 94 67
157 102 27
157 104 36
157 106 23
157 112 15
157 123 54
157 126 68
157 128 75
157 132 19
157 133 68
157 136 19
157 137 52
157 145 72
157 149 39
157 150 38
157 151 63
157 153 13
157 154 63
158 2 77
158 6 60
158 8 34
158 9 42
158 10 55
158 15 56
158 16 77
158 17 98
158 19 47
158 20 8
158 24 90
158 26 74
158 27 84
158 32 94
158 36 81
158 38 55
158 39 63
158 41 75
158 44 46
158 45 28
158 46 35
158 50 81
158 52 50
158 55 28
158 60 75
158 63 20
158 67 25
158 74 62
158 78 30
158 80 43
158 82 41
158 86 73
158 90 69
158 92 12
158 93 24
158 94 72
158 95 38
158 98 67
158 101 58
158 103 40
158 104 42
158 105 89
158 107 67
158 108 67
158 110 36
158 115 68
158 117 32
158 118 87
158 122 45
158 124 39
158 127 11
158 130 63
158 132 24
158 135 66
158 136 24
158 137 57
158 141 79
158 143 82
158 144 18
158 147 61
158 148 38
158 150 33
158 157 5
159 2 75
159 4 42
159 8 38
159 11 54
159 13 67
159 15 59
159 19 43
159 27 67
159 29 38
159 32 79
159 33 8
159 34 24
159 35 50
159 36 78
159 39 59
159 42 16
159 44 46
159 47 68
159 49 35
159 51 55
159 53 52
159 54 55
159 55 20
159 57 70
159 62 28
159 63 40
159 72 39
159 78 10
159 82 20
159 84 20
159 85 13
159 92 14
159 95 58
159 98 46
159 101 40
159 110 56
159 115 47
159 117 14
159 121 39
159 122 54
159 123 44
159 131 45
159 132 21
159 134 24
159 137 49
159 141 72
159 147 52
159 151 59
159 152 49
159 153 19
159 157 16
160 2 83
160 5 62
160 7 32
160 11 57
160 12 68
160 13 74
160 14 21
160 16 64
160 31 83
160 34 32
160 38 33
160 43 51
160 49 33
160 54 63
160 58 24
160 59 99
160 60 68
160 75 22
160 76 48
160 77 60
160 82 19
160 92 21
160 96 50
160 99 52
160 100 56
160 102 48
160 103 17
160 104 32
160 106 44
160 114 24
160 121 43
160 146 44
160 147 58
160 154 65
160 155 42
160 158 25
160 159 7
161 4 60
161 7 56
161 12 13
161 15 19
161 18 45
161 19 26
161 21 63
161 26 38
161 28 61
161 33 51
161 36 46
161 41 80
161 47 60
161 63 36
161 66 58
161 68 76
161 72 39
161 78 59
161 81 35
161 82 63
161 85 51
161 87 62
161 88 42
161 90 67
161 97 36
161 98 82
161 99 6
161 101 90
161 102 30
161 103 64
161 105 73
161 107 71
161 112 40
161 113 69
161 114 70
161 117 48
161 122 3
161 128 82
161 137 40
161 143 70
161 144 25
161 145 67
161 152 50
161 158 42
162 2 64
162 3 28
162 4 27
162 6 39
162 10 28
162 19 32
162 21 45
162 28 21
162 31 63
162 32 64
162 36 66
162 38 28
162 41 43
162 47 53
162 51 40
162 53 51
162 54 45
162 57 55
162 63 48
162 64 27
162 65 67
162 69 45
162 74 61
162 78 17
162 85 28
162 86 42
162 94 50
162 97 25
162 98 38
162 100 38
162 106 45
162 112 41
162 114 23
162 117 1
162 119 26
162 122 50
162 123 29
162 125 59
162 130 31
162 136 14
162 137 34
162 138 27
162 144 37
162 145 48
162 146 26
162 150 64
162 153 34
163 0 8
163 2 61
163 5 47
163 6 43
163 8 55
163 11 7
163 12 80
163 17 33
163 25 60
163 26 61
163 38 28
163 44 51
163 48 75
163 50 24
163 52 27
163 53 75
163 55 64
163 57 33
163 59 86
163 63 81
163 68 26
163 71 67
163 72 28
163 73 42
163 78 45
163 84 29
163 85 62
163 91 51
163 99 64
163 106 78
163 110 91
163 112 75
163 116 25
163 119 22
163 122 70
163 125 82
163 127 70
163 134 69
163 140 57
163 142 38
163 143 24
163 144 68
163 148 39
163 154 32
163 155 11
163 157 60
163 161 67
164 6 6
164 13 84
164 20 50
164 22 81
164 24 61
164 25 42
164 27 52
164 29 54
164 34 56
164 35 50
164 37 41
164 45 32
164 46 59
164 49 11
164 51 50
164 55 35
164 58 32
164 66 24
164 68 15
164 70 38
164 71 86
164 72 51
164 73 34
164 75 37
164 76 32
164 81 93
164 84 23
164 85 44
164 86 48
164 88 47
164 92 48
164 93 53
164 95 92
164 100 45
164 102 77
164 104 36
164 109 68
164 110 90
164 112 64
164 116 15
164 117 31
164 119 49
164 120 32
164 129 55
164 130 34
164 131 35
164 135 55
164 136 31
164 141 80
164 145 61
164 149 21
164 151 67
164 154 67
164 156 61
164 162 33
165 1 25
165 3 4
165 7 12
165 8 50
165 12 76
165 15 57
165 26 60
165 27 25
165 29 29
165 35 14
165 36 61
165 38 23
165 39 46
165 40 82
165 44 47
165 45 31
165 46 42
165 54 48
165 57 37
165 59 85
165 62 15
165 64 44
165 69 18
165 72 24
165 75 29
165 79 68
165 87 23
165 93 43
165 97 52
165 99 59
165 104 17
165 106 71
165 108 20
165 110 85
165 113 13
165 118 39
165 121 77
165 127 63
165 140 56
165 141 45
165 142 31
165 143 30
165 144 62
165 145 26
165 148 34
165 149 19
165 152 87
165 154 33
165 159 41
165 160 44
165 162 27
165 164 35
166 2 76
166 5 56
166 6 26
166 13 67
166 23 29
166 28 13
166 35 42
166 43 38
166 45 12
166 50 59
166 52 36
166 53 63
166 57 64
166 58 14
166 59 96
166 61 31
166 67 28
166 71 67
166 73 14
166 79 63
166 80 28
166 81 76
166 89 67
166 90 41
166 91 24
166 92 28
166 95 72
166 101 31
166 103 5
166 108 31
166 110 70
166 113 43
166 118 68
166 119 36
166 121 55
166 123 35
166 124 61
166 126 54
166 130 32
166 133 79
166 134 39
166 136 12
166 145 55
166 149 11
166 151 54
166 152 65
166 154 54
166 158 36
166 159 15
167 0 36
167 2 26
167 7 53
167 8 54
167 10 70
167 12 68
167 29 38
167 32 33
167 34 66
167 35 32
167 43 36
167 45 65
167 50 24
167 53 69
167 56 93
167 58 58
167 59 52
167 60 19
167 61 101
167 72 37
167 73 68
167 74 51
167 77 33
167 79 64
167 80 44
167 81 33
167 86 40
167 87 67
167 88 40
167 90 40
167 97 75
167 99 61
167 101 99
167 105 21
167 109 97
167 110 92
167 111 30
167 118 17
167 120 82
167 122 60
167 125 72
167 126 21
167 135 27
167 137 27
167 142 56
167 144 76
167 146 47
167 149 63
167 150 107
167 151 17
167 154 17
167 157 79
167 163 44
167 165 47
168 2 27
168 3 81
168 4 81
168 5 39
168 11 82
168 12 40
168 20 79
168 23 67
168 33 87
168 39 38
168 42 103
168 44 43
168 45 82
168 46 54
168 49 105
168 50 75
168 51 80
168 52 62
168 54 36
168 59 4
168 64 55
168 71 28
168 78 96
168 82 96
168 87 94
168 98 108
168 99 48
168 100 83
168 101 125
168 102 70
168 103 99
168 104 76
168 106 73
168 109 89
168 110 69
168 111 23
168 112 82
168 114 103
168 121 84
168 127 74
168 132 67
168 133 14
168 141 50
168 143 76
168 146 84
168 147 56
168 149 91
168 151 55
168 153 95
168 154 55
168 156 75
168 157 82
168 161 42
168 162 80
168 163 86
168 164 112
168 166 94
169 6 101
169 13 37
169 18 52
169 19 38
169 20 53
169 24 95
169 29 47
169 33 66
169 35 69
169 37 73
169 38 89
169 43 70
169 44 29
169 47 67
169 49 90
169 52 53
169 55 83
169 56 72
169 57 69
169 59 35
169 63 46
169 66 74
169 67 46
169 68 91
169 74 13
169 78 75
169 80 55
169 85 66
169 87 78
169 88 55
169 89 8
169 92 52
169 99 22
169 106 43
169 109 59
169 116 87
169 131 81
169 136 68
169 141 58
169 144 38
169 147 53
169 148 42
169 150 59
169 153 68
169 155 81
169 156 47
169 158 56
169 164 95
170 1 86
170 2 32
170 7 82
170 9 57
170 15 27
170 19 47
170 20 73
170 23 62
170 25 85
170 29 56
170 34 60
170 35 75
170 38 102
170 39 40
170 40 58
170 41 100
170 42 97
170 43 76
170 49 103
170 57 68
170 59 14
170 62 88
170 70 86
170 75 73
170 76 95
170 79 34
170 80 66
170 82 93
170 83 86
170 84 86
170 86 87
170 89 29
170 93 59
170 99 41
170 101 122
170 102 61
170 103 95
170 105 79
170 106 64
170 109 81
170 112 74
170 113 87
170 117 78
170 119 66
170 124 39
170 127 67
170 128 98
170 130 89
170 134 75
170 136 85
170 137 55
170 138 99
170 147 57
170 148 55
170 150 80
170 151 58
170 154 58
170 159 84
170 166 90
171 0 67
171 3 69
171 7 71
171 14 67
171 15 17
171 17 88
171 19 36
171 22 49
171 25 78
171 26 19
171 29 46
171 35 63
171 38 91
171 40 58
171 47 54
171 48 34
171 49 92
171 50 67
171 52 50
171 54 25
171 55 95
171 58 67
171 61 111
171 63 66
171 64 42
171 71 16
171 72 50
171 76 83
171 77 69
171 84 77
171 88 54
171 97 65
171 104 64
171 105 67
171 106 62
171 112 70
171 114 90
171 119 54
171 124 37
171 128 86
171 132 55
171 133 3
171 134 70
171 138 91
171 139 59
171 145 66
171 152 80
171 153 82
171 157 69
171 159 76
171 161 30
171 162 67
171 163 75
171 165 73
171 167 47
171 170 12
172 0 18
172 4 9
172 8 49
172 10 17
172 19 39
172 20 46
172 25 46
172 28 36
172 31 48
172 35 20
172 38 18
172 40 79
172 41 21
172 45 25
172 49 19
172 50 37
172 56 54
172 60 35
172 61 49
172 63 70
172 65 89
172 70 10
172 73 29
172 76 12
172 83 19
172 88 21
172 89 69
172 90 18
172 91 39
172 93 40
172 94 45
172 105 46
172 108 18
172 109 69
172 111 67
172 112 63
172 114 22
172 119 21
172 123 13
172 124 67
172 126 32
172 127 59
172 130 9
172 133 72
172 134 57
172 138 42
172 140 60
172 142 28
172 143 37
172 144 58
172 145 33
172 148 33
172 150 86
172 151 38
172 152 82
172 154 38
172 157 48
172 158 54
172 159 35
172 160 38
172 161 62
172 162 22
172 167 53
172 168 87
173 1 87
173 2 70
173 12 34
173 16 84
173 19 45
173 22 83
173 24 97
173 29 47
173 34 19
173 38 69
173 39 58
173 44 40
173 49 69
173 58 45
173 64 30
173 69 86
173 75 39
173 76 76
173 80 49
173 86 80
173 94 71
173 95 22
173 97 18
173 98 80
173 101 75
173 104 50
173 112 10
173 114 62
173 117 43
173 126 77
173 127 6
173 128 89
173 133 60
173 143 86
173 144 6
173 145 82
173 149 57
173 150 25
173 160 41
173 166 50
173 168 72
173 171 60
173 172 63
174 6 93
174 8 34
174 9 54
174 12 26
174 13 65
174 18 72
174 20 37
174 22 89
174 23 41
174 24 109
174 27 105
174 28 62
174 33 58
174 36 75
174 37 80
174 39 62
174 41 99
174 42 58
174 46 41
174 49 86
174 50 95
174 52 63
174 55 63
174 58 60
174 70 84
174 76 90
174 78 63
174 79 25
174 86 93
174 97 35
174 101 93
174 103 72
174 108 94
174 111 68
174 122 29
174 123 78
174 125 21
174 126 86
174 130 86
174 137 65
174 140 68
174 144 20
174 149 72
174 153 44
174 158 34
174 164 87
174 170 56
174 173 17
175 6 50
175 14 14
175 16 41
175 21 36
175 26 47
175 38 37
175 43 24
175 44 25
175 45 17
175 50 43
175 51 34
175 52 12
175 54 31
175 57 43
175 58 12
175 65 70
175 71 42
175 76 35
175 80 5
175 88 8
175 91 51
175 98 44
175 101 58
175 106 47
175 109 53
175 110 59
175 113 35
175 115 44
175 119 14
175 127 39
175 128 46
175 134 40
175 136 27
175 141 44
175 142 8
175 143 44
175 148 9
175 149 24
175 154 31
175 155 30
175 156 37
175 157 33
175 161 38
175 162 14
175 164 45
175 169 52
175 171 55
175 173 43
176 0 19
176 4 13
176 5 55
176 7 18
176 9 40
176 10 18
176 12 86
176 13 64
176 16 21
176 18 45
176 20 57
176 22 54
176 25 57
176 28 44
176 36 71
176 39 56
176 43 20
176 47 43
176 51 20
176 52 33
176 53 80
176 56 63
176 59 96
176 66 39
176 70 10
176 71 74
176 74 81
176 75 36
176 79 78
176 90 15
176 91 42
176 92 54
176 93 51
176 95 98
176 98 14
176 100 15
176 102 82
176 103 31
176 104 25
176 113 15
176 114 26
176 118 45
176 119 29
176 120 49
176 124 78
176 127 70
176 130 5
176 131 6
176 132 48
176 134 68
176 136 43
176 137 40
176 142 39
176 148 44
176 149 21
176 150 98
176 151 42
176 153 65
176 156 68
176 157 59
176 163 10
176 164 31
176 165 10
176 167 55
176 168 95
176 169 86
176 171 84
176 175 35
177 4 41
177 6 65
177 7 36
177 10 53
177 13 36
177 14 26
177 18 34
177 21 49
177 24 69
177 25 37
177 27 66
177 28 43
177 29 17
177 30 19
177 33 32
177 37 42
177 38 53
177 42 48
177 43 40
177 45 28
177 48 27
177 49 55
177 51 49
177 54 24
177 55 53
177 66 40
177 69 61
177 74 35
177 78 41
177 80 22
177 81 41
177 85 38
177 98 62
177 99 16
177 102 34
177 112 36
177 113 52
177 119 28
177 122 23
177 127 28
177 128 63
177 129 6
177 133 41
177 135 41
177 140 40
177 149 40
177 150 55
177 154 37
177 157 29
177 158 33
177 159 33
177 161 20
177 162 26
177 169 35
177 171 42
177 173 30
178 1 55
178 13 68
178 15 64
178 24 61
178 28 13
178 31 70
178 41 42
178 42 25
178 46 41
178 53 64
178 54 58
178 55 27
178 62 14
178 63 56
178 66 7
178 69 43
178 70 33
178 85 28
178 86 45
178 89 68
178 91 24
178 100 41
178 107 35
178 109 51
178 113 43
178 119 36
178 120 17
178 123 35
178 126 54
178 127 45
178 135 46
178 140 72
178 145 55
178 146 29
178 156 42
178 164 19
178 166 1
178 171 82
179 0 64
179 1 77
179 2 49
179 4 61
179 8 13
179 20 32
179 28 56
179 29 37
179 30 39
179 34 21
179 36 54
179 40 23
179 42 57
179 44 23
179 46 21
179 49 73
179 58 46
179 59 53
179 64 19
179 78 55
179 79 7
179 89 13
179 90 69
179 94 54
179 102 22
179 107 72
179 108 80
179 109 39
179 112 32
179 113 72
179 121 35
179 122 10
179 125 14
179 128 84
179 130 69
179 144 17
179 146 63
179 148 30
179 150 43
179 158 35
179 160 53
179 162 44
179 164 77
179 168 50
179 169 21
179 173 22
179 177 20
180 0 3
180 1 16
180 7 23
180 9 27
180 11 8
180 12 72
180 15 50
180 17 33
180 20 57
180 26 49
180 27 24
180 29 25
180 34 51
180 36 49
180 44 41
180 45 39
180 52 18
180 53 68
180 54 40
180 56 69
180 59 75
180 60 14
180 65 97
180 69 23
180 70 12
180 74 63
180 76 21
180 79 64
180 80 21
180 83 10
180 84 34
180 88 19
180 92 53
180 93 45
180 94 27
180 97 57
180 102 76
180 106 74
180 107 17
180 110 86
180 113 11
180 114 42
180 116 34
180 125 74
180 126 12
180 128 23
180 134 67
180 135 5
180 136 49
180 137 21
180 138 60
180 140 45
180 148 32
180 152 91
180 153 69
180 158 65
180 160 55
180 163 12
180 169 70
180 170 76
180 179 62
181 0 66
181 7 45
181 8 61
181 9 56
181 12 81
181 14 35
181 20 34
181 23 44
181 25 22
181 31 96
181 35 68
181 42 9
181 46 57
181 48 74
181 55 6
181 56 19
181 60 82
181 70 59
181 77 72
181 84 34
181 85 22
181 95 70
181 97 36
181 100 67
181 101 27
181 103 25
181 104 46
181 105 94
181 106 53
181 108 52
181 110 70
181 111 99
181 112 42
181 115 53
181 119 61
181 122 75
181 133 97
181 136 22
181 137 70
181 138 8
181 142 43
181 143 85
181 156 42
181 157 32
181 159 22
181 164 31
181 166 26
181 168 111
181 171 99
181 173 51
181 176 56
181 178 26
181 180 68
182 3 46
182 4 45
182 5 79
182 6 5
182 19 69
182 20 53
182 25 45
182 28 28
182 32 78
182 50 71
182 53 88
182 64 66
182 67 54
182 69 47
182 72 58
182 73 39
182 74 100
182 77 58
182 78 27
182 82 22
182 85 46
182 86 54
182 88 53
182 97 55
182 108 29
182 109 69
182 111 101
182 114 15
182 116 21
182 119 56
182 123 50
182 125 96
182 130 41
182 136 34
182 137 67
182 141 87
182 143 71
182 145 68
182 147 68
182 149 27
182 155 36
182 156 64
182 157 53
182 161 85
182 162 38
182 163 47
182 164 6
182 165 42
182 166 25
182 168 118
182 174 90
182 177 65
182 178 24
182 180 56
182 181 30
183 0 58
183 2 5
183 4 63
183 6 103
183 7 68
183 8 47
183 9 47
183 11 62
183 18 31
183 21 51
183 23 60
183 28 90
183 30 58
183 34 62
183 35 54
183 36 7
183 40 75
183 43 57
183 47 39
183 49 89
183 57 41
183 58 67
183 59 22
183 68 88
183 69 78
183 72 46
183 80 54
183 82 83
183 83 64
183 87 81
183 88 51
183 92 72
183 97 74
183 98 90
183 99 49
183 100 63
183 107 72
183 111 5
183 112 83
183 114 89
183 115 89
183 128 75
183 129 49
183 133 18
183 142 60
183 145 52
183 146 66
183 147 37
183 149 77
183 153 91
183 155 74
183 162 69
183 168 23
183 169 41
183 171 20
183 179 52
184 1 9
184 2 62
184 3 31
184 5 55
184 11 20
184 12 94
184 15 70
184 16 13
184 17 8
184 20 82
184 29 49
184 31 18
184 35 26
184 37 30
184 39 53
184 40 108
184 43 28
184 46 65
184 48 90
184 49 54
184 52 43
184 69 24
184 71 77
184 73 67
184 76 33
184 77 18
184 78 71
184 79 88
184 81 68
184 86 18
184 88 44
184 99 81
184 100 21
184 102 101
184 109 105
184 110 111
184 112 98
184 116 50
184 120 79
184 121 106
184 123 30
184 125 97
184 130 31
184 137 42
184 139 29
184 140 59
184 142 60
184 147 38
184 148 57
184 149 52
184 152 117
184 154 35
184 157 85
184 160 78
184 162 59
184 167 37
184 170 93
184 171 81
184 173 96
184 177 67
184 181 89
185 6 61
185 16 81
185 22 88
185 23 28
185 29 50
185 33 31
185 35 68
185 52 54
185 55 27
185 59 90
185 62 50
185 63 19
185 67 29
185 69 80
185 73 27
185 79 45
185 81 76
185 85 12
185 93 28
185 100 73
185 101 59
185 103 42
185 112 9
185 113 75
185 114 49
185 116 58
185 118 91
185 121 17
185 123 63
185 124 41
185 127 13
185 128 84
185 131 67
185 132 28
185 133 74
185 136 26
185 140 77
185 142 34
185 145 81
185 150 31
185 151 72
185 152 26
185 153 9
185 155 63
185 156 11
185 157 9
185 158 4
185 159 23
185 160 26
185 169 59
185 172 57
185 179 38
185 182 58
185 183 85
185 184 94
186 1 28
186 6 80
186 10 64
186 11 32
186 13 25
186 19 33
186 21 20
186 22 6
186 23 54
186 27 43
186 30 45
186 31 19
186 32 31
186 41 49
186 42 86
186 43 30
186 44 39
186 50 20
186 69 48
186 72 31
186 73 62
186 76 48
186 78 71
186 80 38
186 82 64
186 83 34
186 86 35
186 94 7
186 96 28
186 104 44
186 110 88
186 118 15
186 119 29
186 120 76
186 121 90
186 123 33
186 124 65
186 135 21
186 138 82
186 143 21
186 144 71
186 146 40
186 154 11
186 158 78
186 159 70
186 161 56
186 163 38
186 164 76
186 165 41
186 166 65
186 169 61
186 171 47
186 176 49
186 177 47
186 178 65
186 179 62
186 180 27
186 185 82
187 2 45
187 4 69
187 5 36
187 7 65
187 12 4
187 17 99
187 20 44
187 22 67
187 24 94
187 29 43
187 33 59
187 36 50
187 40 28
187 42 69
187 44 26
187 45 55
187 55 74
187 58 56
187 60 69
187 66 66
187 67 39
187 69 89
187 87 71
187 89 3
187 90 76
187 91 91
187 92 43
187 96 43
187 98 91
187 102 30
187 106 33
187 108 89
187 111 42
187 114 79
187 119 54
187 120 63
187 122 6
187 123 66
187 124 8
187 129 35
187 141 60
187 144 28
187 146 71
187 151 56
187 153 58
187 156 38
187 157 46
187 160 65
187 162 55
187 167 65
187 168 40
187 175 47
187 176 82
187 179 12
187 184 91
188 3 25
188 10 47
188 13 53
188 14 52
188 16 8
188 25 78
188 28 70
188 29 42
188 35 19
188 36 55
188 38 48
188 43 21
188 46 58
188 48 84
188 49 49
188 50 9
188 51 12
188 55 84
188 59 84
188 60 17
188 66 64
188 67 60
188 69 21
188 70 23
188 72 38
188 79 81
188 84 49
188 85 81
188 86 12
188 88 37
188 94 35
188 97 76
188 101 76
188 107 23
188 110 104
188 122 78
188 123 23
188 127 85
188 128 15
188 130 26
188 133 73
188 134 86
188 137 36
188 139 22
188 142 53
188 147 32
188 151 30
188 153 87
188 154 30
188 160 71
188 161 76
188 165 26
188 167 34
188 168 84
188 171 76
188 172 33
188 174 100
188 175 45
188 186 30
189 0 17
189 5 37
189 10 26
189 18 31
189 20 41
189 21 27
189 26 54
189 27 36
189 28 37
189 34 37
189 35 17
189 36 56
189 40 70
189 41 29
189 43 13
189 44 37
189 47 37
189 50 35
189 52 15
189 54 40
189 61 55
189 64 33
189 67 27
189 81 57
189 82 24
189 84 17
189 90 20
189 93 31
189 94 38
189 96 22
189 99 48
189 105 43
189 109 64
189 119 12
189 124 57
189 125 66
189 126 29
189 129 26
189 137 24
189 139 17
189 140 50
189 146 10
189 149 16
189 150 80
189 151 30
189 152 76
189 159 33
189 161 52
189 163 18
189 164 37
189 168 77
189 169 65
189 171 65
189 183 61
189 185 52
189 186 40
189 187 61
190 0 73
190 1 89
190 2 73
190 10 69
190 11 78
190 15 51
190 17 106
190 21 80
190 24 99
190 26 70
190 29 50
190 33 41
190 34 21
190 36 77
190 38 69
190 51 79
190 58 46
190 59 78
190 60 80
190 66 46
190 67 31
190 74 53
190 79 32
190 82 55
190 85 28
190 86 82
190 88 53
190 92 23
190 94 73
190 98 81
190 100 78
190 107 78
190 109 14
190 113 80
190 120 38
190 121 10
190 124 27
190 125 33
190 126 79
190 128 91
190 130 73
190 133 63
190 135 72
190 142 38
190 163 76
190 171 63
190 178 51
190 187 35
190 188 91
191 1 64
191 2 59
191 5 39
191 9 22
191 12 41
191 20 12
191 21 56
191 23 5
191 24 74
191 25 22
191 26 56
191 27 69
191 33 21
191 35 47
191 36 62
191 39 44
191 40 38
191 41 62
191 44 28
191 50 63
191 51 54
191 52 31
191 58 22
191 65 49
191 66 29
191 68 51
191 70 48
191 74 48
191 78 29
191 82 35
191 85 24
191 86 57
191 87 36
191 92 8
191 93 5
191 94 53
191 95 45
191 99 23
191 100 53
191 102 29
191 105 70
191 110 41
191 124 31
191 125 40
191 128 66
191 129 15
191 136 22
191 137 37
191 140 54
191 141 60
191 145 60
191 156 17
191 157 15
191 158 19
191 160 28
191 161 30
191 163 51
191 167 64
191 178 31
191 180 48
191 184 73
191 187 37
192 2 63
192 4 36
192 10 37
192 23 10
192 29 27
192 37 38
192 43 39
192 45 8
192 48 44
192 49 38
192 50 59
192 51 48
192 52 29
192 54 43
192 57 60
192 59 80
192 66 18
192 67 9
192 69 54
192 71 49
192 72 28
192 73 5
192 81 61
192 84 20
192 85 21
192 86 50
192 91 43
192 95 55
192 97 15
192 99 34
192 103 25
192 104 19
192 108 46
192 109 38
192 110 51
192 111 64
192 114 31
192 119 31
192 120 18
192 123 37
192 124 42
192 125 51
192 139 40
192 145 55
192 150 54
192 153 27
192 155 38
192 157 17
192 158 22
192 162 9
192 168 77
192 171 64
192 180 43
192 182 44
192 183 69
192 184 68
192 185 26
192 190 33
193 0 74
193 1 90
193 4 66
193 6 59
193 11 78
193 12 62
193 13 82
193 18 77
193 19 60
193 22 96
193 25 13
193 27 91
193 38 57
193 47 90
193 52 61
193 54 70
193 60 86
193 63 27
193 66 32
193 67 37
193 68 61
193 69 82
193 73 31
193 76 71
193 86 81
193 96 62
193 101 54
193 109 16
193 110 45
193 113 79
193 114 48
193 116 58
193 118 98
193 121 23
193 122 58
193 123 68
193 125 58
193 126 84
193 129 47
193 150 35
193 155 65
193 157 17
193 159 24
193 160 24
193 162 39
193 163 73
193 165 66
193 166 39
193 167 96
193 169 69
193 170 90
193 173 28
193 178 39
193 180 74
193 184 99
193 186 90
193 188 92
194 7 82
194 9 71
194 12 52
194 13 88
194 16 111
194 21 105
194 26 92
194 29 74
194 30 68
194 31 120
194 36 100
194 37 94
194 38 90
194 40 24
194 41 110
194 43 94
194 48 48
194 56 44
194 62 82
194 63 20
194 66 65
194 76 100
194 77 104
194 78 65
194 79 50
194 82 76
194 83 104
194 89 55
194 90 102
194 94 98
194 96 78
194 97 41
194 99 49
194 100 102
194 104 76
194 105 119
194 108 102
194 111 93
194 112 25
194 121 16
194 124 45
194 129 62
194 131 98
194 135 97
194 138 61
194 142 62
194 143 113
194 145 109
194 147 89
194 149 80
194 153 39
194 156 32
194 162 66
194 169 61
194 175 70
194 176 100
194 177 57
194 180 97
194 181 63
194 191 49
195 3 36
195 5 49
195 7 49
195 8 69
195 17 17
195 18 33
195 20 83
195 22 24
195 26 53
195 29 47
195 30 55
195 31 5
195 36 49
195 43 31
195 44 59
195 46 62
195 48 85
195 54 53
195 60 16
195 61 95
195 63 102
195 66 75
195 70 36
195 71 70
195 76 41
195 82 66
195 95 114
195 96 44
195 97 83
195 100 28
195 106 98
195 108 52
195 109 106
195 116 58
195 118 9
195 119 38
195 120 83
195 121 106
195 124 86
195 127 92
195 129 60
195 130 39
195 132 68
195 133 69
195 136 76
195 144 88
195 157 86
195 159 78
195 162 62
195 170 84
195 172 46
195 174 104
195 175 53
195 177 65
195 185 95
195 187 85
195 189 44
196 2 55
196 3 48
196 7 40
196 16 65
196 18 46
196 20 16
196 21 58
196 23 10
196 27 73
196 28 38
196 37 49
196 38 55
196 40 32
196 47 60
196 49 56
196 52 33
196 53 25
196 63 27
196 72 31
196 76 58
196 77 58
196 82 42
196 93 6
196 95 40
196 100 57
196 102 25
196 105 72
196 107 58
196 111 54
196 113 59
196 115 65
196 122 26
196 128 71
196 135 50
196 138 42
196 142 18
196 143 66
196 146 48
196 147 42
196 148 19
196 149 42
196 153 32
196 154 48
196 157 19
196 158 22
196 160 35
196 161 22
196 164 58
196 165 49
196 167 63
196 168 63
196 169 38
196 170 57
196 175 24
196 178 39
196 180 51
196 184 76
196 185 26
196 189 38
196 193 35
197 0 35
197 4 42
197 6 84
197 7 51
197 13 21
197 22 6
197 25 80
197 29 34
197 31 24
197 56 89
197 60 19
197 61 99
197 62 57
197 65 103
197 66 73
197 69 53
197 82 68
197 85 82
197 86 40
197 90 39
197 91 89
197 94 7
197 97 71
197 99 56
197 100 39
197 101 96
197 104 47
197 113 40
197 115 67
197 116 66
197 118 20
197 120 78
197 121 90
197 130 48
197 140 20
197 143 26
197 145 26
197 148 41
197 149 60
197 150 102
197 154 13
197 155 52
197 157 74
197 159 72
197 160 78
197 163 43
197 164 80
197 169 58
197 173 77
197 178 68
197 180 31
197 184 39
197 189 44
197 191 60
197 192 61
197 193 91
197 196 59
198 3 73
198 5 32
198 8 40
198 9 50
198 10 94
198 11 76
198 13 27
198 17 92
198 18 46
198 19 40
198 20 68
198 23 57
198 28 89
198 32 82
198 37 73
198 46 44
198 51 74
198 52 54
198 53 37
198 54 28
198 60 63
198 63 66
198 64 44
198 67 57
198 69 91
198 72 53
198 76 87
198 90 77
198 98 100
198 99 37
198 101 116
198 103 89
198 109 79
198 110 59
198 113 79
198 115 99
198 127 64
198 130 82
198 132 57
198 136 80
198 139 63
198 142 60
198 145 70
198 148 49
198 149 82
198 154 50
198 155 83
198 158 73
198 159 78
198 160 86
198 164 103
198 171 4
198 172 79
198 180 68
198 191 58
198 195 76
199 9 4
199 10 41
199 16 38
199 21 30
199 27 47
199 28 43
199 31 46
199 33 30
199 36 44
199 37 23
199 38 41
199 39 25
199 42 52
199 43 21
199 46 17
199 52 5
199 56 53
199 64 20
199 70 28
199 74 45
199 77 30
199 79 42
199 81 42
199 86 34
199 87 33
199 88 5
199 90 30
199 93 22
199 94 29
199 98 47
199 107 34
199 108 44
199 109 59
199 115 46
199 118 42
199 121 59
199 122 40
199 124 43
199 126 29
199 129 13
199 130 31
199 133 47
199 135 22
199 136 35
199 139 19
199 143 38
199 154 23
199 155 31
199 157 40
199 158 45
199 163 30
199 165 26
199 167 40
199 169 50
199 183 48
199 196 28
199 197 36
199 198 53
