200 5970
-1
47 80 78
85 65 128
65 53 113
17 61 101
96 94 127
36 38 135
53 19 91
92 64 103
73 52 88
91 50 86
50 80 93
8 47 70
68 94 114
10 28 103
80 20 85
30 46 79
58 57 122
62 18 98
50 50 83
26 66 129
82 61 80
43 65 80
63 24 126
37 98 119
1 80 95
59 69 96
87 89 109
78 70 94
74 16 71
17 28 101
64 72 83
30 41 113
16 4 70
24 6 84
75 24 73
37 88 111
51 20 101
51 96 101
27 29 119
95 34 94
14 36 126
87 46 133
77 18 86
65 12 70
21 0 115
0 73 102
37 37 76
46 80 100
32 33 114
52 40 108
70 26 82
68 88 137
76 96 118
22 54 92
24 85 131
83 77 103
0 8 95
79 94 75
86 19 82
11 4 80
86 9 104
95 81 88
74 36 86
56 93 106
37 23 113
51 56 95
42 80 106
69 27 139
38 82 107
30 17 107
11 62 109
96 91 93
2 76 105
96 28 87
90 48 112
12 46 141
60 84 78
74 62 138
0 92 133
52 60 70
97 56 89
63 9 141
28 85 101
1 43 93
56 37 141
45 5 105
18 68 106
41 80 97
33 93 133
84 72 98
28 30 123
21 80 106
71 70 84
19 100 98
57 43 110
66 23 99
81 10 139
57 13 91
91 62 135
26 43 116
55 4 100
88 93 77
32 5 127
12 21 72
15 35 123
74 84 80
69 5 136
78 72 72
50 64 85
98 91 87
93 100 92
25 30 122
14 22 96
16 91 105
62 43 78
3 99 130
97 45 114
15 39 85
8 94 96
67 89 122
23 95 125
39 31 137
67 31 83
89 83 73
31 31 79
74 2 111
32 40 141
12 40 102
64 6 137
10 0 77
67 29 85
7 62 72
54 3 125
9 29 79
40 3 114
81 100 76
22 58 98
53 4 139
4 24 129
22 59 121
18 48 141
42 50 121
64 64 93
86 65 139
0 62 133
54 57 133
23 66 121
44 54 106
79 24 112
97 89 139
16 19 73
78 20 110
0 69 108
1 62 133
56 27 95
29 78 97
96 86 141
60 82 83
6 12 73
29 47 73
57 15 125
20 45 120
52 82 127
90 2 129
77 62 99
2 34 134
70 20 98
55 61 116
41 18 82
5 54 85
33 90 136
9 73 101
14 78 89
27 27 77
32 44 77
72 58 117
11 83 115
49 37 93
2 47 75
96 17 74
44 73 125
75 83 103
55 41 97
67 98 80
46 4 85
26 49 90
95 64 82
70 23 110
27 34 90
71 23 99
62 17 93
72 40 136
48 35 110
58 98 89
56 35 74
14 84 77
46 42 95
1 17 84
44 38 140
25 9 132
-1
2 1 23
3 2 48
4 0 50
5 0 43
5 1 55
6 3 55
7 3 75
8 1 17
9 0 53
9 6 49
10 0 3
10 5 44
10 7 44
10 8 36
11 1 79
11 2 57
11 3 16
11 10 53
12 1 33
12 5 64
12 6 76
12 10 22
13 1 83
13 8 67
13 9 83
14 3 75
14 9 31
15 3 19
15 6 35
15 7 64
15 8 43
15 12 61
15 13 26
15 14 56
16 9 33
16 10 24
16 13 56
17 0 63
17 2 35
17 3 62
17 5 32
17 6 9
17 10 63
17 11 61
17 12 76
17 15 42
17 16 39
18 1 38
18 3 34
18 4 63
18 11 42
18 16 10
19 0 25
19 2 41
19 3 10
19 4 75
19 10 27
19 14 70
19 18 28
20 2 18
20 4 35
20 9 14
20 10 37
20 13 79
20 15 54
20 17 47
21 0 15
21 1 42
21 2 25
21 6 47
21 10 16
21 12 38
21 15 23
21 18 16
22 0 58
22 5 30
22 6 11
22 14 17
22 15 39
22 18 29
23 3 42
23 7 64
23 13 75
23 17 83
23 20 58
24 1 85
24 8 77
24 11 33
24 12 68
24 13 52
24 15 44
24 17 86
24 18 57
25 3 42
25 4 44
25 10 14
25 16 12
26 1 24
26 5 72
26 6 77
26 8 39
26 10 38
26 11 89
26 13 98
26 14 69
26 15 71
26 18 53
26 20 28
26 21 50
26 24 86
26 25 34
27 3 61
27 12 26
27 13 79
27 18 34
27 20 9
27 26 21
28 0 69
28 4 81
28 10 68
28 14 7
28 18 41
28 21 57
28 25 55
29 4 102
29 6 37
29 8 60
29 9 77
29 11 21
29 12 83
29 13 7
29 15 22
29 16 50
29 17 46
29 22 46
29 25 58
30 3 48
30 8 21
30 10 16
30 13 69
30 14 54
30 15 42
30 16 16
30 20 21
30 21 22
30 22 48
30 29 64
31 1 60
31 5 6
31 6 31
31 9 61
31 12 65
31 13 23
31 15 5
31 17 39
31 18 21
31 20 55
31 22 37
31 27 56
32 0 82
32 2 69
32 3 57
32 7 96
32 11 43
32 13 24
32 20 87
32 21 66
32 26 110
32 27 90
32 30 83
33 2 62
33 3 55
33 5 34
33 7 89
33 9 80
33 10 78
33 13 26
33 14 57
33 22 42
33 24 77
33 26 104
33 28 50
33 31 35
34 4 73
34 8 28
34 9 30
34 10 61
34 13 65
34 18 36
34 19 64
34 21 52
34 25 47
34 29 58
34 30 49
34 32 62
35 10 15
35 16 37
35 17 74
35 22 69
35 26 50
36 6 2
36 8 38
36 9 50
36 13 41
36 15 33
36 16 37
36 17 11
36 20 51
36 21 45
36 24 78
36 25 49
36 28 23
36 30 53
36 34 24
37 5 59
37 9 60
37 10 16
37 18 46
37 20 46
37 23 14
37 26 36
37 28 83
37 29 76
37 30 27
37 31 58
37 33 93
37 36 76
38 1 68
38 7 73
38 9 67
38 10 55
38 11 26
38 13 17
38 18 31
38 23 69
38 28 48
38 31 12
38 32 27
38 33 23
38 35 59
39 1 32
39 2 35
39 5 59
39 6 44
39 9 16
39 11 87
39 12 65
39 16 43
39 17 36
39 22 33
39 24 104
39 26 55
39 28 27
39 36 46
40 2 53
40 4 100
40 8 61
40 9 78
40 13 8
40 14 67
40 15 18
40 19 32
40 20 72
40 21 41
40 28 63
40 29 8
40 30 61
40 39 81
41 1 19
41 4 48
41 9 5
41 13 79
41 14 26
41 18 37
41 19 64
41 29 72
41 31 57
41 39 14
42 0 68
42 4 78
42 9 34
42 10 67
42 13 67
42 17 15
42 22 15
42 26 71
42 35 80
42 38 51
42 39 24
43 14 17
43 17 6
43 18 40
43 20 51
43 21 57
43 28 9
43 31 45
43 38 41
44 3 61
44 4 120
44 7 95
44 8 73
44 9 86
44 10 85
44 11 48
44 19 66
44 21 68
44 28 55
44 30 83
44 39 81
45 0 47
45 2 68
45 5 50
45 6 75
45 9 93
45 14 95
45 18 55
45 19 26
45 21 43
45 23 44
45 26 88
45 29 48
45 34 89
45 37 55
45 39 102
45 40 39
46 0 44
46 3 31
46 4 82
46 13 28
46 16 29
46 21 28
46 27 52
46 30 44
46 34 40
46 36 22
46 39 58
46 40 23
46 42 44
46 43 37
46 44 40
47 0 1
47 2 33
47 5 43
47 6 61
47 14 68
47 15 37
47 16 25
47 17 64
47 18 30
47 20 40
47 33 77
47 34 63
47 35 12
47 40 54
47 41 53
47 42 69
47 45 46
48 1 61
48 2 38
48 11 27
48 12 70
48 18 24
48 21 33
48 24 56
48 26 78
48 27 59
48 38 6
48 39 63
48 43 39
48 46 6
49 3 40
49 4 69
49 5 16
49 7 46
49 9 40
49 11 44
49 13 43
49 15 22
49 17 24
49 22 19
49 23 59
49 25 29
49 40 38
50 0 58
50 8 26
50 14 11
50 15 44
50 19 59
50 20 37
50 22 7
50 23 79
50 25 44
50 26 65
50 30 46
50 35 70
50 41 26
50 42 10
50 44 55
50 47 59
50 49 22
51 1 28
51 4 28
51 10 19
51 14 69
51 16 32
51 22 64
51 35 31
51 40 74
51 42 70
51 46 59
51 47 23
51 48 65
51 49 50
52 1 32
52 2 44
52 4 20
52 7 35
52 12 8
52 13 94
52 21 45
52 33 103
52 39 64
52 41 51
52 43 84
52 45 79
52 46 70
52 48 76
53 2 43
53 6 46
53 11 15
53 14 67
53 19 12
53 21 23
53 24 33
53 25 39
53 27 58
53 28 64
53 32 50
53 36 44
53 40 19
53 42 65
53 46 22
53 47 35
54 0 23
54 1 64
54 10 26
54 13 58
54 16 44
54 18 43
54 19 19
54 20 62
54 23 18
54 26 63
54 30 42
54 34 79
54 35 13
54 36 70
54 38 56
54 41 74
54 53 31
55 0 36
55 7 15
55 9 28
55 10 33
55 12 22
55 17 62
55 19 58
55 20 16
55 25 25
55 28 61
55 33 92
55 36 65
55 42 59
55 43 67
55 45 83
55 46 60
55 49 48
55 52 20
56 10 87
56 13 22
56 14 80
56 15 48
56 16 75
56 20 97
56 25 84
56 27 99
56 31 44
56 33 24
56 34 76
56 37 101
56 43 65
56 44 22
56 45 65
56 49 61
56 50 72
56 53 50
56 54 80
56 55 107
57 2 43
57 13 95
57 14 74
57 16 42
57 17 77
57 18 52
57 19 59
57 25 32
57 26 9
57 28 78
57 37 28
57 41 48
57 42 76
57 49 60
57 50 68
57 55 17
58 14 6
58 23 92
58 28 12
58 30 57
58 35 84
58 42 9
58 46 52
58 57 75
59 2 72
59 6 44
59 7 100
59 8 78
59 14 70
59 22 55
59 24 76
59 28 64
59 35 87
59 36 43
59 40 32
59 43 54
59 44 10
59 46 42
59 47 83
59 48 35
59 51 101
59 53 51
59 58 76
60 3 86
60 5 57
60 9 41
60 17 25
60 21 70
60 29 71
60 30 66
60 36 36
60 39 26
60 43 21
60 58 10
61 2 41
61 5 73
61 6 74
61 7 17
61 16 44
61 18 54
61 23 60
61 24 94
61 30 32
61 33 103
61 47 49
61 50 60
61 52 24
61 53 77
62 4 62
62 6 27
62 9 22
62 12 58
62 14 17
62 15 45
62 16 26
62 21 42
62 25 36
62 26 54
62 28 20
62 29 57
62 32 66
62 34 12
62 37 64
62 40 60
62 43 25
62 45 82
62 50 10
62 52 60
62 59 70
62 61 49
63 1 40
63 7 46
63 8 44
63 12 12
63 14 76
63 16 36
63 17 75
63 26 31
63 29 75
63 35 19
63 38 70
63 41 56
63 42 77
63 43 81
63 45 59
63 48 64
63 50 68
63 56 101
63 61 40
64 0 57
64 1 63
64 2 41
64 3 42
64 9 60
64 12 77
64 13 27
64 15 24
64 16 39
64 24 67
64 29 20
64 31 19
64 33 21
64 35 65
64 37 74
64 41 55
64 43 30
64 44 28
64 46 14
64 50 33
64 52 82
64 53 34
64 55 70
64 57 82
64 58 49
65 1 35
65 7 41
65 8 22
65 12 41
65 18 6
65 22 34
65 23 44
65 24 55
65 36 36
65 42 46
65 46 23
65 52 47
65 53 29
65 57 47
65 62 30
65 64 35
66 0 5
66 3 31
66 4 55
66 5 42
66 8 41
66 9 57
66 15 36
66 16 28
66 18 31
66 24 41
66 31 40
66 35 9
66 38 53
66 39 70
66 40 52
66 42 71
66 46 43
66 48 48
66 49 41
66 51 27
66 52 37
66 53 32
66 57 39
66 60 83
66 61 53
66 62 54
66 65 25
67 1 41
67 3 62
67 4 72
67 6 17
67 10 56
67 13 59
67 18 29
67 20 36
67 23 77
67 26 64
67 33 49
67 47 57
67 51 61
67 56 71
67 59 62
67 60 24
67 63 67
67 64 32
68 0 9
68 3 29
68 5 44
68 6 64
68 9 61
68 13 60
68 15 36
68 17 68
68 18 34
68 21 17
68 28 75
68 30 27
68 34 68
68 35 6
68 37 19
68 38 54
68 40 51
68 41 60
68 43 75
68 44 83
68 50 64
68 52 40
68 62 58
68 65 29
68 67 63
69 0 65
69 1 73
69 3 45
69 6 23
69 7 77
69 11 37
69 14 50
69 17 32
69 21 49
69 27 71
69 35 71
69 36 21
69 40 24
69 47 65
69 49 31
69 51 80
69 55 80
69 56 31
69 58 56
69 67 40
69 68 65
70 0 40
70 4 90
70 5 34
70 10 42
70 11 15
70 15 24
70 16 47
70 17 67
70 18 40
70 19 15
70 21 32
70 22 64
70 31 28
70 39 88
70 53 13
70 55 73
70 57 75
70 61 86
70 63 54
71 4 3
71 10 47
71 18 61
71 23 59
71 27 27
71 28 78
71 30 37
71 35 59
71 41 45
71 42 75
71 44 117
71 52 20
71 57 17
71 63 40
71 64 90
71 65 57
71 69 99
71 70 89
72 0 45
72 3 21
72 7 90
72 13 48
72 14 96
72 15 41
72 18 54
72 23 41
72 25 57
72 28 93
72 38 53
72 41 90
72 42 94
72 45 3
72 49 61
72 52 76
72 53 29
72 57 79
72 58 101
72 60 107
72 65 52
73 0 71
73 1 38
73 2 39
73 3 85
73 4 66
73 5 60
73 6 43
73 7 36
73 13 86
73 18 50
73 21 64
73 22 33
73 32 83
73 35 84
73 39 6
73 44 80
73 48 64
73 51 66
73 52 70
73 53 78
73 58 13
73 61 53
73 63 76
73 64 59
73 65 53
73 72 105
74 6 47
74 17 41
74 19 66
74 26 41
74 27 25
74 31 60
74 33 78
74 34 28
74 36 48
74 37 61
74 44 84
74 45 93
74 47 54
74 48 59
74 49 38
74 50 29
74 52 50
74 56 98
74 57 47
74 66 57
75 1 75
75 2 53
75 3 15
75 4 96
75 5 25
75 6 49
75 7 82
75 8 61
75 12 73
75 15 18
75 16 47
75 17 57
75 21 36
75 22 55
75 23 57
75 25 52
75 30 58
75 33 41
75 40 10
75 45 29
75 53 12
75 57 82
75 62 62
75 65 40
76 2 31
76 3 48
76 6 65
76 8 34
76 10 10
76 11 63
76 16 27
76 18 35
76 29 70
76 31 52
76 32 91
76 45 61
76 49 44
76 50 58
76 53 48
76 56 96
76 57 21
76 58 70
76 62 50
76 63 9
76 67 57
76 68 22
76 71 36
77 1 11
77 2 12
77 5 44
77 11 67
77 19 48
77 27 8
77 29 66
77 30 14
77 34 38
77 43 50
77 46 44
77 51 26
77 56 91
77 58 44
77 61 28
77 62 26
77 69 62
77 72 73
77 76 26
78 6 90
78 7 96
78 10 51
78 14 107
78 26 87
78 28 106
78 29 66
78 31 59
78 34 101
78 38 68
78 39 111
78 40 57
78 44 94
78 46 66
78 48 67
78 52 76
78 54 25
78 55 84
78 56 84
78 60 119
78 63 56
78 64 78
78 65 62
78 67 94
78 68 39
79 1 33
79 3 35
79 10 20
79 13 52
79 17 43
79 19 26
79 27 27
79 34 42
79 38 39
79 40 44
79 45 53
79 50 38
79 52 43
79 57 43
79 58 53
79 59 69
79 60 61
79 65 4
79 68 26
79 70 41
79 71 53
79 72 52
79 73 54
80 1 15
80 5 63
80 9 8
80 11 89
80 12 47
80 16 39
80 25 40
80 26 34
80 29 84
80 44 94
80 52 45
80 54 78
80 55 25
80 57 42
80 62 30
80 63 55
80 64 68
80 75 85
80 77 23
80 78 103
81 0 72
81 8 44
81 10 72
81 13 56
81 14 20
81 17 9
81 24 94
81 25 60
81 27 62
81 35 83
81 36 16
81 39 40
81 50 18
81 52 87
81 59 52
81 66 74
81 69 33
81 71 88
81 73 38
81 75 63
81 76 75
81 79 52
81 80 58
82 0 19
82 6 70
82 7 67
82 17 75
82 18 41
82 19 19
82 21 25
82 23 15
82 24 27
82 26 59
82 32 81
82 35 9
82 38 56
82 43 81
82 44 85
82 47 18
82 55 55
82 58 87
82 59 82
82 62 67
82 65 37
82 67 71
82 71 68
82 74 72
82 78 28
82 80 74
82 81 83
83 0 59
83 5 35
83 7 93
83 9 90
83 10 61
83 13 17
83 14 82
83 17 65
83 19 33
83 24 37
83 26 97
83 27 81
83 31 29
83 33 43
83 43 71
83 52 91
83 63 74
83 64 41
83 66 55
83 72 33
83 77 75
83 79 53
83 81 70
84 3 45
84 4 69
84 10 43
84 14 29
84 16 20
84 28 27
84 30 35
84 32 51
84 33 44
84 35 54
84 36 17
84 37 59
84 39 39
84 42 28
84 51 52
84 55 48
84 60 41
84 67 16
84 69 32
84 76 47
85 0 75
85 1 72
85 2 52
85 6 16
85 12 91
85 16 53
85 18 45
85 19 63
85 22 26
85 24 86
85 25 65
85 30 69
85 32 29
85 34 35
85 40 43
85 51 86
85 53 54
85 55 81
85 56 45
85 59 34
85 63 88
85 64 19
85 67 32
85 75 52
85 78 97
85 82 81
86 0 31
86 6 60
86 11 23
86 14 78
86 15 25
86 20 64
86 21 25
86 25 41
86 29 40
86 33 62
86 38 40
86 39 84
86 44 68
86 50 66
86 51 53
86 53 14
86 54 18
86 59 64
86 62 64
86 73 87
86 76 44
86 77 56
86 79 34
86 80 79
86 84 49
86 85 68
87 0 6
87 1 46
87 2 36
87 3 30
87 5 42
87 6 62
87 8 42
87 9 58
87 16 28
87 17 65
87 18 31
87 21 15
87 23 18
87 25 21
87 27 38
87 31 40
87 33 75
87 34 65
87 35 8
87 36 60
87 37 18
87 42 71
87 54 17
87 59 81
87 60 84
87 61 54
87 62 55
87 63 19
87 79 22
88 2 51
88 3 35
88 5 55
88 6 76
88 7 65
88 12 35
88 13 68
88 17 80
88 21 29
88 22 75
88 24 34
88 26 54
88 27 50
88 30 37
88 31 52
88 33 87
88 35 6
88 39 85
88 41 71
88 42 86
88 44 93
88 45 38
88 46 56
88 47 18
88 50 76
88 51 35
88 54 12
88 55 52
88 57 46
88 63 23
88 64 70
88 68 12
88 69 76
88 70 38
88 71 63
88 75 51
88 76 28
88 79 38
88 80 73
88 81 89
88 87 15
89 1 7
89 2 26
89 10 34
89 13 86
89 14 52
89 16 30
89 19 58
89 35 49
89 37 40
89 38 71
89 41 26
89 50 48
89 56 105
89 58 53
89 63 35
89 65 36
89 69 77
89 70 73
89 72 82
89 73 45
89 75 76
89 78 86
89 80 20
89 82 57
89 87 43
89 88 55
90 2 43
90 5 11
90 10 54
90 22 35
90 23 68
90 24 56
90 25 49
90 28 48
90 35 58
90 36 25
90 38 1
90 39 67
90 42 50
90 47 53
90 48 5
90 51 70
90 52 81
90 55 72
90 56 35
90 61 84
90 62 46
90 71 91
90 72 52
90 73 68
90 78 68
90 81 40
91 0 26
91 1 65
91 3 19
91 8 59
91 17 74
91 18 41
91 24 20
91 26 66
91 31 40
91 32 76
91 34 77
91 39 87
91 48 48
91 49 50
91 52 57
91 53 26
91 55 62
91 57 59
91 58 89
91 62 68
91 73 91
91 76 39
91 77 55
91 79 36
91 84 55
91 86 12
91 87 20
91 90 50
92 1 14
92 7 21
92 20 14
92 23 44
92 27 7
92 30 7
92 32 85
92 35 38
92 37 32
92 38 60
92 39 43
92 48 53
92 52 26
92 61 26
92 62 34
92 69 67
92 74 29
92 75 63
92 78 74
92 79 21
92 80 29
92 85 70
92 91 50
93 0 34
93 4 77
93 7 81
93 9 87
93 14 100
93 29 72
93 30 53
93 34 94
93 36 86
93 37 32
93 47 33
93 48 68
93 49 68
93 51 50
93 52 57
93 67 88
93 68 26
93 72 29
93 81 101
93 83 59
94 4 64
94 6 24
94 7 40
94 13 49
94 16 14
94 21 26
94 24 67
94 26 54
94 30 29
94 32 56
94 36 23
94 37 53
94 38 33
94 42 32
94 46 20
94 51 46
94 55 42
94 57 55
94 60 44
94 62 18
94 64 28
94 67 20
94 68 43
94 78 75
94 79 17
94 80 42
94 87 40
94 91 51
95 5 33
95 7 48
95 8 29
95 9 36
95 10 59
95 11 62
95 13 56
95 15 42
95 17 6
95 23 80
95 27 48
95 28 10
95 31 40
95 33 45
95 39 31
95 40 53
95 43 11
95 46 32
95 47 60
95 55 56
95 56 67
95 58 20
95 60 24
95 61 64
95 64 29
95 69 36
95 71 74
95 72 83
95 76 61
95 77 39
95 78 95
95 92 47
96 0 77
96 1 55
96 2 45
96 3 81
96 4 85
96 5 53
96 11 81
96 12 85
96 16 52
96 26 79
96 31 59
96 32 65
96 34 15
96 39 27
96 43 16
96 48 54
96 56 81
96 57 84
96 61 72
96 65 54
96 71 82
96 77 52
96 78 115
96 80 48
96 89 62
96 90 56
96 92 60
96 94 40
97 0 67
97 10 67
97 11 59
97 24 87
97 27 60
97 35 77
97 37 83
97 40 48
97 44 38
97 47 67
97 48 32
97 49 27
97 57 83
97 58 29
97 61 77
97 62 28
97 76 71
97 79 47
97 80 58
97 81 7
97 86 67
97 88 83
97 93 94
97 95 13
98 0 47
98 1 6
98 2 27
98 11 84
98 12 39
98 15 63
98 24 91
98 26 27
98 30 28
98 33 87
98 38 72
98 39 28
98 44 93
98 48 65
98 51 34
98 54 70
98 56 105
98 57 34
98 58 43
98 60 53
98 62 31
98 73 34
98 81 59
98 84 43
98 87 53
98 93 81
99 1 62
99 5 11
99 6 36
99 13 21
99 15 5
99 16 34
99 17 43
99 20 58
99 21 27
99 22 41
99 25 42
99 33 37
99 34 52
99 36 33
99 41 61
99 50 47
99 52 72
99 54 42
99 58 64
99 62 48
99 68 40
99 70 24
99 76 53
99 80 72
99 84 30
99 90 13
99 93 57
99 95 44
99 97 43
100 1 67
100 2 50
100 5 38
100 6 15
100 14 29
100 23 95
100 24 93
100 26 90
100 27 69
100 28 22
100 30 68
100 31 44
100 34 28
100 36 16
100 39 50
100 40 52
100 46 37
100 47 76
100 50 26
100 52 94
100 54 86
100 63 89
100 66 77
100 71 96
100 74 56
100 79 56
100 82 85
100 88 91
100 90 37
100 92 67
100 94 39
100 95 21
101 0 43
101 1 28
101 4 8
101 9 43
101 13 101
101 17 79
101 19 67
101 27 25
101 30 31
101 31 77
101 36 81
101 38 88
101 42 75
101 48 82
101 52 12
101 56 122
101 58 74
101 59 117
101 63 32
101 66 47
101 67 68
101 71 8
101 72 87
101 74 45
101 75 89
101 78 88
101 80 38
101 82 60
101 87 48
101 88 55
101 89 21
101 90 87
101 92 28
101 96 83
101 100 94
102 6 25
102 7 84
102 9 74
102 19 61
102 20 75
102 21 61
102 23 93
102 25 69
102 31 36
102 33 8
102 34 47
102 37 92
102 40 35
102 45 75
102 47 76
102 48 28
102 52 101
102 53 50
102 57 100
102 58 55
102 64 18
102 65 54
102 67 43
102 69 12
102 71 107
102 72 77
102 74 72
102 83 49
102 90 25
102 95 38
102 97 26
102 100 23
102 101 104
103 1 85
103 8 68
103 16 58
103 23 80
103 32 17
103 35 71
103 39 84
103 43 53
103 45 53
103 46 29
103 47 68
103 50 58
103 51 87
103 56 17
103 59 17
103 61 102
103 63 84
103 64 25
103 67 57
103 68 66
103 71 109
103 75 25
103 79 55
103 80 91
103 81 52
103 83 24
103 87 65
103 101 104
103 102 25
104 6 41
104 12 79
104 13 8
104 19 32
104 21 41
104 23 66
104 24 47
104 32 31
104 43 55
104 47 54
104 51 74
104 53 20
104 59 31
104 61 92
104 62 59
104 63 71
104 69 23
104 71 98
104 75 11
104 78 58
104 82 51
104 83 16
104 87 51
104 90 13
104 91 45
104 93 65
104 98 80
104 102 34
104 103 14
105 0 27
105 1 21
105 2 32
105 8 32
105 10 24
105 13 85
105 14 64
105 24 73
105 29 79
105 35 37
105 38 72
105 39 54
105 41 40
105 47 28
105 61 21
105 62 48
105 67 57
105 71 23
105 73 60
105 74 39
105 76 14
105 84 50
105 91 53
105 93 57
105 100 82
106 5 46
106 15 56
106 16 53
106 28 12
106 32 53
106 34 19
106 38 48
106 41 44
106 43 8
106 45 96
106 48 46
106 52 91
106 57 89
106 58 22
106 61 80
106 63 88
106 64 36
106 67 22
106 68 83
106 76 79
106 77 57
106 78 111
106 83 77
106 85 24
106 86 81
106 94 39
107 0 32
107 1 9
107 3 61
107 4 28
107 13 80
107 24 77
107 25 19
107 27 2
107 32 92
107 36 58
107 42 54
107 47 32
107 52 24
107 53 58
107 54 55
107 55 7
107 60 63
107 62 36
107 72 76
107 74 26
107 79 28
107 85 74
107 86 60
107 87 37
107 92 7
107 93 65
107 97 62
107 98 16
107 106 67
108 0 16
108 6 45
108 8 25
108 19 24
108 24 51
108 25 10
108 29 48
108 30 16
108 31 30
108 33 63
108 36 44
108 41 41
108 45 50
108 49 24
108 51 30
108 60 65
108 65 8
108 72 49
108 78 57
108 79 4
108 84 27
108 85 59
108 86 32
108 89 34
108 91 33
108 107 29
109 1 29
109 5 81
109 6 84
109 7 27
109 9 41
109 24 97
109 28 78
109 29 102
109 31 84
109 32 119
109 33 112
109 37 47
109 39 57
109 40 100
109 41 46
109 47 53
109 51 30
109 54 74
109 56 128
109 64 91
109 66 57
109 67 70
109 75 97
109 83 108
109 88 65
109 91 77
109 94 63
109 95 75
109 98 29
109 100 97
109 101 10
109 104 100
109 108 55
110 0 50
110 1 35
110 6 90
110 19 75
110 26 12
110 30 40
110 31 86
110 34 78
110 40 101
110 42 83
110 44 123
110 47 51
110 49 72
110 52 17
110 56 130
110 58 81
110 59 126
110 63 37
110 66 54
110 69 104
110 71 9
110 72 94
110 75 97
110 78 93
110 79 57
110 80 44
110 83 108
110 86 81
110 93 74
110 95 81
110 101 8
110 103 113
110 105 24
111 0 54
111 11 24
111 12 77
111 13 15
111 15 16
111 16 42
111 18 32
111 20 64
111 23 69
111 27 66
111 28 50
111 35 59
111 37 70
111 38 2
111 41 64
111 42 53
111 44 30
111 47 54
111 53 24
111 54 55
111 59 29
111 61 86
111 64 13
111 66 52
111 67 44
111 69 13
111 71 93
111 75 20
111 79 40
111 80 76
111 82 55
111 83 27
111 85 32
111 88 63
111 89 72
111 90 3
111 94 34
111 98 73
111 99 13
111 104 11
111 106 50
111 110 97
112 3 39
112 11 25
112 12 90
112 15 28
112 16 56
112 17 48
112 19 45
112 23 79
112 24 59
112 26 99
112 27 80
112 31 24
112 34 61
112 35 69
112 37 82
112 39 81
112 40 14
112 42 63
112 43 51
112 44 23
112 45 52
112 46 27
112 51 85
112 55 88
112 57 97
112 60 73
112 61 100
112 64 23
112 66 64
112 67 55
112 69 16
112 76 77
112 79 53
112 83 24
112 88 73
112 90 16
112 93 78
112 94 47
112 95 52
112 99 24
112 101 102
112 104 13
112 105 86
112 109 108
113 7 80
113 11 44
113 12 52
113 13 63
113 15 47
113 16 54
113 19 26
113 23 22
113 24 18
113 25 48
113 26 71
113 27 65
113 28 94
113 29 63
113 31 51
113 36 79
113 38 62
113 45 24
113 49 62
113 54 10
113 55 68
113 56 84
113 67 83
113 70 29
113 76 44
113 80 88
113 82 13
113 90 62
113 94 63
113 95 84
113 96 103
113 97 88
113 99 49
113 103 70
113 108 43
113 111 61
114 1 31
114 2 10
114 3 48
114 4 61
114 5 26
114 10 38
114 13 54
114 15 32
114 18 13
114 19 42
114 20 26
114 24 71
114 30 29
114 31 32
114 34 23
114 36 25
114 40 48
114 46 25
114 53 41
114 54 56
114 55 39
114 60 41
114 61 50
114 64 32
114 70 54
114 71 58
114 78 79
114 81 34
114 90 36
114 92 28
114 94 5
114 97 30
114 102 48
114 103 54
114 105 42
114 106 38
115 13 71
115 14 110
115 16 69
115 20 87
115 22 96
115 23 34
115 28 109
115 29 72
115 32 95
115 36 92
115 38 74
115 39 112
115 41 99
115 47 47
115 48 72
115 49 76
115 50 99
115 51 65
115 54 25
115 62 94
115 65 64
115 67 97
115 79 62
115 83 56
115 84 81
115 89 85
115 91 26
115 92 73
115 93 16
115 97 101
115 100 108
115 103 78
115 104 65
115 105 72
116 3 81
116 5 61
116 15 67
116 18 47
116 21 57
116 24 102
116 34 30
116 40 83
116 41 10
116 44 88
116 46 60
116 47 61
116 49 45
116 50 33
116 51 51
116 56 103
116 57 52
116 61 36
116 65 47
116 68 69
116 70 87
116 74 7
116 75 85
116 77 28
116 79 47
116 80 11
116 84 41
116 89 29
116 90 70
116 93 95
116 94 40
116 95 38
116 98 18
116 107 33
116 109 46
116 111 73
116 113 93
116 114 35
117 2 51
117 4 97
117 7 80
117 10 53
117 13 12
117 17 51
117 21 38
117 22 50
117 30 59
117 32 35
117 34 61
117 39 80
117 42 65
117 43 56
117 51 72
117 60 77
117 65 39
117 67 55
117 69 26
117 71 96
117 76 63
117 95 53
117 97 49
117 99 11
117 100 53
117 106 63
117 110 99
117 111 13
117 112 17
118 0 41
118 1 82
118 10 44
118 11 47
118 16 62
118 24 15
118 25 56
118 26 79
118 30 60
118 34 96
118 36 85
118 40 58
118 43 99
118 46 63
118 47 40
118 50 92
118 59 90
118 60 115
118 62 87
118 64 76
118 68 32
118 73 110
118 83 51
118 87 35
118 88 25
118 89 79
118 92 67
118 95 91
118 99 54
118 102 92
118 104 59
118 107 73
118 108 51
118 109 90
118 113 8
118 114 74
118 115 7
119 2 36
119 8 37
119 16 33
119 19 47
119 20 31
119 24 66
119 26 20
119 32 99
119 34 65
119 40 74
119 42 71
119 44 100
119 45 68
119 49 51
119 54 43
119 62 53
119 64 72
119 66 26
119 76 8
119 77 27
119 79 32
119 83 80
119 84 53
119 86 53
119 92 19
119 97 76
119 101 21
119 102 91
119 104 74
119 105 8
119 108 30
119 111 72
119 113 51
119 115 64
119 116 53
119 117 72
120 3 34
120 6 81
120 12 45
120 16 51
120 18 52
120 21 36
120 31 54
120 33 89
120 34 88
120 39 94
120 41 80
120 42 94
120 43 93
120 44 95
120 48 62
120 50 83
120 51 45
120 52 53
120 54 10
120 58 98
120 65 48
120 83 56
120 89 65
120 90 65
120 93 6
120 94 62
120 95 83
120 98 75
120 102 90
120 103 74
120 105 52
120 108 41
120 115 20
120 116 89
120 118 15
120 119 44
121 2 34
121 3 37
121 6 18
121 12 69
121 16 32
121 20 52
121 25 42
121 27 55
121 35 57
121 36 16
121 40 25
121 46 6
121 51 63
121 55 63
121 58 48
121 59 38
121 62 35
121 64 8
121 65 27
121 71 82
121 72 58
121 75 30
121 81 32
121 84 18
121 85 26
121 93 71
121 97 25
121 98 60
121 110 87
122 0 52
122 1 38
122 5 31
122 6 18
122 7 41
122 9 30
122 11 61
122 15 39
122 17 13
122 19 53
122 20 33
122 21 41
122 26 61
122 33 49
122 35 64
122 36 19
122 38 40
122 41 25
122 45 79
122 47 53
122 52 65
122 54 69
122 55 48
122 59 62
122 62 8
122 70 64
122 72 79
122 77 31
122 78 90
122 80 39
122 82 66
122 84 12
122 91 67
122 92 39
122 96 25
122 98 39
122 100 29
122 107 42
122 110 73
122 111 42
122 116 33
122 118 86
122 120 77
123 5 69
123 14 63
123 15 69
123 16 40
123 19 65
123 20 23
123 27 17
123 33 100
123 39 49
123 41 37
123 42 66
123 47 43
123 48 75
123 59 111
123 64 79
123 69 88
123 74 35
123 76 29
123 81 78
123 85 89
123 86 72
123 87 48
123 92 22
123 104 88
123 108 43
123 109 12
123 110 17
123 112 96
123 119 22
123 121 72
124 1 63
124 5 8
124 11 28
124 17 33
124 19 35
124 20 59
124 24 57
124 30 52
124 38 4
124 41 57
124 44 32
124 47 51
124 51 67
124 56 38
124 57 79
124 64 10
124 65 32
124 72 53
124 78 68
124 81 38
124 82 54
124 88 62
124 92 55
124 93 70
124 98 67
124 99 13
124 101 84
124 103 21
124 104 16
124 107 62
124 108 38
124 116 67
124 120 64
125 3 82
125 11 79
125 12 92
125 15 62
125 17 20
125 24 106
125 26 87
125 28 14
125 29 62
125 35 93
125 36 29
125 39 38
125 44 53
125 48 52
125 53 73
125 55 75
125 58 20
125 67 25
125 69 46
125 71 91
125 79 62
125 90 53
125 92 68
125 99 63
125 101 92
125 104 67
125 110 99
125 111 56
125 112 63
125 113 106
125 114 42
125 117 69
125 122 29
126 2 35
126 9 59
126 12 64
126 28 48
126 30 45
126 32 39
126 34 45
126 35 48
126 40 18
126 41 55
126 44 41
126 46 5
126 48 7
126 52 71
126 53 17
126 60 62
126 61 75
126 64 17
126 68 42
126 70 30
126 72 46
126 73 65
126 76 52
126 78 61
126 82 45
126 85 37
126 89 61
126 95 38
126 107 56
126 109 83
126 119 60
126 121 11
126 122 36
126 123 71
127 0 53
127 1 77
127 2 54
127 3 21
127 5 24
127 7 83
127 8 62
127 11 8
127 13 12
127 19 29
127 21 39
127 24 41
127 32 36
127 33 36
127 38 18
127 43 59
127 47 52
127 50 59
127 65 42
127 70 22
127 77 65
127 79 44
127 80 86
127 81 59
127 89 78
127 95 56
127 99 14
127 102 40
127 105 76
127 106 66
127 108 44
127 111 16
127 118 54
127 122 55
127 126 20
128 3 72
128 6 17
128 8 46
128 21 62
128 26 86
128 31 48
128 35 86
128 36 19
128 37 90
128 42 17
128 43 6
128 54 88
128 57 89
128 64 31
128 65 51
128 70 77
128 71 90
128 74 49
128 77 56
128 78 107
128 88 92
128 90 43
128 92 64
128 93 104
128 99 53
128 100 9
128 106 5
128 107 67
128 108 59
128 111 45
128 117 59
128 118 104
128 120 97
128 126 46
129 2 76
129 3 61
129 4 127
129 6 47
129 7 104
129 8 81
129 12 110
129 14 72
129 19 67
129 20 94
129 22 58
129 33 15
129 37 104
129 38 33
129 40 36
129 41 89
129 43 56
129 45 73
129 47 87
129 55 106
129 68 86
129 69 26
129 78 92
129 79 73
129 89 103
129 93 100
129 95 60
129 97 48
129 101 121
129 104 35
129 105 105
129 110 129
129 114 67
129 122 64
129 127 40
130 2 24
130 4 71
130 5 32
130 6 17
130 9 31
130 11 61
130 12 65
130 14 15
130 22 6
130 25 40
130 29 50
130 31 38
130 32 56
130 33 48
130 39 28
130 42 14
130 52 67
130 61 59
130 62 9
130 63 64
130 64 30
130 67 2
130 72 80
130 76 55
130 77 33
130 78 91
130 81 20
130 82 68
130 84 13
130 85 32
130 91 68
130 99 43
130 103 55
130 108 38
130 110 75
130 111 42
130 113 80
130 116 34
130 118 87
130 119 60
130 124 36
130 125 27
130 129 63
131 2 58
131 5 37
131 7 85
131 14 84
131 18 44
131 19 19
131 22 67
131 26 84
131 27 71
131 28 81
131 31 31
131 38 38
131 40 26
131 42 82
131 44 63
131 54 28
131 56 54
131 66 39
131 67 71
131 70 4
131 71 93
131 74 84
131 77 67
131 82 31
131 88 40
131 92 64
131 93 39
131 97 70
131 98 84
131 101 86
131 104 28
131 106 84
131 115 37
131 118 32
131 120 36
131 125 89
131 127 22
131 129 62
131 130 68
132 0 77
132 1 69
132 3 68
132 7 71
132 8 52
132 9 59
132 10 77
132 11 63
132 13 50
132 15 49
132 17 17
132 29 44
132 37 93
132 39 51
132 41 54
132 42 27
132 46 38
132 48 37
132 51 86
132 52 95
132 56 54
132 62 38
132 63 90
132 66 77
132 83 66
132 84 34
132 86 74
132 91 83
132 96 27
132 97 10
132 98 69
132 99 48
132 102 22
132 105 83
132 111 39
132 112 44
132 117 53
132 118 101
132 122 30
132 128 10
132 129 44
132 130 29
133 7 90
133 10 65
133 14 71
133 16 56
133 21 49
133 25 64
133 26 98
133 41 79
133 56 22
133 57 95
133 58 77
133 60 79
133 62 65
133 64 28
133 68 60
133 74 83
133 77 72
133 84 47
133 85 43
133 95 57
133 98 88
133 99 22
133 101 101
133 102 33
133 106 64
133 109 108
133 113 62
133 116 89
133 126 25
133 129 29
133 132 51
134 0 77
134 5 35
134 7 80
134 9 69
134 11 54
134 12 95
134 17 26
134 19 64
134 23 95
134 30 73
134 37 93
134 38 29
134 41 63
134 42 39
134 46 34
134 48 31
134 50 37
134 53 54
134 61 95
134 65 54
134 80 77
134 82 82
134 84 37
134 88 90
134 91 79
134 92 73
134 94 43
134 96 41
134 99 42
134 102 8
134 112 32
134 114 45
134 115 102
134 118 96
134 128 24
134 130 37
134 131 67
134 133 40
135 4 16
135 5 76
135 8 48
135 11 90
135 12 14
135 13 101
135 16 48
135 18 58
135 28 84
135 29 96
135 30 32
135 34 76
135 39 67
135 43 89
135 45 85
135 47 40
135 56 122
135 60 91
135 61 23
135 62 64
135 64 88
135 68 46
135 72 82
135 73 73
135 74 52
135 75 87
135 78 81
135 80 46
135 81 92
135 85 101
135 87 44
135 88 48
135 90 87
135 91 63
135 92 31
135 97 90
135 104 92
135 106 95
135 107 28
135 109 19
135 111 89
135 125 98
135 126 77
136 2 43
136 3 5
136 5 24
136 10 35
136 17 56
136 23 42
136 32 54
136 34 62
136 35 33
136 37 47
136 39 76
136 43 62
136 44 58
136 48 26
136 54 27
136 55 63
136 56 54
136 58 74
136 69 41
136 71 81
136 73 79
136 76 46
136 77 52
136 80 75
136 83 25
136 84 39
136 85 57
136 89 63
136 93 42
136 95 56
136 98 69
136 102 53
136 106 70
136 109 82
136 112 36
136 120 37
136 123 71
136 124 28
136 126 20
136 128 66
137 0 76
137 3 67
137 4 99
137 9 59
137 13 49
137 18 46
137 24 92
137 27 70
137 29 43
137 34 29
137 37 92
137 40 50
137 41 54
137 43 14
137 46 36
137 48 35
137 52 94
137 54 86
137 55 78
137 56 53
137 57 93
137 59 42
137 63 89
137 64 24
137 65 52
137 75 58
137 76 80
137 81 11
137 84 33
137 87 76
137 88 91
137 90 36
137 94 39
137 97 9
137 98 69
137 103 44
137 110 104
137 112 42
137 119 86
137 121 30
137 123 86
137 126 41
137 128 11
137 131 74
138 1 90
138 3 39
138 8 74
138 9 90
138 13 7
138 14 76
138 16 63
138 17 58
138 19 47
138 20 86
138 24 56
138 25 71
138 29 13
138 31 31
138 34 71
138 37 85
138 39 91
138 44 29
138 45 49
138 46 35
138 49 50
138 50 66
138 51 90
138 52 101
138 54 64
138 55 95
138 59 21
138 62 71
138 66 67
138 82 65
138 83 19
138 84 53
138 88 74
138 97 54
138 98 94
138 99 29
138 101 108
138 105 92
138 109 115
138 114 61
138 115 75
138 121 35
138 122 63
138 123 103
138 131 38
138 136 38
139 3 5
139 4 81
139 5 25
139 15 15
139 16 36
139 22 53
139 32 55
139 37 47
139 41 66
139 43 63
139 45 26
139 50 58
139 55 63
139 58 75
139 67 56
139 76 45
139 79 30
139 85 58
139 90 29
139 91 21
139 92 50
139 93 41
139 96 76
139 97 57
139 104 25
139 105 57
139 113 32
139 122 53
139 124 29
140 5 20
140 10 45
140 14 68
140 17 53
140 18 32
140 19 19
140 20 65
140 25 46
140 30 51
140 36 43
140 40 12
140 45 30
140 46 21
140 48 20
140 50 56
140 52 75
140 55 71
140 56 43
140 57 76
140 62 57
140 68 39
140 70 15
140 74 72
140 81 59
140 88 47
140 89 70
140 91 32
140 96 73
140 97 52
140 98 74
140 109 90
140 111 19
140 115 53
140 118 47
140 122 51
140 123 79
140 127 10
140 128 62
140 133 21
140 136 10
140 138 27
140 139 11
141 4 69
141 8 31
141 10 31
141 12 51
141 22 33
141 26 59
141 37 46
141 40 31
141 41 45
141 43 44
141 44 54
141 45 47
141 55 49
141 57 57
141 59 55
141 60 60
141 64 27
141 66 30
141 70 33
141 71 67
141 78 59
141 79 14
141 83 41
141 84 19
141 85 45
141 92 35
141 97 39
141 102 46
141 103 41
141 106 52
141 113 48
141 116 55
141 120 48
141 125 57
141 127 31
141 136 21
141 138 46
142 1 21
142 3 47
142 4 43
142 5 38
142 6 46
142 9 30
142 10 21
142 16 9
142 19 38
142 20 18
142 26 33
142 27 15
142 28 49
142 33 70
142 35 36
142 37 34
142 38 50
142 41 29
142 47 24
142 48 44
142 49 26
142 51 24
142 57 33
142 65 15
142 68 31
142 70 53
142 76 20
142 84 28
142 87 28
142 95 41
142 97 51
142 101 37
142 104 56
142 106 59
142 111 51
142 114 21
142 120 51
142 121 41
142 124 46
142 127 57
142 128 58
142 134 65
142 137 61
142 141 26
143 1 1
143 5 56
143 6 56
143 11 80
143 13 84
143 19 60
143 22 47
143 23 59
143 26 24
143 31 60
143 40 77
143 41 19
143 44 91
143 45 86
143 47 42
143 48 62
143 50 42
143 51 29
143 54 65
143 62 31
143 67 41
143 69 73
143 71 27
143 75 76
143 76 32
143 77 12
143 80 14
143 82 61
143 83 87
143 87 47
143 91 66
143 95 46
143 102 80
143 104 77
143 109 28
143 110 35
143 111 70
143 112 83
143 116 22
143 117 75
143 119 30
143 124 64
143 126 59
143 132 69
143 138 91
143 140 70
143 142 22
144 14 90
144 16 58
144 17 76
144 19 26
144 24 18
144 25 59
144 26 91
144 27 78
144 30 64
144 32 60
144 35 45
144 36 66
144 39 99
144 42 88
144 45 11
144 46 44
144 48 43
144 49 56
144 50 78
144 51 72
144 53 23
144 57 85
144 61 96
144 74 91
144 78 30
144 90 42
144 92 71
144 99 32
144 100 79
144 101 93
144 102 65
144 105 77
144 107 78
144 110 100
144 112 42
144 124 43
144 125 95
144 126 38
144 130 74
144 134 71
144 137 78
144 138 38
145 0 24
145 2 11
145 5 26
145 8 19
145 9 37
145 11 47
145 13 52
145 16 4
145 20 28
145 22 34
145 24 57
145 25 13
145 28 45
145 36 37
145 37 39
145 39 47
145 43 46
145 47 24
145 50 34
145 54 41
145 57 44
145 59 68
145 63 36
145 73 51
145 77 20
145 79 3
145 83 54
145 85 52
145 92 21
145 94 14
145 96 54
145 102 56
145 103 55
145 110 58
145 112 53
145 117 42
145 119 34
145 120 49
145 126 27
145 128 51
145 133 53
145 134 55
145 136 32
145 137 53
145 139 32
145 140 37
146 18 31
146 20 59
146 21 20
146 23 34
146 25 36
146 31 25
146 37 41
146 40 31
146 45 24
146 49 38
146 50 61
146 52 60
146 60 84
146 61 73
146 64 45
146 65 29
146 67 60
146 68 21
146 77 51
146 82 19
146 89 61
146 94 41
146 104 32
146 105 54
146 109 79
146 115 38
146 117 28
146 119 49
146 120 29
146 121 38
146 127 28
146 130 57
146 131 16
146 132 70
146 143 63
147 0 26
147 3 27
147 6 36
147 13 42
147 14 49
147 18 7
147 22 35
147 26 55
147 28 48
147 30 26
147 32 57
147 34 43
147 36 34
147 37 42
147 42 48
147 44 58
147 45 47
147 55 45
147 63 40
147 65 7
147 67 36
147 69 39
147 71 63
147 74 46
147 75 32
147 83 44
147 91 34
147 95 38
147 98 47
147 99 21
147 100 51
147 101 58
147 103 45
147 111 30
147 112 43
147 113 46
147 114 21
147 116 53
147 123 53
147 124 26
147 125 60
147 126 18
147 127 34
147 128 52
147 136 22
147 137 50
147 139 22
147 140 26
147 141 4
147 142 22
148 1 41
148 6 26
148 9 28
148 14 4
148 18 38
148 20 37
148 23 85
148 29 62
148 34 4
148 38 52
148 41 23
148 42 6
148 43 18
148 48 47
148 49 31
148 50 9
148 52 72
148 60 16
148 70 77
148 72 92
148 73 17
148 80 36
148 84 26
148 92 46
148 96 14
148 99 56
148 100 31
148 102 50
148 103 67
148 107 48
148 116 27
148 117 65
148 120 90
148 121 40
148 123 59
148 126 49
148 127 68
148 131 81
148 139 66
148 140 65
148 142 42
148 147 46
149 0 50
149 3 84
149 5 79
149 9 39
149 12 29
149 16 50
149 24 96
149 25 42
149 28 76
149 29 100
149 35 60
149 38 92
149 42 73
149 44 117
149 47 51
149 50 68
149 51 29
149 52 22
149 62 57
149 67 68
149 69 98
149 71 2
149 73 61
149 74 41
149 89 21
149 94 60
149 96 80
149 102 106
149 105 23
149 108 53
149 110 11
149 113 81
149 115 94
149 116 44
149 119 30
149 120 74
149 121 82
149 127 98
149 131 93
149 133 106
149 142 41
149 144 100
149 145 53
150 0 68
150 6 37
150 9 81
150 12 91
150 22 47
150 26 99
150 30 71
150 31 26
150 34 59
150 45 56
150 47 67
150 48 21
150 51 86
150 56 19
150 59 15
150 60 70
150 61 100
150 62 60
150 63 84
150 64 21
150 70 43
150 72 58
150 76 78
150 81 48
150 82 67
150 83 28
150 85 32
150 89 86
150 92 75
150 95 50
150 96 65
150 103 4
150 108 56
150 112 3
150 113 72
150 114 51
150 116 85
150 118 75
150 119 86
150 120 76
150 121 25
150 123 97
150 124 19
150 126 26
150 128 49
150 129 19
150 131 43
150 133 12
150 138 13
150 146 47
150 147 44
150 148 63
150 149 107
151 3 73
151 13 68
151 15 54
151 18 41
151 19 69
151 26 69
151 29 61
151 31 52
151 32 64
151 33 55
151 35 79
151 43 15
151 49 32
151 51 68
151 53 65
151 54 84
151 59 68
151 60 13
151 61 63
151 62 16
151 68 73
151 72 94
151 84 27
151 85 36
151 90 50
151 91 82
151 93 99
151 97 22
151 99 56
151 102 48
151 103 66
151 104 64
151 106 17
151 115 108
151 116 31
151 120 93
151 121 40
151 124 48
151 125 18
151 130 14
151 136 67
151 137 29
151 142 46
151 143 45
151 146 71
151 147 48
152 4 99
152 8 74
152 14 93
152 18 53
152 23 47
152 25 59
152 38 48
152 41 89
152 44 72
152 47 47
152 55 83
152 59 65
152 61 95
152 62 81
152 64 59
152 71 98
152 83 26
152 88 40
152 89 84
152 91 23
152 93 36
152 94 62
152 98 91
152 100 85
152 103 49
152 106 94
152 108 50
152 109 100
152 110 98
152 115 30
152 119 69
152 121 54
152 125 99
152 131 9
152 134 77
152 137 83
152 138 45
152 141 46
152 143 86
152 148 90
153 0 49
153 4 100
153 11 16
153 12 74
153 13 35
153 14 89
153 17 75
153 20 81
153 21 42
153 27 77
153 30 63
153 31 35
153 33 60
153 35 44
153 37 60
153 41 87
153 44 65
153 45 11
153 46 43
153 48 42
153 52 82
153 57 84
153 59 58
153 65 50
153 67 76
153 68 42
153 69 53
153 70 10
153 74 90
153 79 51
153 80 96
153 82 35
153 83 19
153 91 26
153 94 59
153 98 90
153 101 92
153 102 64
153 107 77
153 108 49
153 109 101
153 111 40
153 113 32
153 116 97
153 119 71
153 124 43
153 125 94
153 126 38
153 128 84
153 129 62
153 130 73
153 131 6
153 133 33
153 134 70
153 135 88
153 137 77
153 140 22
153 142 63
153 143 85
153 145 53
153 146 22
153 148 86
153 150 45
154 8 30
154 11 52
154 13 46
154 17 10
154 19 49
154 22 7
154 24 76
154 25 42
154 35 63
154 36 8
154 38 29
154 42 22
154 49 13
154 53 43
154 59 50
154 60 34
154 63 66
154 66 54
154 67 13
154 69 27
154 70 57
154 72 72
154 75 47
154 82 64
154 83 57
154 85 24
154 86 55
154 87 55
154 95 10
154 100 23
154 101 73
154 102 32
154 112 42
154 113 75
154 115 89
154 128 22
154 131 60
154 133 47
154 134 28
154 137 23
154 141 26
154 143 48
154 144 66
154 145 30
154 146 51
154 147 29
154 148 23
154 149 74
155 1 57
155 2 43
155 6 63
155 9 68
155 13 53
155 16 35
155 20 55
155 27 49
155 30 35
155 35 12
155 39 79
155 43 75
155 44 78
155 46 41
155 47 17
155 51 40
155 56 75
155 61 66
155 62 61
155 72 27
155 73 83
155 77 47
155 78 32
155 79 29
155 82 7
155 88 15
155 100 78
155 101 60
155 103 59
155 104 45
155 110 67
155 116 75
155 118 26
155 120 18
155 122 60
155 125 88
155 126 38
155 127 41
155 129 80
155 130 62
155 132 79
155 134 75
155 136 21
155 137 77
155 138 59
155 139 20
155 143 58
155 148 73
155 149 68
155 151 75
155 154 57
156 2 45
156 9 36
156 10 46
156 12 29
156 13 103
156 16 47
156 17 76
156 23 60
156 24 95
156 25 40
156 26 9
156 27 24
156 28 73
156 33 107
156 35 59
156 36 79
156 38 89
156 41 41
156 47 50
156 48 83
156 49 63
156 51 28
156 53 80
156 58 67
156 61 5
156 67 64
156 69 95
156 71 5
156 75 93
156 76 36
156 80 30
156 82 68
156 91 75
156 101 10
156 106 85
156 107 22
156 110 14
156 111 90
156 114 54
156 115 93
156 124 85
156 129 121
156 130 63
156 136 79
156 139 78
156 147 61
156 148 64
156 149 3
156 151 68
156 152 97
156 153 97
157 2 29
157 3 47
157 5 50
157 6 63
157 11 62
157 16 25
157 17 64
157 22 58
157 31 50
157 34 59
157 35 23
157 37 16
157 49 42
157 53 47
157 55 23
157 57 22
157 63 11
157 66 18
157 67 55
157 70 52
157 73 64
157 75 60
157 90 61
157 96 75
157 99 51
157 109 39
157 111 62
157 112 75
157 117 62
157 123 29
157 134 81
157 138 80
157 153 62
157 155 31
158 6 47
158 13 16
158 14 74
158 19 57
158 28 68
158 32 12
158 33 18
158 36 45
158 39 91
158 40 25
158 42 71
158 44 19
158 46 39
158 49 53
158 52 109
158 53 44
158 57 109
158 59 9
158 64 32
158 66 76
158 71 119
158 73 91
158 79 66
158 82 76
158 86 57
158 88 85
158 97 51
158 101 115
158 103 10
158 104 24
158 108 68
158 109 121
158 116 96
158 118 82
158 123 109
158 127 28
158 128 58
158 129 12
158 131 50
158 133 17
158 137 47
158 148 73
158 149 119
158 151 72
158 152 57
158 153 50
158 157 88
159 0 37
159 7 65
159 8 44
159 10 39
159 11 21
159 20 54
159 25 37
159 27 54
159 29 22
159 32 44
159 34 51
159 37 53
159 38 18
159 41 58
159 44 47
159 58 63
159 64 25
159 65 23
159 67 44
159 70 23
159 71 80
159 73 69
159 79 26
159 82 38
159 84 28
159 88 46
159 89 60
159 92 47
159 94 28
159 97 44
159 99 5
159 100 50
159 104 18
159 107 55
159 109 81
159 110 83
159 111 17
159 112 29
159 114 33
159 122 41
159 124 16
159 130 42
159 131 26
159 137 49
159 138 33
159 142 38
159 144 32
159 146 19
159 147 16
160 1 57
160 2 38
160 3 60
160 4 88
160 8 40
160 9 48
160 12 79
160 14 23
160 20 52
160 23 85
160 25 54
160 26 79
160 27 58
160 31 37
160 33 34
160 34 20
160 38 33
160 44 39
160 46 29
160 50 17
160 51 73
160 53 52
160 61 76
160 64 21
160 67 16
160 68 69
160 69 27
160 74 46
160 77 49
160 78 95
160 82 75
160 89 63
160 94 28
160 95 12
160 101 83
160 102 26
160 107 60
160 111 35
160 112 43
160 114 28
160 115 99
160 117 48
160 118 92
160 124 30
160 125 21
160 126 35
160 127 51
160 129 49
160 134 20
160 140 51
160 142 49
160 145 42
160 147 41
160 152 78
160 154 12
160 155 68
161 0 44
161 1 68
161 3 16
161 4 90
161 5 17
161 7 74
161 8 53
161 9 71
161 12 68
161 13 19
161 21 30
161 25 45
161 26 80
161 31 10
161 33 39
161 36 39
161 39 75
161 44 45
161 45 34
161 53 9
161 58 70
161 60 75
161 67 52
161 69 29
161 73 77
161 74 70
161 84 36
161 87 40
161 92 56
161 93 55
161 98 73
161 108 35
161 110 91
161 112 23
161 119 64
161 125 69
161 134 46
161 138 26
161 141 22
161 142 47
161 145 36
161 150 26
161 154 40
162 0 5
162 4 45
162 10 2
162 15 42
162 26 35
162 30 15
162 44 87
162 45 52
162 48 52
162 49 42
162 50 58
162 54 28
162 59 88
162 62 50
162 73 69
162 77 29
162 78 52
162 85 77
162 95 60
162 96 77
162 111 58
162 117 56
162 133 68
162 134 79
162 136 38
162 138 75
162 139 37
162 141 33
162 147 29
162 148 63
162 154 55
162 157 8
162 160 67
162 161 48
163 1 63
163 4 92
163 5 64
163 14 20
163 16 63
163 17 32
163 18 62
163 19 90
163 21 78
163 27 69
163 33 66
163 34 26
163 36 42
163 37 101
163 44 69
163 48 65
163 55 75
163 56 90
163 57 92
163 60 8
163 64 57
163 66 91
163 68 95
163 72 114
163 74 46
163 77 62
163 80 54
163 90 68
163 91 104
163 98 60
163 104 81
163 105 83
163 106 21
163 108 73
163 109 89
163 111 70
163 115 130
163 119 89
163 122 37
163 124 65
163 128 26
163 139 88
163 148 24
163 151 21
163 152 112
163 159 75
163 160 35
164 5 47
164 8 10
164 11 70
164 13 75
164 14 42
164 16 19
164 20 5
164 23 53
164 25 19
164 26 28
164 27 8
164 28 46
164 30 16
164 31 51
164 33 77
164 34 38
164 38 59
164 40 68
164 42 44
164 43 51
164 47 35
164 48 53
164 50 36
164 52 34
164 54 57
164 55 16
164 57 32
164 65 26
164 69 65
164 71 34
164 79 25
164 83 78
164 85 65
164 88 53
164 90 58
164 94 27
164 99 54
164 102 72
164 104 67
164 106 57
164 107 10
164 110 41
164 112 74
164 117 66
164 120 63
164 124 55
164 128 57
164 129 91
164 132 63
164 134 69
164 135 38
164 138 82
164 139 55
164 140 60
164 141 37
164 144 77
164 146 54
164 154 40
164 157 26
164 159 50
164 160 51
165 1 88
165 2 65
165 4 111
165 5 34
165 7 94
165 8 73
165 13 10
165 16 60
165 17 62
165 18 50
165 20 84
165 22 61
165 23 72
165 24 46
165 25 66
165 31 28
165 39 93
165 46 35
165 47 63
165 48 30
165 50 68
165 52 96
165 53 28
165 63 79
165 67 67
165 68 60
165 69 32
165 70 29
165 72 42
165 78 58
165 91 49
165 100 60
165 102 41
165 103 16
165 105 87
165 107 84
165 109 111
165 111 23
165 114 60
165 123 99
165 130 65
165 132 60
165 134 49
165 135 102
165 137 59
165 139 32
165 146 38
165 148 77
165 157 75
165 158 22
165 161 21
166 2 33
166 4 78
166 5 38
166 7 49
166 12 74
166 21 52
166 24 91
166 25 50
166 26 71
166 33 48
166 34 6
166 35 75
166 37 78
166 38 43
166 42 7
166 44 52
166 55 58
166 59 61
166 62 16
166 64 33
166 67 7
166 68 69
166 71 75
166 73 27
166 81 13
166 83 72
166 85 29
166 88 81
166 90 43
166 95 5
166 97 14
166 101 75
166 102 40
166 103 58
166 104 57
166 107 52
166 108 48
166 109 76
166 114 24
166 120 88
166 122 11
166 123 65
166 126 42
166 127 61
166 131 75
166 140 59
166 146 65
166 148 9
166 150 54
166 153 80
166 154 15
166 155 71
166 163 26
167 0 20
167 3 38
167 4 52
167 6 42
167 7 37
167 12 35
167 23 41
167 26 42
167 28 48
167 30 14
167 32 69
167 38 42
167 42 48
167 47 21
167 49 21
167 50 38
167 52 40
167 54 39
167 55 32
167 63 32
167 66 23
167 73 52
167 75 45
167 78 63
167 82 36
167 86 37
167 87 23
167 90 41
167 93 53
167 94 18
167 96 57
167 98 36
167 101 45
167 106 57
167 110 54
167 111 43
167 112 56
167 116 44
167 117 45
167 120 46
167 122 32
167 124 38
167 133 56
167 135 46
167 140 39
167 144 55
167 147 13
167 152 55
167 158 69
167 162 21
168 0 62
168 5 20
168 14 39
168 16 42
168 21 47
168 23 80
168 28 33
168 31 25
168 34 34
168 35 70
168 42 36
168 49 24
168 51 75
168 65 39
168 66 62
168 67 29
168 68 64
168 74 57
168 75 40
168 86 55
168 89 69
168 90 17
168 96 40
168 98 66
168 99 29
168 102 15
168 106 30
168 107 65
168 113 77
168 115 89
168 116 62
168 125 36
168 131 55
168 132 19
168 139 45
168 141 32
168 148 38
168 150 25
168 151 37
168 154 17
168 157 66
168 159 31
168 164 56
168 166 29
169 2 60
169 9 86
169 10 51
169 14 82
169 16 53
169 19 24
169 22 65
169 23 54
169 25 56
169 27 74
169 34 76
169 35 46
169 39 92
169 44 56
169 45 19
169 50 70
169 52 82
169 53 17
169 54 36
169 55 81
169 60 92
169 64 44
169 65 46
169 66 45
169 68 43
169 69 44
169 70 10
169 71 98
169 72 22
169 75 10
169 79 47
169 82 38
169 83 11
169 90 33
169 99 23
169 102 55
169 103 33
169 104 21
169 107 75
169 115 45
169 123 88
169 124 34
169 128 76
169 138 30
169 143 81
169 149 98
169 151 80
169 158 42
169 160 65
169 162 54
169 163 99
169 164 72
169 165 20
169 166 73
169 167 50
169 168 50
170 6 73
170 11 49
170 13 66
170 14 84
170 19 25
170 31 49
170 33 84
170 36 72
170 41 69
170 46 53
170 49 53
170 52 43
170 58 88
170 60 96
170 61 62
170 67 72
170 69 73
170 72 34
170 76 27
170 77 49
170 78 33
170 93 17
170 98 64
170 101 55
170 103 72
170 104 57
170 105 41
170 107 48
170 108 31
170 113 17
170 114 55
170 115 31
170 116 78
170 119 34
170 121 59
170 123 56
170 124 59
170 125 97
170 126 50
170 127 54
170 141 41
170 147 37
170 150 73
170 151 83
170 153 42
170 155 12
170 164 52
171 0 38
171 5 44
171 8 67
171 10 41
171 15 34
171 16 51
171 25 50
171 27 69
171 31 38
171 37 47
171 38 47
171 39 94
171 43 82
171 44 73
171 46 45
171 48 46
171 50 77
171 51 60
171 53 23
171 55 74
171 56 65
171 57 73
171 58 94
171 60 100
171 61 86
171 70 11
171 71 88
171 76 52
171 78 21
171 83 31
171 88 31
171 93 28
171 94 56
171 96 95
171 98 82
171 99 34
171 101 81
171 107 69
171 108 41
171 109 90
171 113 19
171 114 60
171 116 92
171 125 96
171 128 86
171 130 72
171 133 44
171 139 19
171 146 15
171 151 87
171 152 9
171 155 20
171 156 87
171 161 30
171 163 107
172 7 79
172 9 81
172 14 87
172 15 35
172 16 48
172 19 16
172 24 13
172 25 45
172 27 64
172 30 50
172 31 40
172 34 81
172 35 25
172 40 42
172 41 79
172 42 87
172 43 83
172 45 14
172 46 47
172 52 64
172 56 71
172 58 93
172 60 99
172 64 59
172 65 43
172 73 96
172 82 15
172 85 79
172 86 10
172 89 70
172 92 57
172 93 22
172 98 78
172 102 75
172 111 49
172 114 59
172 117 39
172 120 19
172 122 70
172 123 75
172 125 96
172 128 87
172 140 30
172 142 51
172 144 21
172 146 15
172 149 83
172 150 59
172 153 20
172 155 15
172 160 76
172 163 107
172 166 80
172 168 65
172 169 25
172 170 22
173 0 56
173 1 69
173 3 35
173 4 96
173 6 27
173 8 52
173 12 78
173 15 19
173 16 43
173 17 36
173 18 32
173 19 39
173 21 41
173 28 48
173 33 21
173 39 68
173 50 43
173 51 73
173 52 84
173 53 27
173 54 58
173 55 75
173 59 28
173 60 61
173 61 86
173 62 47
173 71 94
173 73 69
173 75 24
173 77 58
173 82 58
173 83 30
173 84 30
173 87 54
173 88 66
173 95 39
173 97 33
173 100 36
173 102 22
173 105 73
173 106 47
173 108 43
173 113 64
173 118 69
173 119 73
173 125 53
173 126 13
173 128 42
173 130 40
173 132 36
173 133 18
173 135 90
173 142 52
173 151 51
173 152 49
173 163 67
173 165 25
173 167 44
173 170 63
173 171 49
174 4 81
174 6 32
174 16 29
174 20 52
174 23 54
174 25 36
174 27 52
174 28 50
174 29 21
174 30 42
174 32 43
174 37 55
174 45 43
174 50 42
174 51 56
174 55 60
174 62 42
174 66 37
174 71 79
174 75 20
174 76 48
174 84 25
174 86 27
174 90 14
174 91 37
174 93 57
174 101 74
174 102 39
174 103 30
174 104 19
174 111 15
174 113 49
174 116 65
174 118 55
174 121 14
174 123 69
174 124 13
174 136 17
174 140 14
174 144 36
174 146 23
174 148 51
174 151 51
174 153 35
174 156 76
174 161 12
174 162 42
174 168 27
174 170 46
174 171 37
174 172 38
175 2 8
175 3 55
175 8 6
175 9 20
175 13 68
175 15 43
175 16 14
175 19 46
175 25 17
175 27 13
175 28 42
175 34 34
175 36 43
175 37 43
175 42 40
175 44 77
175 45 73
175 46 40
175 48 47
175 52 38
175 56 87
175 60 50
175 64 49
175 65 21
175 66 37
175 67 31
175 68 41
175 70 61
175 71 40
175 74 20
175 77 4
175 78 79
175 80 25
175 81 49
175 84 26
175 85 59
175 87 38
175 90 52
175 91 55
175 92 12
175 93 67
175 97 47
175 101 38
175 102 66
175 106 53
175 109 42
175 111 54
175 112 68
175 120 61
175 122 27
175 123 30
175 125 56
175 129 84
175 130 29
175 131 65
175 132 57
175 134 63
175 146 49
175 150 68
175 156 36
175 158 80
175 161 53
175 163 58
175 164 6
175 171 64
175 174 42
176 7 83
176 8 69
176 10 39
176 13 55
176 15 41
176 17 82
176 25 50
176 28 91
176 29 55
176 33 78
176 35 26
176 36 74
176 37 42
176 38 56
176 42 92
176 45 14
176 53 31
176 55 72
176 57 68
176 59 79
176 61 84
176 62 78
176 64 65
176 68 27
176 70 21
176 75 37
176 76 49
176 77 66
176 79 47
176 82 17
176 83 41
176 89 73
176 90 55
176 91 10
176 95 81
176 97 83
176 99 42
176 102 80
176 104 48
176 105 63
176 106 97
176 111 54
176 112 61
176 114 64
176 116 94
176 119 56
176 120 16
176 121 59
176 124 55
176 126 47
176 132 90
176 133 54
176 134 85
176 138 59
176 141 45
176 149 86
176 150 64
176 155 18
176 157 49
176 163 113
176 167 49
176 174 44
177 12 60
177 16 21
177 17 23
177 27 43
177 34 29
177 38 23
177 40 35
177 46 12
177 48 17
177 49 4
177 51 54
177 52 64
177 65 19
177 67 22
177 68 46
177 74 42
177 75 38
177 76 48
177 80 51
177 82 52
177 92 39
177 94 10
177 96 41
177 98 48
177 101 68
177 102 36
177 111 25
177 112 38
177 116 48
177 117 34
177 118 70
177 124 18
177 125 43
177 126 17
177 128 34
177 131 48
177 138 46
177 141 14
177 157 46
177 163 53
177 165 47
177 167 24
177 176 59
178 1 84
178 4 105
178 10 58
178 14 82
178 16 56
178 17 66
178 21 44
178 22 65
178 27 79
178 31 28
178 33 46
178 37 69
178 38 30
178 43 72
178 44 50
178 46 36
178 50 71
178 52 88
178 60 92
178 65 49
178 69 41
178 70 17
178 71 103
178 73 95
178 79 51
178 80 95
178 85 60
178 86 26
178 89 85
178 98 90
178 99 24
178 104 17
178 105 80
178 109 105
178 111 28
178 119 77
178 126 30
178 128 74
178 134 58
178 137 66
178 141 40
178 143 85
178 145 52
178 153 15
178 154 57
178 161 18
178 165 13
178 173 32
178 175 70
179 1 49
179 7 47
179 15 72
179 16 55
179 20 46
179 22 33
179 24 113
179 27 55
179 29 79
179 30 63
179 36 45
179 39 17
179 40 84
179 41 30
179 49 49
179 52 81
179 53 82
179 56 96
179 58 10
179 64 59
179 65 59
179 72 110
179 76 76
179 80 39
179 84 44
179 85 52
179 86 93
179 94 46
179 95 30
179 96 16
179 103 84
179 104 82
179 106 29
179 108 65
179 111 72
179 112 82
179 116 28
179 120 106
179 121 58
179 125 26
179 134 57
179 135 84
179 143 49
179 144 106
179 149 72
179 150 80
179 152 109
179 153 105
179 157 74
179 166 26
179 169 98
179 171 103
179 172 102
179 174 69
180 4 56
180 5 35
180 9 52
180 12 31
180 18 23
180 20 39
180 21 8
180 22 52
180 40 47
180 42 64
180 51 28
180 52 39
180 55 39
180 56 78
180 58 68
180 60 76
180 62 47
180 67 52
180 71 55
180 72 42
180 73 68
180 80 55
180 91 24
180 97 61
180 105 31
180 110 55
180 113 33
180 114 34
180 116 59
180 119 28
180 121 42
180 124 43
180 125 77
180 134 70
180 135 45
180 136 26
180 144 45
180 147 19
180 150 60
180 160 59
180 161 36
180 162 12
180 165 57
180 169 43
180 171 35
180 176 34
181 3 62
181 5 59
181 8 31
181 10 25
181 11 76
181 12 13
181 18 41
181 19 51
181 21 36
181 23 40
181 25 21
181 26 13
181 27 13
181 30 15
181 32 98
181 38 72
181 41 38
181 43 71
181 46 59
181 53 60
181 54 51
181 57 11
181 62 47
181 63 21
181 64 71
181 68 37
181 69 79
181 73 58
181 76 15
181 80 34
181 85 83
181 87 34
181 88 43
181 90 70
181 91 54
181 93 58
181 94 43
181 97 72
181 99 63
181 102 89
181 103 88
181 109 24
181 110 24
181 112 86
181 117 74
181 120 53
181 123 14
181 128 77
181 131 71
181 139 58
181 141 46
181 147 42
181 154 59
181 157 15
181 158 99
181 163 82
181 165 87
181 175 25
182 0 39
182 1 38
182 11 47
182 12 54
182 13 46
182 15 25
182 19 38
182 33 46
182 35 50
182 44 53
182 46 18
182 47 40
182 55 45
182 57 58
182 62 19
182 68 44
182 70 48
182 78 75
182 80 44
182 82 51
182 86 45
182 94 2
182 101 61
182 107 38
182 110 70
182 111 31
182 113 63
182 128 36
182 132 38
182 135 64
182 136 37
182 140 37
182 145 16
182 146 40
182 148 29
182 151 31
182 164 30
182 167 20
182 169 51
182 178 53
182 180 33
183 3 62
183 4 29
183 6 80
183 9 53
183 20 39
183 28 82
183 37 16
183 38 79
183 40 81
183 43 86
183 49 59
183 50 72
183 52 9
183 54 44
183 59 109
183 62 62
183 63 12
183 66 30
183 68 33
183 70 66
183 71 29
183 79 40
183 80 51
183 81 89
183 91 49
183 96 89
183 97 85
183 102 99
183 104 81
183 106 93
183 107 28
183 111 79
183 114 55
183 125 96
183 131 69
183 132 95
183 135 14
183 139 59
183 141 54
183 144 76
183 147 49
183 150 94
183 155 42
183 161 70
183 163 98
183 164 37
183 166 78
183 171 63
183 172 56
183 173 81
183 176 57
184 7 75
184 13 43
184 14 37
184 16 54
184 21 61
184 33 22
184 35 84
184 36 16
184 37 92
184 38 31
184 41 58
184 45 82
184 48 32
184 53 55
184 54 83
184 60 40
184 62 42
184 65 52
184 72 84
184 73 55
184 74 62
184 76 81
184 77 64
184 82 82
184 83 59
184 85 1
184 96 35
184 98 73
184 100 9
184 105 84
184 108 60
184 110 106
184 111 33
184 112 36
184 117 46
184 120 93
184 123 89
184 124 30
184 129 36
184 134 6
184 135 102
184 136 59
184 147 50
184 149 99
184 152 79
184 157 79
184 158 40
184 161 48
184 169 64
184 170 86
184 173 29
184 182 38
184 183 96
185 2 39
185 4 83
185 6 40
185 7 67
185 8 47
185 10 39
185 17 47
185 18 24
185 24 39
185 25 38
185 27 56
185 34 55
185 44 49
185 47 36
185 52 68
185 53 6
185 55 63
185 61 76
185 68 35
185 69 32
185 71 81
185 75 14
185 76 48
185 81 54
185 85 47
185 86 20
185 91 31
185 92 49
185 95 47
185 96 67
185 98 66
185 100 53
185 101 76
185 103 31
185 104 17
185 113 43
185 115 55
185 123 71
185 124 18
185 125 67
185 128 57
185 141 16
185 144 29
185 149 81
185 153 28
185 159 3
185 165 28
185 166 52
185 167 31
185 168 34
185 170 41
185 173 22
185 178 24
185 181 59
186 1 10
186 2 31
186 5 64
186 15 67
186 16 37
186 24 95
186 26 26
186 27 18
186 29 85
186 32 99
186 34 44
186 38 76
186 39 30
186 41 19
186 42 49
186 44 97
186 53 73
186 59 103
186 61 17
186 62 35
186 63 48
186 64 71
186 67 45
186 71 27
186 73 36
186 75 84
186 78 99
186 81 63
186 85 77
186 86 77
186 91 75
186 92 24
186 93 84
186 95 50
186 101 29
186 108 45
186 109 27
186 110 36
186 112 91
186 116 19
186 119 37
186 120 78
186 123 19
186 126 67
186 128 65
186 135 38
186 138 99
186 139 73
186 140 78
186 145 41
186 147 51
186 152 95
186 153 94
186 155 67
186 160 62
186 163 62
186 165 97
186 168 70
186 169 90
186 173 77
186 174 66
186 177 53
186 180 51
186 184 77
187 2 30
187 4 75
187 9 34
187 13 60
187 16 36
187 19 61
187 22 7
187 24 89
187 26 68
187 28 8
187 32 57
187 40 57
187 41 28
187 42 8
187 47 61
187 49 24
187 51 65
187 55 55
187 56 71
187 57 71
187 62 13
187 64 33
187 66 63
187 70 70
187 76 61
187 78 98
187 81 15
187 84 19
187 85 30
187 87 63
187 89 50
187 93 92
187 98 44
187 102 42
187 107 49
187 111 45
187 117 57
187 118 94
187 119 66
187 120 85
187 125 21
187 126 41
187 127 60
187 128 18
187 130 6
187 138 66
187 139 60
187 142 41
187 145 37
187 146 63
187 148 9
187 150 54
187 151 8
187 155 68
187 159 47
187 160 15
187 174 43
187 175 35
187 176 84
187 178 72
187 180 56
187 181 60
188 1 65
188 15 12
188 18 28
188 19 32
188 22 37
188 24 52
188 25 47
188 30 53
188 33 28
188 34 49
188 39 68
188 40 13
188 43 43
188 48 5
188 53 20
188 61 82
188 62 47
188 68 49
188 71 89
188 82 51
188 84 29
188 86 35
188 96 59
188 100 41
188 106 51
188 108 37
188 109 91
188 123 79
188 124 5
188 136 24
188 142 47
188 145 35
188 148 52
188 151 52
188 152 44
188 153 38
188 158 30
188 172 45
188 180 42
188 184 35
188 187 44
189 2 30
189 3 66
189 4 75
189 8 29
189 9 33
189 12 71
189 15 47
189 16 36
189 17 10
189 19 62
189 21 50
189 22 8
189 30 49
189 36 20
189 41 28
189 52 73
189 57 71
189 60 20
189 61 62
189 62 13
189 63 71
189 64 34
189 70 71
189 72 87
189 86 69
189 87 64
189 91 75
189 92 47
189 93 92
189 100 24
189 106 18
189 109 73
189 111 46
189 121 32
189 124 40
189 126 42
189 130 7
189 136 60
189 137 26
189 140 58
189 142 41
189 143 44
189 144 81
189 147 41
189 158 65
189 160 16
189 161 55
189 170 77
189 179 25
189 182 24
189 183 75
189 185 51
189 188 45
190 1 53
190 2 36
190 3 62
190 5 33
190 9 43
190 16 40
190 17 1
190 18 35
190 21 51
190 22 7
190 26 76
190 28 12
190 34 14
190 37 79
190 41 38
190 47 65
190 48 34
190 49 25
190 50 12
190 51 71
190 56 62
190 57 78
190 60 25
190 63 76
190 66 66
190 67 12
190 68 69
190 69 32
190 74 41
190 77 46
190 78 97
190 81 8
190 82 76
190 83 66
190 89 59
190 91 75
190 93 93
190 94 26
190 97 6
190 107 57
190 109 82
190 110 88
190 111 39
190 112 48
190 116 44
190 121 26
190 124 34
190 135 85
190 137 15
190 139 58
190 140 53
190 143 53
190 144 76
190 154 11
190 157 65
190 159 44
190 164 47
190 165 62
190 168 21
190 173 36
190 174 40
190 175 42
190 178 67
190 184 20
190 187 10
190 188 38
191 1 28
191 6 28
191 11 64
191 15 42
191 16 22
191 17 24
191 27 30
191 29 56
191 30 32
191 32 66
191 33 58
191 34 16
191 35 59
191 41 16
191 50 14
191 53 51
191 57 54
191 62 4
191 63 55
191 64 38
191 67 13
191 70 64
191 71 56
191 73 26
191 76 45
191 77 22
191 78 88
191 81 32
191 82 62
191 83 71
191 85 44
191 90 45
191 91 64
191 92 30
191 94 15
191 95 18
191 109 57
191 110 63
191 112 60
191 115 90
191 116 25
191 121 34
191 123 46
191 124 41
191 125 38
191 126 40
191 131 68
191 132 41
191 135 60
191 136 53
191 138 69
191 147 31
191 148 17
191 150 59
191 151 20
191 156 51
191 159 43
191 168 38
191 169 68
191 172 69
191 173 46
191 174 40
191 179 33
191 181 43
191 182 17
191 185 46
192 4 76
192 6 16
192 7 52
192 11 41
192 17 22
192 20 42
192 21 30
192 23 63
192 27 46
192 33 37
192 34 29
192 36 15
192 39 47
192 40 34
192 42 33
192 61 65
192 62 26
192 63 58
192 79 25
192 84 8
192 92 41
192 97 23
192 100 31
192 102 34
192 103 38
192 106 36
192 107 47
192 112 36
192 115 78
192 117 33
192 118 71
192 122 19
192 124 17
192 125 42
192 127 36
192 138 45
192 139 35
192 140 32
192 143 48
192 149 72
192 153 54
192 156 70
192 158 47
192 163 53
192 166 26
192 168 18
192 173 22
192 175 33
192 177 2
192 178 47
192 180 38
192 185 26
192 186 55
192 188 21
192 189 25
192 190 22
193 0 21
193 4 38
193 6 79
193 12 10
193 16 41
193 25 29
193 28 83
193 30 26
193 37 7
193 38 75
193 39 73
193 40 76
193 44 104
193 47 21
193 48 70
193 55 32
193 61 40
193 63 5
193 65 42
193 71 38
193 72 60
193 76 14
193 79 38
193 81 89
193 83 79
193 87 24
193 88 25
193 89 36
193 90 74
193 92 30
193 94 55
193 96 90
193 98 48
193 99 63
193 104 76
193 106 93
193 115 55
193 117 73
193 122 67
193 125 97
193 126 63
193 127 74
193 128 92
193 134 96
193 141 50
193 142 34
193 144 68
193 145 41
193 148 76
193 151 80
193 157 16
193 164 40
193 169 68
193 173 77
193 175 42
193 176 49
193 177 61
193 180 28
193 183 9
193 184 94
193 185 58
193 187 75
193 189 76
194 1 41
194 6 16
194 7 46
194 8 24
194 12 60
194 13 46
194 24 71
194 29 39
194 37 61
194 41 32
194 42 27
194 43 24
194 49 6
194 58 34
194 64 22
194 70 52
194 71 68
194 72 67
194 73 40
194 82 57
194 88 62
194 91 57
194 93 74
194 94 8
194 98 44
194 99 31
194 100 31
194 102 38
194 105 52
194 109 70
194 116 42
194 119 55
194 121 17
194 124 25
194 126 24
194 132 32
194 134 35
194 141 20
194 143 42
194 145 22
194 150 43
194 151 26
194 153 61
194 154 8
194 159 29
194 161 37
194 162 47
194 163 47
194 166 20
194 167 26
194 174 25
194 176 65
194 181 51
194 183 63
194 188 29
194 190 18
194 191 16
194 192 8
195 0 33
195 5 50
195 9 84
195 11 37
195 14 91
195 15 41
195 17 81
195 18 49
195 24 13
195 29 56
195 33 78
195 38 56
195 41 82
195 43 88
195 45 17
195 46 52
195 48 54
195 55 69
195 57 65
195 61 81
195 63 42
195 72 14
195 77 63
195 82 14
195 86 16
195 91 8
195 94 59
195 96 99
195 99 42
195 112 62
195 123 75
195 124 55
195 128 92
195 129 84
195 131 23
195 137 89
195 139 26
195 142 53
195 144 26
195 146 20
195 149 83
195 150 65
195 152 20
195 153 25
195 155 16
195 161 39
195 162 38
195 166 85
195 169 31
195 170 19
195 172 6
195 177 58
195 178 38
195 182 59
195 185 37
195 186 83
195 188 51
195 192 59
195 194 64
196 7 50
196 11 38
196 12 56
196 16 19
196 17 28
196 22 24
196 25 29
196 33 42
196 36 22
196 37 54
196 39 49
196 43 35
196 47 38
196 48 16
196 49 6
196 50 28
196 51 50
196 54 48
196 64 21
196 66 38
196 67 27
196 68 40
196 69 29
196 70 40
196 72 55
196 73 51
196 75 34
196 76 44
196 77 34
196 80 52
196 82 46
196 84 11
196 89 48
196 92 37
196 93 63
196 94 11
196 96 47
196 97 31
196 98 49
196 107 43
196 111 24
196 114 16
196 115 71
196 116 51
196 129 55
196 132 39
196 140 28
196 141 8
196 145 17
196 149 69
196 156 66
196 160 29
196 161 26
196 164 36
196 167 21
196 168 24
196 169 42
196 171 48
196 172 48
196 174 14
196 175 30
196 179 55
196 180 31
196 183 59
196 190 29
196 193 57
196 194 12
197 1 96
197 4 122
197 13 14
197 14 79
197 15 41
197 18 59
197 21 63
197 25 77
197 28 73
197 30 83
197 32 19
197 33 25
197 34 74
197 36 50
197 40 23
197 42 76
197 45 56
197 47 77
197 55 101
197 57 109
197 58 85
197 59 16
197 60 85
197 63 93
197 68 74
197 69 29
197 70 46
197 71 120
197 78 75
197 82 73
197 83 26
197 87 74
197 95 65
197 103 11
197 105 99
197 106 69
197 114 66
197 124 33
197 135 115
197 143 97
197 144 45
197 145 66
197 147 56
197 148 78
197 150 15
197 152 52
197 153 45
197 156 117
197 158 7
197 159 41
197 160 56
197 165 17
197 167 69
197 168 40
197 169 37
197 173 27
197 175 81
197 179 95
197 180 70
197 181 99
197 185 40
197 190 61
197 192 50
197 193 99
197 196 51
198 2 25
198 3 35
198 6 21
198 7 54
198 8 32
198 13 35
198 14 40
198 15 16
198 19 33
198 20 44
198 22 23
198 24 60
198 27 46
198 28 37
198 37 58
198 42 38
198 45 56
198 51 55
198 55 55
198 57 66
198 61 66
198 68 44
198 69 25
198 70 40
198 73 52
198 79 23
198 81 34
198 91 47
198 95 26
198 96 46
198 97 28
198 100 35
198 101 70
198 104 29
198 105 54
198 107 48
198 108 26
198 113 59
198 118 66
198 121 8
198 125 46
198 130 24
198 133 36
198 138 42
198 141 12
198 142 32
198 144 50
198 145 21
198 147 16
198 149 73
198 151 38
198 153 49
198 154 16
198 159 17
198 164 40
198 166 31
198 173 20
198 177 5
198 191 28
198 195 54
199 4 110
199 7 86
199 13 24
199 15 37
199 16 58
199 20 77
199 22 40
199 26 101
199 29 20
199 30 74
199 35 79
199 37 90
199 47 74
199 48 25
199 52 100
199 53 45
199 54 76
199 58 61
199 60 61
199 68 74
199 69 9
199 77 72
199 80 85
199 81 38
199 86 59
199 88 84
199 92 76
199 95 43
199 96 56
199 99 34
199 102 8
199 104 27
199 109 109
199 113 82
199 116 80
199 118 86
199 122 47
199 123 97
199 124 22
199 125 49
199 127 33
199 129 17
199 136 49
199 138 25
199 143 82
199 144 58
199 147 48
199 148 56
199 149 107
199 155 69
199 165 33
199 166 46
199 167 60
199 170 81
199 179 71
199 182 43
199 183 98
199 191 56
