200 5970
-1
33 56 97
73 81 80
10 75 123
69 48 125
99 53 134
9 30 131
58 89 104
23 97 104
7 9 111
86 65 89
96 83 141
63 0 141
45 50 106
16 25 107
5 84 77
52 1 123
19 40 130
58 69 134
12 93 112
6 2 89
50 84 80
34 1 101
100 41 74
87 84 98
99 68 91
27 84 133
63 97 115
31 4 117
48 100 114
50 36 109
66 62 127
13 29 101
53 89 138
94 84 87
20 36 109
1 79 79
2 66 132
93 56 111
32 84 117
96 44 133
17 53 94
82 70 128
70 77 99
44 41 102
72 94 97
62 96 141
59 6 120
36 91 119
7 70 122
65 38 115
1 5 71
11 3 114
52 23 98
14 73 96
65 34 93
2 54 74
48 48 112
54 35 103
63 0 97
83 30 104
92 68 135
91 69 92
59 94 92
2 47 77
48 56 74
3 54 102
88 29 106
9 100 117
68 47 75
22 11 134
14 98 102
3 61 108
75 58 139
96 55 91
56 1 108
95 33 88
15 12 131
68 2 135
80 37 95
62 68 114
83 98 137
31 45 81
16 75 99
100 49 130
4 9 87
22 36 103
39 69 140
83 33 78
71 7 102
66 9 128
76 47 134
51 64 86
44 3 104
78 89 76
81 70 102
99 16 128
32 83 106
16 83 137
14 94 109
78 42 91
86 96 120
45 24 107
90 89 109
47 6 98
97 97 130
18 15 78
100 32 140
60 93 127
67 37 76
93 50 99
14 3 134
74 67 113
7 42 132
42 57 101
46 59 135
18 45 91
75 50 124
87 15 119
70 28 133
64 94 106
6 53 104
37 30 116
54 40 140
2 13 123
85 46 73
29 56 130
78 79 91
8 98 135
77 15 88
20 11 99
3 7 115
80 16 125
52 42 70
97 59 82
57 6 80
97 36 114
17 69 104
3 3 135
45 15 80
46 41 103
5 76 80
51 92 71
46 62 73
14 94 86
6 24 126
56 56 91
93 51 87
89 85 90
62 67 109
36 69 130
27 34 115
5 77 75
64 11 130
42 82 78
15 48 71
66 95 123
79 78 88
32 98 136
39 15 109
13 54 128
50 43 71
85 74 89
66 13 104
21 69 134
44 9 75
90 73 111
76 24 114
76 38 112
13 14 112
21 50 72
30 59 116
38 85 75
86 2 82
86 49 101
69 27 84
50 73 80
87 80 99
97 45 118
82 6 96
25 30 139
75 79 126
35 63 126
5 58 122
84 30 108
26 9 137
52 96 75
22 66 132
61 26 114
12 69 111
29 87 84
21 24 90
96 65 103
7 82 91
64 98 71
46 5 94
72 67 132
74 62 105
74 17 126
12 49 119
24 91 81
-1
3 0 36
3 2 64
4 0 66
4 3 30
6 0 41
6 5 76
7 0 42
7 2 25
7 3 67
8 2 66
8 3 73
9 1 20
9 3 24
10 2 86
10 6 38
11 3 48
11 4 64
11 5 61
12 6 41
12 7 51
12 9 43
13 4 87
13 5 8
13 6 76
13 11 53
14 0 39
14 3 73
14 9 83
15 0 58
15 4 70
15 7 100
15 13 43
15 14 95
16 0 21
16 1 67
16 2 36
16 3 50
16 5 14
16 6 62
16 7 57
16 9 71
16 10 88
16 12 27
16 14 46
17 0 28
17 3 23
17 6 20
17 7 44
17 10 40
17 11 69
17 12 23
17 15 68
17 16 48
18 1 62
18 2 18
18 3 72
18 4 95
18 5 63
18 10 84
18 12 54
18 17 51
19 6 101
19 9 101
19 14 82
19 17 84
20 2 41
20 7 29
20 8 86
20 10 46
20 17 17
20 19 93
21 0 55
21 4 83
21 6 91
21 9 82
21 10 102
21 12 50
22 1 48
22 3 31
22 9 27
22 12 55
22 15 62
22 16 81
22 18 102
22 20 65
23 1 14
23 6 29
23 7 65
23 8 109
23 9 19
23 10 9
23 12 54
23 15 90
23 16 80
23 19 115
23 21 98
24 5 97
24 8 109
24 11 76
24 12 56
25 4 78
25 14 22
25 19 84
25 22 84
26 0 50
26 3 49
26 7 40
26 9 39
26 13 85
26 19 110
27 2 74
27 8 24
27 16 37
27 17 70
27 25 80
27 26 98
28 0 46
28 5 80
28 8 99
28 20 16
28 21 99
28 22 78
28 25 26
28 27 97
29 2 55
29 8 50
29 11 38
29 12 14
29 16 31
29 18 68
29 19 55
29 23 60
29 24 58
30 3 14
30 5 65
30 7 55
30 11 62
30 18 62
30 22 39
31 1 79
31 6 75
31 16 12
31 17 60
31 22 87
31 24 94
31 25 56
31 26 84
31 29 37
32 2 45
32 6 5
32 11 89
32 13 73
32 14 48
32 20 5
32 24 50
32 26 12
32 27 87
32 30 29
33 1 21
33 9 20
33 11 89
33 12 59
33 13 97
33 16 86
33 28 48
33 29 65
33 30 35
34 2 40
34 3 50
34 4 80
34 10 89
34 11 56
34 12 28
34 14 50
34 15 47
34 17 50
34 19 36
34 27 33
34 29 30
35 0 39
35 3 74
35 5 49
35 8 70
35 12 52
35 13 56
35 23 86
35 24 98
35 26 64
35 27 80
35 33 93
36 14 18
36 15 82
36 17 56
36 20 51
36 25 30
36 27 68
36 29 56
36 31 38
36 34 34
37 6 48
37 10 27
37 12 48
37 20 51
37 22 16
37 23 28
37 24 13
37 26 50
37 30 27
37 34 75
37 36 91
38 1 41
38 2 23
38 12 36
38 16 45
38 19 86
38 20 18
38 21 83
38 23 55
38 30 40
38 32 21
38 33 62
38 34 49
38 37 67
39 1 43
39 3 27
39 4 9
39 5 88
39 6 58
39 7 90
39 11 55
39 13 82
39 14 99
39 15 61
39 16 77
39 17 45
39 19 99
39 28 73
39 30 34
39 35 101
40 1 62
40 3 52
40 6 54
40 7 44
40 8 45
40 9 70
40 11 70
40 12 28
40 13 28
40 20 45
40 21 54
40 30 49
40 31 24
40 33 83
40 37 76
41 3 25
41 5 83
41 6 30
41 8 96
41 12 42
41 14 78
41 17 24
41 20 34
41 25 56
41 26 33
41 28 45
41 31 80
41 33 18
41 37 17
42 0 42
42 1 5
42 2 60
42 3 29
42 4 37
42 6 16
42 20 21
42 21 84
42 24 30
42 25 43
42 26 21
42 28 31
42 31 74
42 35 69
42 40 58
42 41 13
43 0 18
43 2 48
43 3 25
43 5 36
43 15 40
43 19 54
43 21 41
43 27 39
43 28 59
43 29 7
43 30 30
43 33 65
43 34 24
43 35 57
43 38 44
43 41 47
44 3 46
44 7 49
44 10 26
44 11 94
44 13 88
44 15 95
44 17 28
44 19 113
44 25 46
44 26 9
44 27 98
44 29 62
44 30 32
44 32 19
44 34 77
44 36 75
44 37 43
44 38 41
44 41 26
44 43 59
45 1 18
45 2 56
45 4 56
45 10 36
45 14 58
45 15 95
45 25 37
45 26 1
45 27 97
45 29 61
45 31 83
45 32 11
45 35 63
45 36 67
45 38 32
45 40 62
45 41 32
45 42 20
45 43 57
46 1 76
46 3 43
46 4 61
46 8 52
46 9 64
46 11 7
46 13 47
46 14 94
46 17 63
46 26 91
46 28 94
46 29 31
46 32 83
46 36 82
46 37 60
46 39 53
46 42 71
46 43 38
46 45 90
47 0 35
47 6 22
47 10 60
47 11 94
47 13 68
47 19 93
47 20 15
47 22 81
47 25 11
47 30 41
47 42 36
47 46 88
48 1 66
48 4 93
48 5 40
48 6 54
48 8 61
48 12 42
48 18 23
48 19 68
48 24 92
48 25 24
48 29 54
48 32 49
48 47 35
49 0 36
49 1 43
49 2 66
49 3 10
49 4 37
49 6 51
49 16 46
49 17 31
49 23 50
49 24 45
49 27 48
49 32 52
49 38 56
49 40 50
49 41 36
49 43 21
49 44 56
49 46 32
50 0 60
50 7 94
50 9 104
50 10 122
50 11 62
50 12 62
50 18 88
50 19 5
50 25 83
50 26 110
50 29 57
50 32 98
50 38 84
51 2 72
51 5 27
51 7 94
51 10 116
51 11 52
51 16 37
51 23 111
51 31 26
51 32 95
51 33 115
51 43 50
51 45 106
52 3 30
52 7 79
52 8 47
52 12 27
52 15 22
52 16 37
52 18 80
52 19 50
52 21 28
52 22 51
52 25 65
52 26 74
52 30 41
52 31 39
52 32 66
52 34 34
52 43 19
52 48 65
52 49 19
53 3 60
53 4 87
53 7 25
53 14 14
53 16 33
53 17 44
53 29 51
53 32 42
53 38 21
53 41 68
53 46 80
53 47 28
53 48 7
53 50 69
54 0 38
54 3 14
54 4 38
54 11 34
54 15 35
54 27 45
54 28 68
54 30 28
54 35 78
54 42 43
54 47 63
54 48 68
54 50 70
54 53 64
55 1 75
55 3 67
55 4 97
55 6 66
55 9 84
55 12 43
55 14 30
55 25 39
55 33 96
55 34 25
55 35 25
55 36 12
55 37 91
55 39 94
55 47 50
55 48 16
55 52 58
56 0 17
56 1 41
56 12 3
56 15 47
56 17 23
56 21 49
56 22 52
56 23 53
56 24 54
56 29 12
56 31 39
56 32 41
56 36 49
56 41 40
56 45 50
56 48 46
56 51 58
56 52 25
56 53 42
56 54 22
56 55 46
57 0 29
57 1 49
57 5 45
57 9 43
57 10 63
57 11 36
57 17 34
57 26 62
57 36 60
57 38 53
57 39 42
57 43 11
57 52 12
57 53 55
58 0 63
58 1 81
58 2 91
58 15 11
58 16 59
58 20 85
58 22 55
58 24 76
58 26 97
58 31 57
58 36 89
58 38 89
58 40 70
58 49 38
58 50 62
58 52 25
58 55 81
59 0 56
59 2 85
59 3 22
59 7 89
59 9 35
59 14 94
59 15 42
59 17 46
59 18 94
59 19 81
59 20 63
59 22 20
59 27 58
59 29 33
59 35 95
59 36 88
59 41 40
59 48 85
60 1 23
60 3 30
60 4 16
60 5 91
60 6 39
60 9 6
60 12 50
60 17 34
60 25 66
60 26 41
60 27 88
60 28 54
60 30 26
60 32 44
60 36 90
60 37 12
60 40 76
60 45 41
60 49 40
60 51 103
60 58 73
61 4 17
61 6 38
61 10 14
61 11 74
61 16 77
61 17 33
61 22 29
61 25 65
61 27 88
61 28 53
61 31 87
61 34 78
61 52 60
61 53 77
61 55 90
61 60 1
62 0 46
62 2 52
62 4 57
62 7 36
62 9 39
62 10 38
62 13 81
62 16 67
62 25 33
62 36 63
62 41 33
62 42 20
62 48 57
62 50 106
62 53 49
62 56 47
62 61 40
63 4 97
63 6 70
63 11 77
63 16 18
63 21 56
63 24 99
63 29 49
63 30 65
63 33 99
63 36 19
63 41 83
63 45 77
63 51 44
63 54 64
63 56 46
63 58 77
63 59 82
63 60 92
63 62 73
64 1 35
64 8 62
64 9 39
64 10 55
64 12 6
64 14 51
64 16 33
64 18 51
64 21 56
64 22 54
64 24 52
64 29 20
64 30 18
64 32 33
64 40 31
64 51 64
64 56 8
65 2 22
65 5 24
65 6 65
65 10 97
65 19 52
65 22 97
65 23 89
65 24 97
65 27 57
65 30 63
65 34 24
65 41 80
65 48 16
65 50 49
65 61 89
65 63 7
66 1 54
66 2 90
66 5 79
66 7 94
66 10 54
66 12 47
66 13 72
66 14 99
66 18 99
66 20 66
66 22 16
66 23 55
66 25 82
66 26 72
66 29 38
66 30 39
66 33 55
66 37 27
66 47 80
66 49 24
66 53 86
66 56 44
66 57 34
66 58 38
66 59 5
66 63 87
66 64 48
67 1 66
67 2 25
67 5 70
67 8 91
67 10 88
67 21 102
67 28 39
67 33 86
67 35 22
67 37 94
67 40 47
67 41 78
67 42 65
67 43 68
67 44 63
67 53 27
67 54 86
67 55 46
67 59 101
67 60 88
67 61 87
67 65 46
68 8 71
68 9 25
68 10 45
68 14 73
68 16 49
68 20 41
68 30 15
68 31 57
68 32 44
68 35 74
68 36 68
68 40 51
68 41 26
68 44 47
68 47 54
68 49 9
68 55 66
68 57 18
68 58 47
68 60 31
68 62 47
68 64 21
69 2 65
69 7 86
69 11 42
69 17 68
69 18 82
69 20 78
69 22 83
69 29 37
69 32 83
69 34 25
69 41 84
69 43 37
69 45 93
69 48 60
69 53 62
69 54 48
69 57 40
69 61 90
69 62 90
70 0 46
70 4 96
70 6 44
70 7 9
70 13 73
70 24 90
70 26 49
70 28 34
70 29 71
70 30 63
70 31 69
70 33 81
70 36 34
70 38 22
70 45 48
70 47 23
70 51 95
70 57 74
70 58 109
70 59 96
70 63 52
70 64 54
70 65 45
71 0 30
71 1 72
71 5 31
71 11 85
71 14 23
71 15 77
71 17 55
71 20 52
71 21 67
71 23 87
71 26 69
71 29 53
71 31 33
71 32 57
71 40 16
71 41 79
71 43 45
71 47 44
71 53 16
71 56 46
71 61 88
71 67 39
72 0 42
72 2 67
72 7 65
72 9 13
72 12 31
72 16 58
72 23 28
72 24 26
72 31 68
72 33 32
72 36 73
72 41 13
72 42 19
72 54 26
72 56 28
72 58 59
72 59 29
72 60 19
72 62 39
72 63 73
72 64 27
73 3 27
73 4 3
73 6 50
73 11 64
73 13 85
73 15 69
73 18 92
73 22 14
73 29 49
73 38 70
73 39 11
73 43 53
73 46 61
73 52 54
73 59 28
73 60 13
73 72 21
74 5 55
74 6 88
74 7 101
74 8 49
74 12 50
74 16 53
74 23 88
74 28 99
74 29 35
74 34 50
74 35 95
74 37 66
74 40 65
74 54 34
74 63 70
74 71 80
75 0 66
75 1 52
75 2 94
75 3 30
75 4 20
75 11 45
75 15 53
75 17 51
75 18 102
75 20 68
75 23 51
75 24 35
75 27 70
75 28 81
75 45 71
75 55 95
75 58 45
75 67 109
75 74 50
76 0 47
76 1 90
76 2 63
76 4 93
76 13 13
76 14 72
76 17 71
76 18 81
76 19 13
76 22 89
76 27 17
76 28 93
76 29 42
76 33 106
76 34 24
76 37 89
76 39 87
76 42 85
76 44 99
76 45 96
76 46 44
76 48 58
76 52 38
76 57 45
76 58 49
76 63 37
76 69 7
76 70 86
76 73 91
76 74 42
77 4 59
77 7 105
77 11 5
77 15 16
77 23 84
77 24 72
77 26 95
77 28 100
77 29 38
77 31 61
77 32 88
77 38 89
77 43 45
77 47 94
77 54 32
77 57 35
77 59 31
77 67 114
77 68 45
77 70 110
77 71 87
77 72 56
77 74 12
77 75 41
78 0 50
78 1 44
78 6 56
78 7 82
78 8 78
78 9 28
78 12 37
78 13 65
78 15 45
78 20 55
78 21 58
78 30 28
78 31 67
78 33 49
78 36 83
78 40 65
78 43 36
78 51 76
78 52 31
78 55 79
78 61 33
78 65 78
78 69 63
78 71 80
79 1 17
79 9 24
79 10 37
79 17 4
79 20 20
79 24 37
79 26 29
79 31 62
79 35 61
79 37 33
79 42 12
79 43 32
79 48 55
79 51 82
79 55 61
79 56 24
79 60 30
79 65 60
79 73 36
79 74 67
79 76 73
79 77 66
80 4 47
80 8 117
80 13 99
80 15 101
80 18 71
80 21 108
80 24 34
80 30 39
80 34 88
80 37 43
80 40 79
80 46 95
80 49 62
80 50 123
80 57 69
80 71 88
80 75 66
81 0 11
81 2 36
81 11 55
81 12 14
81 13 25
81 20 43
81 23 68
81 25 39
81 39 65
81 40 16
81 43 13
81 44 63
81 45 59
81 46 48
81 49 34
81 57 25
81 58 55
81 59 54
81 60 65
81 67 59
81 74 50
81 76 36
81 79 38
82 5 45
82 7 23
82 9 70
82 15 82
82 17 42
82 19 73
82 21 76
82 27 72
82 31 46
82 39 85
82 43 44
82 54 63
82 60 76
82 62 47
82 63 31
82 65 24
82 66 85
82 71 19
82 72 61
82 74 84
82 75 89
82 76 63
82 77 89
83 1 41
83 3 31
83 6 58
83 9 21
83 15 67
83 17 46
83 18 98
83 20 61
83 21 81
83 22 8
83 23 37
83 24 19
83 32 61
83 33 35
83 36 99
83 39 6
83 44 53
83 46 59
83 51 100
83 52 54
83 54 38
83 55 98
83 57 48
83 59 25
83 60 20
83 61 21
83 62 60
83 63 98
83 65 97
83 69 86
83 72 26
83 77 56
83 80 51
83 81 69
84 13 20
84 16 34
84 22 101
84 24 111
84 26 105
84 27 27
84 28 101
84 31 21
84 32 93
84 35 70
84 39 98
84 40 45
84 48 61
84 54 65
84 57 56
84 60 105
84 63 38
84 66 86
84 67 91
84 72 86
84 74 52
84 76 11
84 77 64
84 78 80
85 0 22
85 3 48
85 5 14
85 8 30
85 9 70
85 12 26
85 14 50
85 19 37
85 20 55
85 22 78
85 23 80
85 28 69
85 29 28
85 32 61
85 34 2
85 35 47
85 44 76
85 48 37
85 52 32
85 55 26
85 57 32
85 63 22
85 67 65
85 70 62
85 72 57
85 76 25
85 82 39
86 0 14
86 3 36
86 6 27
86 8 68
86 9 47
86 13 49
86 15 69
86 18 36
86 21 68
86 25 19
86 28 32
86 30 27
86 35 39
86 43 28
86 48 32
86 49 40
86 55 39
86 56 22
86 67 43
86 68 36
86 74 70
86 75 66
86 77 73
86 85 37
87 1 49
87 4 25
87 5 74
87 10 51
87 18 92
87 21 58
87 22 18
87 23 51
87 29 33
87 32 63
87 36 87
87 46 36
87 49 18
87 64 41
87 68 20
87 69 64
87 71 84
87 73 25
87 82 79
88 1 74
88 3 41
88 4 53
88 6 83
88 9 59
88 11 10
88 14 101
88 21 37
88 25 88
88 26 90
88 29 35
88 34 58
88 35 100
88 37 53
88 41 63
88 42 70
88 44 87
88 45 89
88 46 12
88 48 89
88 51 60
88 56 47
88 58 10
88 59 25
88 61 65
88 64 54
88 70 107
88 71 86
88 73 54
88 74 16
88 76 56
88 80 91
88 81 55
88 86 69
89 3 39
89 4 55
89 6 80
89 9 59
89 11 9
89 13 52
89 23 77
89 32 81
89 43 38
89 44 85
89 48 84
89 49 29
89 50 65
89 55 78
89 60 64
89 62 85
89 64 50
89 65 77
89 78 31
89 79 59
89 86 65
89 87 29
89 88 5
90 2 71
90 6 45
90 7 72
90 8 78
90 10 41
90 13 63
90 23 38
90 30 18
90 34 57
90 36 76
90 41 23
90 50 85
90 51 78
90 54 17
90 58 48
90 60 26
90 63 74
90 66 21
90 67 85
90 72 11
90 75 23
90 76 70
90 80 51
90 83 24
90 84 81
90 85 55
91 0 19
91 2 42
91 4 49
91 10 48
91 12 15
91 14 50
91 18 48
91 20 20
91 23 41
91 31 51
91 34 41
91 35 52
91 37 42
91 42 23
91 48 44
91 54 33
91 56 16
91 58 65
91 59 46
91 65 49
91 66 50
91 78 39
91 79 11
91 80 46
91 83 51
91 87 44
91 88 60
92 4 74
92 5 44
92 6 87
92 10 95
92 13 35
92 16 44
92 18 95
92 20 81
92 29 33
92 30 62
92 34 40
92 35 87
92 40 56
92 41 77
92 43 38
92 44 95
92 49 40
92 54 37
92 59 47
92 60 80
92 66 51
92 67 103
92 69 23
92 70 99
92 71 71
92 78 49
92 80 102
92 84 40
92 85 39
92 88 27
93 0 55
93 9 25
93 11 90
93 15 91
93 22 52
93 23 10
93 25 51
93 27 97
93 28 31
93 29 59
93 35 77
93 36 79
93 40 70
93 41 19
93 44 7
93 45 17
93 46 85
93 48 73
93 50 113
93 55 83
93 56 50
93 57 59
93 58 90
93 60 25
93 65 82
93 68 43
93 72 31
93 73 38
93 79 26
93 80 10
93 81 64
93 82 63
93 83 45
93 86 43
93 92 92
94 3 25
94 7 63
94 9 7
94 10 19
94 14 77
94 16 68
94 19 101
94 22 34
94 23 15
94 24 18
94 29 46
94 31 79
94 36 79
94 46 67
94 51 96
94 52 55
94 53 67
94 56 39
94 59 40
94 64 35
94 66 41
94 72 13
94 82 65
94 84 98
94 89 62
94 91 30
94 92 76
95 3 43
95 5 91
95 7 111
95 12 63
95 17 67
95 18 116
95 24 52
95 25 99
95 35 116
95 39 28
95 43 60
95 44 82
95 52 47
95 58 39
95 60 52
95 63 101
95 64 64
95 71 106
95 74 45
95 75 17
95 78 28
95 80 83
95 90 38
96 0 27
96 12 35
96 13 60
96 15 84
96 17 29
96 18 22
96 20 18
96 23 55
96 24 68
96 31 57
96 38 1
96 40 33
96 43 43
96 44 41
96 45 32
96 47 8
96 49 55
96 51 82
96 52 63
96 53 20
96 57 52
96 58 88
96 59 73
96 67 28
96 69 72
96 76 73
96 79 33
96 84 79
96 92 80
96 93 46
96 94 50
97 0 31
97 3 63
97 10 80
97 12 43
97 13 58
97 14 11
97 15 89
97 17 44
97 26 49
97 28 36
97 30 54
97 34 47
97 41 67
97 44 57
97 45 47
97 49 66
97 51 80
97 57 61
97 60 77
97 64 41
97 69 72
97 72 64
97 75 93
97 79 48
97 82 8
97 84 74
97 88 93
97 90 69
98 6 44
98 11 106
98 14 13
98 17 50
98 18 2
98 21 95
98 29 68
98 36 30
98 38 20
98 40 41
98 42 58
98 52 80
98 54 78
98 58 106
98 66 98
98 70 4
98 80 69
98 86 35
98 88 104
98 89 99
99 6 51
99 9 24
99 13 64
99 15 48
99 22 22
99 25 66
99 30 23
99 32 53
99 34 58
99 35 85
99 36 79
99 37 20
99 39 18
99 43 34
99 44 52
99 46 40
99 48 76
99 50 85
99 53 71
99 54 15
99 59 13
99 64 33
99 72 16
99 77 41
99 81 47
99 84 81
99 87 10
99 91 34
99 93 47
99 95 33
99 96 61
99 98 82
100 1 19
100 2 78
100 4 44
100 5 101
100 9 31
100 10 16
100 12 61
100 13 99
100 16 87
100 17 38
100 33 14
100 36 89
100 41 26
100 43 69
100 45 24
100 46 93
100 47 50
100 48 83
100 56 61
100 61 27
100 66 67
100 68 52
100 70 72
100 76 109
100 77 95
100 79 36
100 82 73
100 88 90
100 91 47
101 2 61
101 3 33
101 7 76
101 8 40
101 9 57
101 10 77
101 13 29
101 19 44
101 25 62
101 31 32
101 32 65
101 36 60
101 42 58
101 50 47
101 52 7
101 53 57
101 55 52
101 59 38
101 67 84
101 70 80
101 73 59
101 74 25
101 75 50
101 77 31
101 89 25
101 90 38
101 92 21
101 97 65
101 100 82
102 8 115
102 11 93
102 14 85
102 17 37
102 22 49
102 28 43
102 30 36
102 31 97
102 35 89
102 47 54
102 50 122
102 52 76
102 54 60
102 55 94
102 56 58
102 58 93
102 61 20
102 62 31
102 64 53
102 71 91
102 77 89
102 81 73
102 86 54
102 87 56
102 89 83
102 94 21
102 97 74
103 4 70
103 12 44
103 17 63
103 21 13
103 24 80
103 26 92
103 27 16
103 30 59
103 36 75
103 39 62
103 43 35
103 44 91
103 46 12
103 48 75
103 55 65
103 60 76
103 61 76
103 66 47
103 67 101
103 69 25
103 70 97
103 72 59
103 75 55
103 78 45
103 81 42
103 82 75
103 86 63
103 93 88
103 99 47
103 100 98
103 101 18
103 102 93
104 2 89
104 10 14
104 11 102
104 15 106
104 18 85
104 19 131
104 26 34
104 27 114
104 30 46
104 32 44
104 33 13
104 34 98
104 36 99
104 38 66
104 42 33
104 48 93
104 52 86
104 54 70
104 55 104
104 57 75
104 59 68
104 61 28
104 62 38
104 68 57
104 75 64
104 79 45
104 80 14
104 89 93
104 94 31
104 95 81
104 96 66
105 1 85
105 7 82
105 10 103
105 11 47
105 12 44
105 14 70
105 21 21
105 30 67
105 34 21
105 35 66
105 36 53
105 40 38
105 41 84
105 49 52
105 58 47
105 61 90
105 65 41
105 66 71
105 67 85
105 70 83
105 71 48
105 72 71
105 84 15
105 85 21
105 90 66
105 93 95
105 94 83
105 96 69
105 97 68
105 101 28
106 3 34
106 4 21
106 9 35
106 14 108
106 21 72
106 27 74
106 30 45
106 32 73
106 33 52
106 38 85
106 43 56
106 48 100
106 49 35
106 50 102
106 59 17
106 69 80
106 76 87
106 84 98
106 90 28
106 91 58
106 98 106
106 100 65
106 105 83
107 0 45
107 3 45
107 4 55
107 8 99
107 15 92
107 17 24
107 18 48
107 20 13
107 21 95
107 23 28
107 25 34
107 26 5
107 30 31
107 35 60
107 36 63
107 39 60
107 44 12
107 46 87
107 48 57
107 49 55
107 64 38
107 67 51
107 70 46
107 73 52
107 78 59
107 81 56
107 82 47
107 84 100
107 85 68
107 86 31
107 87 64
107 89 84
107 90 48
107 91 30
107 94 31
107 96 29
107 98 46
107 102 30
107 104 37
107 106 72
108 17 33
108 21 48
108 26 60
108 28 65
108 33 54
108 38 58
108 39 29
108 42 40
108 50 73
108 54 3
108 59 17
108 61 40
108 62 57
108 65 66
108 66 22
108 68 10
108 69 51
108 75 28
108 76 57
108 79 31
108 88 30
108 93 53
108 95 38
108 97 68
108 100 61
108 103 36
108 105 53
108 107 56
109 10 33
109 14 94
109 16 74
109 28 67
109 29 45
109 31 82
109 41 22
109 42 35
109 44 48
109 52 49
109 54 32
109 57 41
109 64 45
109 72 19
109 85 72
109 87 19
109 89 49
109 92 67
109 97 83
109 102 39
109 103 63
109 107 54
110 9 95
110 11 49
110 14 81
110 15 38
110 18 90
110 25 82
110 28 102
110 29 48
110 32 94
110 34 33
110 35 77
110 36 64
110 39 91
110 40 50
110 41 95
110 42 92
110 54 59
110 63 45
110 68 69
110 70 95
110 71 59
110 72 82
110 78 74
110 81 45
110 83 97
110 88 57
110 94 94
110 96 82
110 104 125
110 106 90
111 0 42
111 4 28
111 5 74
111 13 71
111 16 61
111 17 16
111 20 29
111 22 36
111 23 21
111 31 71
111 33 26
111 44 27
111 54 34
111 55 73
111 56 32
111 58 67
111 59 38
111 60 18
111 61 17
111 62 30
111 65 72
111 67 72
111 68 20
111 72 9
111 78 30
111 79 12
111 80 32
111 84 90
111 86 35
111 87 35
111 92 70
111 93 22
111 101 51
111 103 66
111 104 37
111 106 43
111 108 30
111 109 25
112 2 33
112 4 92
112 6 69
112 7 57
112 11 70
112 12 38
112 13 19
112 14 42
112 15 60
112 16 12
112 18 51
112 20 60
112 25 46
112 28 71
112 29 43
112 35 37
112 38 48
112 42 72
112 43 37
112 44 83
112 49 58
112 51 39
112 54 58
112 55 13
112 63 7
112 68 61
112 69 34
112 70 56
112 71 19
112 74 63
112 76 31
112 80 94
112 85 16
112 86 41
112 88 72
112 89 67
112 91 49
112 92 53
112 96 48
112 97 41
112 102 95
112 104 105
112 105 29
112 108 60
112 110 39
113 7 44
113 10 59
113 16 28
113 18 46
113 19 65
113 22 60
113 24 58
113 27 54
113 34 30
113 38 28
113 44 47
113 45 43
113 48 37
113 51 62
113 56 10
113 60 51
113 61 50
113 62 40
113 67 54
113 69 50
113 70 49
113 73 54
113 83 58
113 90 35
113 105 48
113 107 40
113 111 33
114 3 25
114 6 32
114 7 44
114 9 40
114 10 55
114 12 9
114 20 25
114 26 41
114 33 54
114 34 34
114 43 18
114 44 43
114 46 54
114 52 36
114 54 31
114 55 44
114 56 11
114 61 46
114 62 37
114 67 55
114 69 53
114 73 50
114 76 56
114 82 34
114 86 12
114 88 57
114 91 7
114 94 36
114 95 68
114 96 27
114 100 54
114 104 63
114 108 30
114 109 47
114 112 42
115 2 31
115 3 51
115 4 81
115 6 59
115 13 20
115 17 46
115 20 50
115 21 46
115 22 82
115 23 79
115 27 43
115 28 62
115 34 9
115 35 38
115 37 75
115 38 41
115 42 61
115 47 49
115 49 47
115 51 42
115 52 40
115 54 48
115 55 18
115 59 66
115 61 76
115 63 16
115 65 17
115 66 71
115 69 34
115 72 58
115 75 77
115 79 49
115 80 83
115 81 13
115 83 82
115 85 9
115 91 38
115 95 86
115 101 34
115 107 63
115 111 60
115 113 26
116 5 68
116 6 42
116 13 64
116 15 54
116 16 56
116 20 42
116 27 63
116 29 28
116 47 56
116 52 35
116 57 25
116 58 51
116 63 73
116 67 82
116 69 65
116 72 8
116 73 21
116 75 26
116 78 13
116 81 44
116 85 54
116 87 18
116 93 39
116 94 20
116 99 8
116 100 47
116 108 15
117 16 72
117 17 61
117 20 78
117 22 29
117 26 85
117 27 57
117 28 93
117 29 42
117 31 75
117 35 107
117 37 41
117 38 88
117 39 30
117 45 84
117 47 91
117 53 93
117 54 29
117 55 93
117 67 115
117 68 37
117 69 65
117 74 34
117 82 92
117 84 83
117 86 72
117 91 60
117 94 55
117 97 98
117 99 28
117 100 81
117 105 69
117 110 73
117 113 61
117 116 37
118 0 46
118 6 62
118 8 65
118 12 33
118 13 54
118 21 45
118 25 70
118 27 45
118 33 60
118 36 77
118 38 67
118 41 43
118 42 49
118 44 66
118 47 71
118 52 18
118 56 29
118 58 28
118 59 13
118 60 45
118 63 70
118 67 94
118 68 19
118 69 50
118 70 89
118 73 37
118 76 57
118 77 26
118 84 68
118 86 51
118 87 13
118 89 19
118 91 40
118 98 86
118 101 25
118 103 31
118 105 53
118 107 65
118 108 9
118 110 61
118 113 40
118 114 39
118 115 54
119 0 49
119 1 15
119 3 46
119 10 33
119 16 70
119 19 108
119 20 17
119 22 64
119 31 82
119 40 62
119 41 30
119 42 18
119 43 56
119 48 61
119 50 109
119 51 105
119 52 72
119 54 60
119 60 38
119 68 47
119 86 35
119 90 48
119 94 29
119 96 33
119 98 50
119 99 53
119 100 22
119 101 72
119 102 26
119 108 57
119 111 28
119 115 67
119 116 45
120 1 72
120 2 22
120 4 93
120 5 23
120 9 80
120 10 94
120 11 77
120 13 29
120 23 86
120 24 94
120 25 37
120 26 72
120 27 55
120 29 47
120 38 40
120 42 68
120 45 70
120 49 60
120 50 48
120 51 50
120 53 21
120 55 4
120 58 77
120 60 87
120 62 67
120 66 85
120 68 62
120 71 8
120 76 41
120 78 75
120 80 89
120 81 26
120 84 44
120 85 23
120 89 74
120 92 62
120 93 80
120 95 100
120 96 39
120 97 31
120 100 90
120 114 40
120 118 68
121 0 26
121 1 62
121 4 66
121 5 28
121 16 20
121 17 44
121 24 72
121 37 61
121 40 30
121 42 57
121 44 72
121 48 50
121 49 29
121 54 28
121 58 39
121 62 67
121 63 38
121 66 51
121 73 64
121 75 58
121 80 82
121 85 16
121 88 41
121 89 35
121 92 27
121 95 63
121 97 57
121 100 82
121 102 79
121 105 24
121 107 67
121 111 52
121 112 32
121 114 30
122 1 45
122 3 17
122 4 46
122 10 60
122 11 41
122 12 13
122 15 39
122 18 67
122 28 60
122 30 25
122 31 42
122 34 34
122 43 10
122 45 56
122 47 54
122 48 55
122 51 56
122 53 51
122 54 12
122 57 5
122 58 41
122 59 30
122 65 52
122 66 35
122 68 15
122 70 70
122 72 27
122 78 26
122 80 64
122 82 51
122 83 46
122 87 29
122 89 33
122 91 24
122 99 24
122 102 60
122 104 71
122 108 13
122 113 20
122 116 23
122 118 20
122 120 49
123 3 75
123 6 94
123 8 6
123 9 98
123 13 18
123 25 75
123 30 80
123 34 29
123 36 53
123 37 100
123 38 77
123 40 42
123 43 50
123 47 85
123 53 61
123 54 66
123 56 57
123 57 56
123 59 82
123 67 87
123 74 55
123 78 81
123 79 81
123 81 43
123 85 30
123 87 83
123 88 69
123 90 81
123 98 81
123 100 118
123 103 45
123 106 99
123 117 85
123 120 40
124 8 86
124 17 35
124 19 90
124 22 15
124 30 24
124 34 65
124 35 90
124 38 65
124 42 34
124 46 47
124 57 32
124 60 23
124 62 54
124 66 17
124 75 16
124 79 31
124 80 52
124 83 15
124 88 41
124 89 41
124 94 24
124 95 33
124 97 78
124 100 50
124 101 45
124 111 23
124 114 41
124 115 67
124 118 23
125 0 4
125 4 70
125 7 41
125 11 65
125 14 36
125 17 31
125 19 58
125 20 35
125 23 64
125 25 28
125 37 64
125 40 12
125 41 54
125 42 46
125 44 57
125 47 35
125 48 26
125 49 40
125 50 58
125 52 40
125 62 48
125 63 28
125 64 19
125 67 48
125 71 26
125 75 69
125 77 66
125 89 59
125 93 59
125 100 69
125 116 46
125 117 71
125 118 49
125 122 29
125 123 50
125 124 56
126 5 84
126 6 22
126 9 16
126 16 70
126 17 22
126 18 67
126 20 28
126 31 82
126 33 16
126 36 77
126 37 27
126 50 106
126 52 61
126 58 80
126 61 16
126 63 82
126 64 37
126 65 79
126 69 88
126 71 77
126 78 42
126 81 58
126 82 62
126 83 37
126 95 66
126 96 46
126 98 65
126 100 18
126 101 64
126 102 15
126 106 51
126 108 43
126 113 42
126 117 64
126 122 45
126 123 100
127 2 23
127 5 68
127 8 89
127 9 84
127 14 14
127 15 106
127 17 57
127 20 44
127 21 100
127 29 74
127 34 63
127 36 32
127 37 94
127 38 27
127 42 65
127 44 64
127 47 28
127 51 95
127 57 78
127 60 89
127 61 87
127 67 2
127 70 6
127 73 97
127 78 94
127 90 85
127 92 101
127 94 78
127 95 122
127 105 83
127 107 52
127 108 84
127 109 97
127 110 95
127 114 54
127 125 46
127 126 72
128 2 89
128 5 69
128 8 70
128 10 70
128 18 101
128 21 45
128 26 83
128 27 47
128 29 34
128 33 71
128 34 60
128 38 82
128 41 55
128 44 79
128 50 76
128 59 16
128 65 83
128 67 108
128 70 104
128 71 87
128 72 43
128 76 62
128 79 55
128 80 83
128 82 85
128 83 41
128 84 73
128 87 18
128 89 12
128 92 35
128 93 74
128 98 101
128 100 81
128 102 75
128 104 84
128 105 59
128 109 38
128 112 75
128 118 14
128 120 80
128 121 42
128 124 32
128 125 63
128 126 64
129 0 46
129 1 87
129 2 64
129 3 61
129 4 89
129 5 21
129 13 14
129 16 29
129 18 82
129 23 99
129 31 19
129 34 25
129 37 85
129 38 73
129 39 82
129 42 82
129 49 52
129 53 62
129 54 50
129 61 91
129 64 53
129 65 46
129 70 87
129 71 52
129 72 72
129 74 37
129 78 65
129 80 107
129 81 35
129 82 64
129 89 46
129 90 66
129 96 72
129 100 107
129 101 28
129 103 27
129 105 4
129 114 54
129 117 67
129 119 93
130 20 90
130 22 102
130 23 113
130 26 108
130 27 28
130 28 103
130 33 119
130 42 96
130 48 63
130 49 69
130 65 47
130 72 88
130 77 65
130 83 105
130 90 83
130 97 77
130 103 44
130 105 17
130 110 11
130 116 83
130 118 70
130 119 106
130 120 46
130 125 55
131 2 91
131 4 41
131 7 99
131 9 49
131 11 23
131 13 64
131 15 31
131 17 57
131 18 102
131 20 74
131 25 86
131 26 82
131 31 68
131 33 69
131 35 101
131 40 73
131 44 78
131 47 86
131 51 70
131 54 23
131 56 45
131 57 32
131 59 14
131 60 53
131 62 80
131 69 58
131 70 105
131 72 42
131 78 21
131 79 55
131 80 82
131 83 38
131 85 61
131 86 67
131 92 38
131 97 92
131 104 82
131 108 24
131 112 77
131 113 55
131 123 78
131 126 63
131 129 60
132 1 44
132 2 53
132 4 48
132 5 44
132 7 62
132 8 55
132 9 41
132 15 41
132 24 53
132 27 43
132 28 58
132 31 41
132 42 39
132 43 8
132 45 54
132 48 53
132 49 13
132 55 51
132 60 47
132 62 52
132 67 72
132 82 48
132 89 35
132 91 22
132 92 39
132 93 53
132 98 64
132 99 26
132 102 60
132 106 49
132 107 51
132 111 33
132 112 45
132 113 18
132 114 18
132 116 24
132 117 44
132 118 22
132 119 53
132 121 19
132 122 2
132 131 38
133 0 64
133 2 88
133 3 30
133 5 92
133 9 12
133 12 52
133 13 87
133 21 85
133 22 18
133 28 63
133 29 52
133 34 80
133 43 55
133 44 43
133 54 40
133 56 50
133 61 11
133 62 51
133 63 95
133 66 31
133 67 97
133 70 91
133 76 94
133 77 63
133 78 27
133 80 41
133 90 24
133 91 46
133 93 35
133 95 43
133 97 84
133 98 90
133 103 72
133 104 38
133 111 24
133 113 55
133 116 23
133 118 41
133 120 91
133 122 47
133 123 105
133 127 97
133 128 48
133 129 90
134 2 83
134 7 97
134 13 45
134 15 7
134 16 50
134 17 63
134 20 78
134 21 23
134 23 83
134 24 74
134 30 56
134 32 83
134 35 92
134 37 61
134 40 61
134 41 68
134 44 89
134 45 90
134 65 72
134 66 38
134 73 62
134 81 46
134 85 46
134 88 14
134 90 45
134 95 43
134 100 94
134 106 50
134 110 43
134 112 61
134 114 54
134 116 47
134 118 25
134 122 34
134 125 57
134 126 75
134 127 104
134 129 37
134 130 54
134 131 25
135 8 93
135 10 47
135 12 53
135 15 57
135 16 78
135 19 97
135 21 72
135 23 49
135 24 32
135 26 69
135 30 40
135 31 84
135 37 20
135 41 37
135 42 49
135 45 69
135 46 48
135 47 82
135 48 96
135 50 100
135 52 46
135 54 32
135 65 95
135 71 97
135 73 19
135 77 44
135 78 17
135 79 47
135 84 96
135 89 41
135 93 56
135 94 37
135 98 101
135 104 61
135 108 30
135 119 66
135 125 70
135 126 47
135 127 108
135 132 45
136 7 28
136 9 69
136 12 33
136 16 29
136 20 36
136 26 53
136 30 49
136 37 77
136 47 29
136 49 57
136 50 65
136 54 59
136 55 21
136 57 50
136 60 75
136 62 48
136 67 32
136 72 59
136 77 84
136 81 27
136 82 6
136 86 22
136 88 82
136 97 14
136 99 66
136 100 74
136 103 69
136 104 84
136 105 54
136 106 90
136 116 61
136 120 19
136 122 47
136 125 17
137 1 104
137 2 72
137 4 108
137 7 96
137 8 7
137 10 122
137 32 99
137 35 76
137 36 63
137 42 99
137 44 114
137 45 110
137 53 70
137 56 63
137 58 60
137 70 95
137 73 106
137 75 96
137 80 124
137 82 73
137 87 85
137 88 68
137 89 63
137 95 96
137 99 84
137 107 106
137 109 101
137 110 11
137 115 44
137 117 84
137 122 63
137 124 92
137 133 109
137 134 54
138 1 71
138 6 75
138 13 30
138 15 15
138 16 36
138 17 55
138 20 69
138 21 17
138 23 80
138 24 75
138 26 83
138 27 17
138 29 21
138 31 34
138 45 82
138 46 16
138 49 30
138 55 58
138 60 70
138 66 45
138 68 39
138 73 64
138 74 17
138 75 53
138 77 26
138 78 41
138 82 66
138 89 21
138 92 12
138 98 84
138 104 97
138 110 33
138 114 44
138 125 44
138 128 32
138 134 15
139 2 49
139 8 50
139 11 44
139 12 9
139 16 27
139 22 54
139 24 59
139 28 59
139 29 6
139 35 58
139 37 49
139 47 50
139 49 19
139 51 51
139 55 45
139 56 7
139 57 10
139 58 44
139 59 38
139 60 53
139 61 53
139 64 15
139 72 33
139 75 49
139 82 45
139 83 54
139 85 24
139 87 37
139 91 23
139 93 57
139 96 44
139 98 61
139 100 68
139 105 38
139 111 38
139 113 16
139 115 28
139 121 14
139 122 8
139 123 52
139 125 22
139 135 51
139 138 26
140 0 34
140 3 69
140 6 54
140 8 67
140 21 80
140 22 101
140 29 60
140 30 62
140 34 42
140 37 90
140 38 28
140 39 96
140 43 52
140 44 69
140 47 34
140 52 70
140 59 90
140 60 87
140 72 72
140 74 90
140 76 64
140 77 97
140 80 81
140 83 98
140 85 43
140 87 89
140 98 20
140 104 94
140 111 69
140 112 34
140 130 69
140 134 87
140 137 73
140 138 72
141 2 44
141 4 61
141 5 74
141 6 7
141 7 28
141 8 93
141 11 92
141 14 46
141 23 36
141 24 53
141 25 25
141 27 90
141 37 55
141 38 20
141 39 65
141 43 51
141 45 11
141 48 49
141 53 41
141 56 44
141 57 57
141 60 47
141 61 46
141 62 8
141 63 66
141 64 36
141 68 48
141 75 73
141 86 25
141 89 84
141 93 27
141 97 36
141 99 56
141 100 35
141 102 39
141 105 83
141 111 33
141 112 66
141 113 36
141 115 57
141 122 52
141 123 92
141 124 57
141 125 42
141 126 29
141 127 43
141 133 56
141 134 86
141 137 101
141 138 77
141 139 51
141 140 48
142 0 14
142 4 53
142 7 41
142 10 54
142 14 46
142 16 34
142 17 13
142 18 46
142 28 38
142 29 26
142 30 20
142 33 52
142 34 36
142 36 44
142 37 47
142 42 28
142 43 21
142 46 57
142 50 72
142 56 14
142 59 48
142 60 46
142 63 46
142 64 6
142 69 56
142 73 50
142 76 58
142 77 63
142 78 42
142 80 51
142 82 32
142 87 47
142 90 33
142 92 59
142 94 35
142 99 37
142 103 56
142 113 6
142 121 33
142 122 23
142 127 52
142 129 57
142 132 20
142 134 57
142 141 30
143 2 19
143 7 9
143 15 100
143 17 50
143 18 2
143 20 37
143 21 95
143 22 101
143 28 34
143 30 61
143 32 39
143 34 58
143 35 19
143 36 30
143 37 87
143 38 20
143 40 41
143 43 60
143 44 58
143 48 25
143 52 80
143 56 57
143 58 106
143 60 82
143 65 41
143 68 71
143 69 83
143 72 70
143 73 90
143 76 82
143 79 54
143 89 99
143 91 47
143 92 95
143 93 64
143 95 115
143 99 82
143 105 79
143 108 77
143 110 91
143 112 52
143 114 47
143 115 49
143 120 41
143 121 68
143 123 81
143 124 85
143 126 65
143 129 83
143 130 87
143 133 90
143 140 20
144 0 41
144 6 83
144 8 15
144 19 22
144 21 36
144 26 92
144 29 45
144 36 42
144 37 92
144 41 88
144 46 55
144 47 73
144 48 46
144 50 19
144 54 59
144 55 30
144 67 76
144 68 66
144 72 76
144 81 32
144 90 73
144 91 60
144 96 64
144 104 116
144 106 94
144 108 62
144 112 18
144 114 53
144 115 24
144 116 73
144 124 82
144 125 39
144 128 71
144 129 19
144 132 49
144 138 40
144 139 43
144 141 81
145 2 49
145 7 52
145 16 40
145 17 13
145 19 73
145 24 44
145 32 33
145 38 36
145 40 39
145 42 25
145 46 50
145 48 50
145 56 11
145 61 37
145 64 8
145 65 53
145 68 15
145 71 53
145 74 55
145 75 45
145 76 60
145 78 30
145 82 44
145 83 44
145 89 48
145 90 21
145 96 36
145 98 56
145 103 50
145 106 50
145 108 21
145 111 21
145 117 51
145 118 31
145 122 16
145 123 69
145 126 31
145 129 57
145 130 72
145 139 18
145 140 54
145 142 11
145 144 59
146 2 86
146 3 24
146 5 86
146 6 51
146 10 32
146 12 48
146 13 81
146 17 39
146 23 33
146 26 54
146 31 82
146 36 92
146 37 5
146 39 7
146 43 50
146 46 56
146 49 30
146 50 102
146 51 95
146 53 82
146 56 45
146 57 42
146 58 59
146 63 91
146 64 45
146 65 90
146 70 91
146 71 90
146 75 18
146 77 55
146 84 98
146 85 72
146 87 20
146 91 43
146 97 83
146 98 89
146 99 17
146 100 45
146 102 38
146 103 64
146 104 46
146 105 83
146 108 29
146 116 18
146 118 32
146 121 59
146 123 98
146 125 64
146 129 83
146 135 15
146 136 78
146 138 60
146 142 48
146 145 37
147 2 79
147 7 67
147 8 111
147 11 88
147 12 56
147 16 83
147 19 117
147 23 2
147 26 28
147 27 99
147 32 36
147 45 29
147 46 84
147 49 52
147 50 118
147 54 56
147 57 61
147 66 56
147 68 43
147 69 99
147 74 90
147 80 14
147 85 83
147 86 52
147 91 43
147 98 75
147 101 75
147 102 4
147 115 81
147 116 37
147 117 70
147 120 88
147 130 116
147 132 56
147 136 73
147 138 82
147 141 38
147 144 103
147 146 34
148 2 52
148 5 64
148 8 79
148 10 37
148 12 24
148 13 62
148 20 20
148 23 30
148 26 30
148 28 35
148 34 52
148 37 32
148 38 34
148 39 41
148 40 47
148 44 28
148 48 55
148 52 45
148 58 67
148 63 63
148 67 62
148 69 68
148 72 15
148 73 36
148 74 66
148 93 27
148 99 29
148 102 35
148 104 46
148 107 26
148 108 30
148 112 60
148 113 22
148 115 49
148 122 28
148 123 80
148 124 31
148 129 70
148 136 45
148 141 27
148 145 12
149 0 13
149 1 38
149 4 65
149 13 48
149 19 73
149 21 68
149 33 59
149 37 58
149 43 29
149 44 43
149 47 22
149 48 29
149 49 42
149 50 72
149 51 70
149 52 48
149 54 45
149 56 24
149 59 61
149 61 55
149 66 65
149 73 61
149 76 60
149 77 74
149 87 59
149 89 67
149 99 49
149 103 63
149 108 44
149 110 69
149 121 39
149 124 54
149 125 14
149 126 43
149 127 40
149 129 60
149 131 68
149 133 61
149 135 69
149 138 54
149 139 29
149 141 27
149 142 12
149 146 59
149 148 26
150 2 44
150 3 44
150 8 32
150 9 66
150 13 14
150 15 41
150 21 33
150 23 78
150 24 79
150 28 69
150 29 23
150 33 83
150 38 50
150 41 65
150 42 60
150 45 71
150 47 57
150 49 38
150 59 56
150 71 36
150 72 53
150 73 72
150 74 43
150 79 48
150 81 11
150 84 33
150 88 51
150 95 74
150 97 50
150 99 51
150 100 85
150 112 21
150 120 28
150 121 10
150 122 27
150 133 74
151 0 35
151 3 70
151 4 97
151 7 26
151 8 68
151 9 81
151 10 91
151 11 96
151 13 53
151 17 53
151 19 75
151 20 45
151 29 60
151 31 48
151 36 11
151 37 90
151 42 65
151 47 34
151 53 9
151 55 23
151 58 96
151 62 56
151 65 23
151 67 23
151 68 69
151 69 68
151 71 16
151 74 91
151 76 65
151 82 11
151 86 34
151 91 47
151 92 83
151 98 19
151 99 80
151 101 66
151 104 94
151 107 57
151 108 73
151 116 75
151 125 31
151 127 21
151 129 67
151 132 58
151 136 14
151 137 74
151 139 54
151 140 1
151 144 53
151 146 91
151 149 32
151 150 48
152 0 54
152 3 37
152 10 78
152 14 93
152 15 15
152 18 97
152 27 33
152 37 53
152 41 61
152 42 66
152 46 7
152 50 63
152 54 23
152 55 75
152 56 40
152 58 11
152 59 26
152 62 83
152 65 74
152 67 104
152 71 78
152 72 48
152 73 54
152 74 12
152 82 80
152 83 52
152 87 29
152 88 8
152 92 21
152 94 61
152 96 78
152 98 96
152 99 34
152 100 87
152 101 23
152 102 82
152 105 46
152 116 40
152 123 62
152 126 69
152 128 13
152 129 44
152 137 61
152 139 34
152 140 87
152 141 82
152 145 45
152 146 49
152 148 56
152 151 88
153 0 27
153 10 54
153 11 84
153 14 37
153 17 20
153 18 31
153 19 87
153 20 8
153 22 71
153 25 15
153 33 52
153 38 10
153 40 38
153 49 49
153 52 59
153 63 53
153 66 70
153 69 73
153 85 50
153 87 63
153 88 80
153 96 10
153 100 46
153 105 71
153 109 60
153 113 25
153 114 23
153 117 80
153 121 52
153 129 74
153 130 84
153 132 41
153 133 59
153 136 28
153 138 67
153 141 13
153 147 47
153 148 25
153 150 50
153 152 74
154 1 66
154 3 54
154 11 67
154 12 30
154 14 37
154 15 59
154 16 8
154 17 47
154 18 45
154 27 46
154 28 61
154 32 55
154 37 78
154 44 73
154 48 23
154 50 45
154 51 45
154 52 44
154 54 51
154 58 67
154 62 63
154 65 13
154 69 37
154 70 50
154 77 70
154 89 64
154 91 39
154 93 75
154 95 89
154 103 52
154 107 63
154 114 32
154 117 79
154 119 67
154 120 10
154 124 70
154 126 70
154 127 50
154 128 70
154 133 82
154 135 82
154 136 21
154 137 46
154 139 31
154 144 25
154 148 50
154 149 29
154 150 18
155 1 15
155 2 59
155 3 47
155 4 53
155 6 10
155 8 104
155 11 95
155 14 61
155 15 95
155 16 72
155 17 27
155 22 63
155 24 42
155 27 97
155 33 30
155 36 70
155 37 47
155 40 64
155 44 6
155 49 57
155 55 76
155 56 50
155 58 95
155 59 67
155 60 37
155 65 75
155 68 48
155 73 50
155 75 68
155 78 59
155 87 64
155 88 88
155 89 86
155 92 94
155 93 13
155 100 20
155 103 91
155 105 93
155 106 71
155 107 6
155 108 58
155 113 44
155 118 67
155 122 56
155 123 104
155 124 52
155 130 108
155 133 47
155 136 55
155 142 38
155 145 40
155 148 28
156 2 69
156 7 59
156 19 105
156 21 89
156 26 24
156 28 38
156 32 28
156 40 66
156 43 50
156 44 17
156 51 101
156 52 61
156 53 65
156 60 16
156 61 15
156 64 38
156 70 68
156 74 80
156 82 63
156 83 35
156 86 41
156 88 71
156 90 31
156 93 11
156 94 8
156 97 63
156 100 19
156 106 50
156 107 24
156 115 69
156 121 63
156 128 63
156 129 89
156 132 45
156 135 45
156 140 74
156 141 31
156 142 36
156 144 90
156 145 31
156 147 12
156 148 20
156 150 68
156 155 21
157 3 62
157 4 80
157 10 65
157 11 102
157 14 30
157 15 99
157 18 20
157 20 22
157 22 88
157 23 56
157 24 73
157 26 31
157 29 64
157 31 71
157 39 83
157 41 57
157 46 95
157 47 8
157 54 72
157 55 53
157 56 52
157 58 102
157 59 85
157 68 62
157 72 58
157 75 90
157 82 28
157 87 82
157 92 95
157 95 105
157 97 21
157 98 18
157 101 75
157 103 93
157 111 52
157 114 41
157 118 79
157 120 51
157 134 95
157 140 34
157 145 48
157 147 58
157 152 92
158 0 41
158 4 71
158 14 76
158 15 19
158 19 35
158 22 66
158 24 80
158 25 70
158 30 54
158 38 69
158 41 69
158 42 69
158 46 21
158 47 76
158 52 15
158 56 34
158 61 74
158 65 53
158 66 50
158 68 43
158 71 58
158 76 24
158 80 93
158 89 27
158 92 13
158 94 69
158 98 82
158 99 47
158 101 10
158 106 63
158 107 80
158 108 35
158 111 62
158 112 41
158 115 36
158 118 33
158 119 82
158 120 50
158 122 29
158 138 6
158 139 26
158 140 69
158 141 77
158 142 47
158 147 86
158 148 56
158 151 70
158 153 67
158 154 40
158 156 74
158 157 83
159 5 24
159 6 57
159 10 87
159 11 73
159 12 32
159 16 15
159 25 33
159 26 65
159 28 57
159 31 25
159 32 53
159 33 86
159 35 27
159 37 80
159 38 35
159 43 33
159 45 64
159 50 50
159 53 19
159 54 55
159 61 79
159 63 13
159 66 79
159 69 43
159 70 44
159 71 12
159 72 62
159 73 83
159 75 84
159 76 42
159 87 73
159 95 94
159 100 84
159 101 43
159 106 89
159 108 56
159 110 51
159 115 10
159 118 62
159 120 7
159 121 33
159 125 16
159 126 69
159 128 74
159 137 51
159 139 35
159 140 23
159 146 80
159 150 24
159 152 66
159 156 70
160 0 21
160 3 19
160 5 43
160 10 60
160 12 8
160 15 42
160 19 60
160 26 55
160 28 57
160 31 39
160 35 60
160 36 53
160 39 46
160 46 38
160 48 50
160 58 44
160 62 51
160 63 48
160 64 13
160 67 70
160 68 18
160 73 47
160 76 46
160 80 64
160 81 19
160 84 57
160 93 53
160 103 37
160 104 71
160 109 43
160 112 43
160 113 16
160 114 16
160 117 46
160 118 25
160 119 52
160 122 5
160 125 24
160 127 69
160 132 2
160 135 47
160 137 61
160 143 62
160 152 34
160 159 38
161 0 55
161 1 13
161 2 75
161 11 77
161 14 80
161 16 74
161 19 106
161 23 10
161 25 58
161 26 31
161 29 51
161 31 84
161 42 15
161 45 31
161 46 72
161 50 108
161 53 71
161 56 45
161 58 77
161 60 9
161 62 32
161 66 45
161 76 93
161 91 35
161 94 5
161 101 64
161 103 77
161 104 25
161 105 89
161 107 31
161 117 59
161 119 29
161 126 8
161 130 105
161 131 58
161 134 73
161 135 39
161 138 71
161 140 80
161 141 38
161 142 40
161 144 93
161 146 24
161 151 80
161 152 66
161 159 74
161 160 46
162 0 54
162 1 68
162 4 51
162 7 94
162 8 59
162 12 42
162 15 18
162 16 54
162 20 72
162 28 88
162 30 49
162 31 55
162 34 51
162 37 50
162 41 59
162 43 35
162 44 81
162 45 83
162 46 9
162 47 83
162 50 65
162 51 55
162 52 17
162 56 39
162 57 25
162 58 13
162 66 27
162 68 34
162 71 79
162 88 7
162 93 76
162 97 86
162 108 24
162 109 45
162 115 57
162 116 38
162 117 21
162 119 81
162 120 72
162 122 29
162 125 56
162 132 32
162 134 11
162 135 38
162 139 34
162 145 44
162 147 75
162 149 63
162 151 88
162 157 91
162 160 34
163 2 12
163 5 40
163 6 42
163 7 28
163 8 61
163 9 65
163 12 30
163 13 44
163 14 21
163 17 37
163 20 32
163 24 78
163 27 65
163 28 41
163 30 45
163 31 40
163 34 33
163 35 22
163 37 73
163 42 49
163 44 56
163 46 73
163 50 67
163 53 8
163 55 24
163 56 34
163 58 80
163 63 29
163 65 23
163 66 78
163 67 33
163 74 76
163 75 82
163 78 67
163 82 7
163 89 75
163 92 69
163 93 60
163 94 60
163 99 63
163 105 54
163 109 74
163 110 66
163 114 26
163 115 24
163 116 57
163 119 49
163 121 42
163 124 68
163 128 77
163 129 58
163 131 79
163 132 41
163 133 76
163 135 82
163 136 4
163 138 59
163 139 37
163 142 25
163 148 41
163 151 17
163 152 72
163 153 24
163 154 21
163 157 31
163 158 56
163 159 17
164 2 74
164 9 70
164 10 90
164 12 41
164 13 32
164 19 38
164 21 12
164 25 76
164 26 90
164 31 36
164 36 70
164 39 62
164 40 51
164 41 71
164 47 82
164 51 33
164 58 21
164 59 44
164 64 47
164 70 93
164 71 66
164 73 69
164 77 25
164 79 61
164 83 68
164 94 71
164 96 74
164 98 90
164 101 15
164 103 4
164 105 26
164 108 36
164 109 63
164 110 30
164 112 49
164 113 48
164 114 50
164 116 51
164 117 43
164 118 32
164 122 32
164 127 96
164 129 24
164 136 65
164 138 6
164 140 77
164 149 60
164 150 30
164 152 20
164 156 77
164 159 54
164 162 22
164 163 64
165 4 21
165 13 88
165 17 32
165 24 10
165 29 54
165 34 79
165 37 17
165 38 59
165 41 8
165 50 112
165 52 62
165 54 46
165 57 52
165 59 43
165 65 89
165 69 92
165 72 21
165 74 79
165 82 74
165 86 51
165 90 29
165 93 20
165 95 57
165 96 58
165 97 74
165 100 23
165 104 25
165 105 92
165 107 36
165 108 42
165 109 23
165 110 103
165 114 46
165 115 77
165 116 27
165 117 58
165 123 106
165 124 27
165 126 13
165 128 59
165 129 93
165 139 54
165 140 85
165 141 43
165 153 48
165 156 12
165 158 77
165 159 79
165 160 50
165 161 5
165 162 64
166 4 37
166 6 67
166 8 70
166 9 42
166 18 94
166 19 73
166 20 65
166 25 77
166 26 74
166 29 28
166 34 57
166 35 93
166 37 36
166 40 65
166 41 46
166 44 70
166 50 77
166 52 24
166 54 14
166 56 36
166 58 27
166 59 9
166 60 46
166 62 72
166 65 78
166 68 24
166 70 96
166 72 34
166 74 30
166 75 21
166 76 62
166 78 13
166 87 11
166 91 47
166 93 65
166 96 73
166 98 93
166 100 72
166 105 58
166 106 25
166 110 65
166 113 47
166 119 71
166 120 75
166 121 39
166 128 9
166 129 57
166 132 30
166 135 24
166 139 34
166 147 62
166 148 45
166 153 67
166 154 65
166 156 54
166 157 86
166 162 14
167 5 67
167 10 49
167 12 33
167 13 61
167 22 24
167 24 37
167 27 56
167 28 68
167 35 85
167 36 79
167 37 24
167 38 63
167 39 20
167 41 32
167 44 56
167 49 11
167 50 81
167 51 73
167 57 22
167 62 58
167 75 19
167 76 66
167 77 36
167 80 60
167 83 26
167 84 77
167 85 54
167 88 31
167 98 83
167 101 34
167 102 52
167 107 57
167 109 20
167 111 29
167 115 58
167 117 25
167 118 11
167 121 39
167 122 22
167 128 23
167 131 22
167 134 37
167 140 80
167 142 38
167 143 83
167 146 21
167 148 32
167 151 81
167 152 29
167 153 55
167 161 37
167 162 26
167 163 63
167 166 14
168 1 89
168 5 16
168 7 83
168 8 7
168 9 89
168 16 26
168 23 101
168 25 71
168 29 43
168 34 23
168 36 53
168 37 90
168 39 88
168 44 99
168 45 95
168 46 46
168 47 80
168 50 15
168 60 95
168 63 34
168 64 54
168 68 64
168 73 92
168 76 2
168 77 56
168 78 70
168 81 35
168 82 61
168 84 10
168 87 72
168 89 53
168 91 62
168 92 32
168 99 70
168 103 34
168 107 91
168 113 51
168 114 55
168 118 58
168 119 94
168 121 28
168 129 7
168 131 67
168 132 48
168 133 95
168 134 44
168 137 14
168 138 32
168 139 42
168 140 62
168 141 86
168 146 88
168 147 104
168 152 51
168 155 96
168 163 55
168 165 97
169 1 60
169 7 47
169 8 43
169 10 81
169 17 41
169 19 50
169 24 80
169 26 63
169 28 56
169 29 32
169 30 46
169 35 35
169 46 58
169 47 43
169 51 48
169 56 27
169 58 65
169 64 27
169 66 70
169 67 51
169 70 48
169 71 21
169 74 60
169 75 75
169 76 38
169 80 78
169 84 44
169 87 64
169 88 65
169 89 60
169 90 55
169 91 33
169 92 52
169 96 34
169 97 33
169 98 44
169 101 35
169 102 79
169 106 81
169 107 58
169 108 47
169 109 72
169 113 22
169 114 26
169 119 61
169 122 34
169 130 46
169 131 68
169 133 76
169 136 19
169 138 42
169 146 72
169 148 44
169 149 24
169 150 17
169 151 31
169 154 6
169 159 8
169 162 58
169 168 36
170 4 69
170 7 38
170 8 55
170 13 36
170 14 35
170 15 62
170 22 72
170 37 63
170 38 25
170 39 67
170 41 53
170 47 32
170 48 25
170 49 40
170 61 61
170 64 18
170 65 27
170 69 48
170 71 27
170 73 66
170 74 63
170 75 70
170 78 54
170 89 61
170 92 57
170 94 52
170 95 81
170 98 38
170 102 67
170 104 77
170 106 75
170 110 58
170 113 12
170 114 16
170 117 72
170 119 48
170 122 30
170 125 3
170 132 27
170 133 67
170 137 62
170 142 16
170 146 63
170 148 32
170 151 30
170 159 17
170 160 25
170 165 61
170 166 57
170 168 48
170 169 12
171 7 19
171 8 82
171 15 85
171 16 48
171 17 25
171 19 88
171 22 76
171 25 11
171 26 27
171 27 81
171 31 61
171 32 15
171 33 56
171 36 40
171 41 46
171 44 35
171 47 6
171 48 34
171 50 88
171 51 86
171 52 63
171 55 47
171 56 38
171 63 52
171 66 75
171 72 45
171 79 29
171 86 16
171 87 68
171 89 80
171 90 53
171 105 72
171 106 81
171 108 56
171 117 85
171 118 65
171 121 55
171 124 61
171 130 85
171 132 45
171 138 70
171 141 14
171 150 52
171 154 43
171 156 41
171 162 77
172 2 105
172 6 91
172 12 63
172 13 73
172 14 115
172 21 52
172 23 82
172 25 101
172 26 97
172 27 55
172 29 49
172 30 63
172 31 77
172 35 114
172 36 105
172 44 93
172 45 97
172 46 27
172 47 102
172 48 104
172 49 41
172 52 39
172 53 101
172 58 23
172 59 28
172 62 95
172 64 66
172 66 27
172 69 64
172 70 120
172 76 71
172 83 49
172 90 46
172 96 97
172 97 107
172 100 94
172 108 39
172 109 48
172 112 88
172 114 69
172 121 56
172 122 49
172 132 52
172 138 43
172 139 55
172 143 116
172 146 49
172 147 83
172 153 91
172 156 76
172 161 72
173 2 80
173 9 16
173 10 35
173 11 54
173 13 74
173 14 88
173 16 67
173 17 34
173 19 92
173 20 50
173 21 70
173 22 16
173 25 68
173 29 38
173 31 75
173 32 51
173 35 90
173 37 9
173 39 11
173 41 21
173 53 75
173 64 38
173 68 18
173 69 74
173 73 11
173 74 56
173 77 50
173 82 74
173 84 91
173 85 65
173 87 16
173 88 44
173 94 21
173 98 84
173 99 10
173 100 47
173 102 40
173 103 58
173 104 49
173 113 44
173 115 68
173 128 35
173 131 33
173 132 34
173 141 55
173 151 85
173 153 55
173 154 71
173 156 29
173 157 72
173 159 73
173 163 68
173 164 58
173 166 26
173 169 65
173 172 47
174 0 46
174 4 39
174 6 62
174 7 83
174 9 41
174 11 27
174 13 53
174 16 51
174 17 43
174 22 34
174 34 49
174 35 85
174 44 67
174 45 69
174 46 23
174 47 72
174 52 17
174 55 72
174 58 27
174 60 47
174 73 38
174 77 25
174 90 21
174 91 41
174 92 34
174 94 44
174 96 67
174 100 71
174 102 65
174 104 75
174 106 31
174 107 66
174 109 33
174 113 40
174 115 54
174 116 23
174 120 68
174 122 19
174 127 93
174 133 42
174 134 24
174 135 29
174 136 66
174 145 31
174 146 33
174 150 42
174 151 81
174 162 14
174 163 63
175 0 24
175 3 31
175 4 52
175 5 59
175 7 36
175 10 47
175 15 72
175 20 11
175 25 25
175 28 27
175 29 37
175 30 19
175 32 16
175 38 21
175 39 54
175 41 32
175 57 38
175 58 74
175 63 54
175 69 68
175 72 29
175 75 60
175 78 46
175 84 78
175 90 36
175 95 75
175 98 41
175 100 42
175 101 49
175 103 67
175 104 52
175 106 64
175 114 14
175 118 49
175 124 44
175 126 28
175 127 48
175 132 31
175 135 59
175 136 33
175 137 84
175 145 18
175 150 45
175 159 41
175 161 35
175 169 37
175 170 24
175 173 43
176 0 59
176 1 14
176 5 92
176 13 89
176 15 86
176 19 112
176 20 37
176 23 4
176 27 94
176 28 43
176 33 8
176 34 80
176 38 55
176 44 20
176 51 108
176 58 83
176 61 11
176 62 31
176 65 87
176 67 80
176 71 86
176 78 43
176 79 27
176 81 66
176 87 47
176 89 74
176 92 88
176 100 16
176 103 84
176 104 19
176 109 30
176 118 54
176 121 70
176 124 34
176 126 9
176 127 81
176 133 23
176 137 113
176 139 56
176 141 37
176 144 98
176 145 39
176 147 5
176 148 28
176 150 75
176 151 82
176 153 45
176 154 78
176 156 8
176 158 80
176 159 78
176 164 83
176 165 7
176 168 99
176 175 37
177 0 64
177 1 43
177 2 92
177 9 22
177 10 38
177 15 62
177 17 45
177 24 23
177 26 62
177 27 77
177 28 73
177 29 47
177 32 62
177 33 39
177 34 77
177 39 1
177 41 29
177 54 33
177 57 44
177 58 56
177 60 23
177 64 50
177 66 18
177 68 29
177 72 25
177 81 66
177 84 99
177 85 75
177 87 18
177 90 21
177 91 49
177 101 56
177 111 31
177 115 79
177 116 22
177 122 43
177 124 12
177 126 38
177 132 45
177 134 55
177 135 9
177 139 51
177 145 42
177 148 41
177 149 65
177 151 97
177 155 58
177 161 31
177 162 44
177 166 29
177 169 76
177 170 68
177 173 11
178 2 99
178 3 43
178 4 49
178 7 108
178 9 59
178 25 95
178 31 72
178 39 40
178 41 64
178 43 51
178 44 88
178 46 23
178 47 96
178 50 81
178 63 89
178 68 43
178 71 96
178 72 52
178 73 50
178 74 26
178 75 29
178 76 67
178 77 14
178 78 31
178 81 64
178 89 16
178 90 41
178 91 65
178 95 19
178 97 101
178 101 41
178 107 89
178 117 10
178 120 89
178 123 80
178 134 25
178 139 50
178 146 46
178 147 79
178 148 64
178 153 85
178 156 72
178 158 43
178 160 48
178 162 17
178 164 38
178 168 69
178 169 75
178 171 90
179 3 47
179 13 10
179 17 51
179 20 59
179 26 77
179 37 72
179 45 75
179 46 41
179 47 61
179 48 43
179 53 44
179 55 33
179 62 72
179 67 71
179 74 42
179 76 20
179 81 16
179 82 45
179 85 6
179 87 58
179 89 46
179 97 53
179 98 64
179 103 32
179 106 75
179 114 35
179 115 16
179 116 53
179 117 63
179 118 45
179 119 74
179 121 12
179 123 28
179 126 72
179 128 54
179 130 31
179 136 39
179 141 67
179 163 39
179 169 20
179 173 63
179 174 44
179 177 73
180 0 47
180 3 31
180 4 35
180 7 55
180 11 79
180 12 41
180 13 79
180 14 70
180 16 68
180 18 64
180 21 88
180 23 13
180 26 21
180 33 19
180 36 74
180 41 11
180 42 5
180 44 15
180 45 21
180 46 74
180 47 40
180 48 68
180 50 104
180 54 46
180 55 77
180 57 48
180 59 49
180 63 79
180 66 51
180 70 63
180 73 31
180 74 80
180 75 50
180 76 89
180 77 77
180 78 42
180 80 20
180 87 46
180 89 70
180 90 32
180 91 28
180 92 82
180 95 67
180 103 78
180 111 12
180 112 77
180 113 39
180 121 62
180 124 34
180 129 87
180 130 101
180 132 43
180 134 75
180 146 33
180 157 47
180 163 54
180 166 55
180 172 77
180 174 52
180 177 40
180 178 73
180 179 70
181 0 7
181 5 42
181 8 60
181 15 64
181 20 25
181 21 62
181 22 68
181 23 56
181 27 59
181 37 58
181 39 63
181 40 20
181 42 37
181 44 48
181 45 42
181 47 28
181 49 39
181 52 43
181 53 23
181 56 19
181 61 56
181 64 14
181 67 45
181 69 53
181 70 40
181 72 40
181 75 67
181 83 66
181 85 29
181 86 7
181 91 16
181 94 46
181 98 37
181 99 47
181 100 60
181 112 35
181 114 11
181 115 24
181 116 42
181 118 49
181 127 44
181 130 64
181 134 61
181 135 67
181 141 33
181 145 22
181 149 6
181 150 30
181 155 44
181 159 23
181 162 58
181 165 55
181 170 6
181 171 22
181 175 18
181 177 64
181 179 34
182 2 17
182 7 42
182 13 34
182 20 51
182 37 88
182 45 68
182 51 55
182 56 44
182 59 82
182 61 86
182 62 64
182 66 87
182 74 76
182 78 77
182 82 20
182 83 95
182 86 35
182 88 83
182 96 36
182 98 37
182 101 52
182 102 90
182 107 65
182 113 37
182 114 41
182 126 75
182 131 85
182 134 73
182 135 94
182 136 16
182 137 55
182 144 34
182 148 57
182 149 32
182 151 19
182 154 14
182 156 76
182 160 47
182 161 81
182 163 19
182 164 62
182 173 81
182 174 71
182 180 73
182 181 30
183 2 86
183 5 75
183 7 90
183 9 35
183 11 36
183 13 68
183 16 65
183 17 46
183 18 95
183 19 82
183 22 19
183 24 40
183 28 78
183 30 36
183 32 66
183 33 54
183 34 64
183 35 96
183 39 18
183 54 19
183 56 40
183 62 68
183 66 4
183 76 71
183 77 32
183 87 3
183 91 47
183 96 74
183 97 86
183 99 13
183 105 67
183 106 16
183 112 77
183 114 47
183 120 81
183 122 31
183 123 83
183 126 49
183 128 16
183 133 31
183 139 39
183 143 94
183 145 38
183 147 55
183 151 91
183 159 74
183 160 36
183 162 24
183 164 45
183 166 10
183 172 28
183 176 50
183 177 19
183 178 24
184 0 47
184 3 58
184 6 86
184 7 88
184 12 45
184 24 93
184 25 75
184 26 95
184 30 66
184 31 23
184 36 61
184 39 78
184 40 44
184 49 48
184 53 65
184 56 44
184 63 44
184 64 51
184 67 92
184 74 31
184 75 73
184 76 11
184 77 42
184 84 22
184 86 61
184 87 61
184 89 40
184 92 18
184 108 49
184 113 50
184 115 36
184 119 93
184 120 48
184 122 41
184 125 47
184 131 54
184 134 31
184 139 37
184 149 60
184 153 74
184 155 94
184 156 87
184 160 41
184 164 18
184 168 13
184 171 76
184 174 46
184 177 79
184 180 85
185 1 25
185 3 50
185 13 79
185 15 95
185 24 54
185 30 36
185 33 43
185 34 68
185 40 55
185 41 39
185 43 55
185 44 20
185 49 59
185 52 73
185 58 96
185 63 70
185 65 64
185 66 76
185 71 60
185 75 76
185 79 29
185 83 67
185 84 99
185 86 29
185 91 32
185 94 38
185 96 23
185 97 38
185 101 72
185 108 60
185 109 61
185 110 100
185 112 70
185 121 67
185 124 59
185 130 101
185 135 75
185 137 105
185 141 4
185 148 30
185 155 14
185 158 82
185 159 57
185 161 39
185 164 87
185 166 75
185 168 90
185 169 55
185 174 71
185 176 38
185 178 94
185 179 71
185 183 73
186 1 53
186 4 78
186 8 58
186 12 28
186 13 41
186 14 24
186 16 26
186 19 65
186 21 66
186 22 81
186 24 77
186 25 18
186 29 41
186 32 38
186 36 20
186 38 20
186 44 57
186 46 70
186 47 28
186 49 51
186 51 63
186 53 10
186 54 53
186 57 44
186 58 77
186 61 69
186 65 22
186 66 75
186 74 73
186 77 78
186 78 64
186 80 68
186 89 72
186 91 29
186 92 66
186 98 29
186 101 47
186 102 71
186 111 52
186 116 55
186 120 20
186 121 39
186 122 41
186 128 75
186 130 61
186 131 76
186 132 38
186 142 24
186 148 40
186 149 14
186 153 25
186 159 15
186 160 36
186 168 52
186 171 24
186 174 61
186 176 66
186 180 54
187 3 23
187 5 52
187 12 28
187 20 59
187 21 36
187 22 41
187 26 71
187 33 66
187 34 42
187 37 43
187 38 64
187 40 51
187 44 68
187 45 70
187 46 20
187 47 69
187 59 22
187 60 52
187 72 34
187 73 45
187 74 25
187 81 35
187 82 66
187 83 45
187 89 17
187 94 48
187 95 39
187 96 63
187 99 23
187 115 47
187 119 68
187 120 61
187 122 15
187 123 60
187 126 55
187 130 61
187 131 21
187 132 18
187 133 48
187 134 20
187 139 21
187 142 39
187 144 55
187 145 30
187 148 41
187 153 59
187 154 50
187 158 24
187 159 55
187 162 13
187 163 58
187 168 49
187 170 45
187 174 8
187 176 59
187 185 70
188 1 62
188 6 50
188 9 74
188 10 85
188 11 85
188 12 38
188 15 78
188 16 29
188 20 40
188 22 92
188 23 76
188 27 67
188 28 47
188 29 50
188 34 33
188 39 87
188 40 16
188 42 58
188 45 56
188 46 78
188 55 18
188 56 41
188 59 81
188 62 53
188 70 29
188 75 90
188 77 87
188 91 39
188 93 68
188 105 54
188 106 95
188 120 17
188 133 85
188 136 5
188 137 66
188 140 9
188 142 34
188 143 25
188 144 45
188 145 45
188 146 82
188 148 50
188 154 21
188 155 59
188 157 35
188 159 15
188 163 9
188 164 68
188 166 78
188 167 71
188 169 21
188 175 38
188 177 88
188 183 81
188 184 61
188 185 48
189 5 60
189 13 63
189 14 24
189 17 34
189 18 18
189 19 88
189 20 21
189 22 84
189 23 58
189 27 83
189 28 23
189 30 44
189 34 51
189 35 29
189 36 34
189 39 79
189 40 36
189 41 55
189 45 34
189 46 86
189 53 20
189 59 78
189 64 36
189 67 23
189 70 18
189 73 74
189 76 76
189 77 93
189 80 55
189 83 80
189 85 51
189 88 90
189 89 86
189 93 49
189 94 54
189 97 13
189 99 66
189 102 61
189 103 82
189 105 72
189 106 89
189 110 85
189 111 49
189 112 50
189 114 32
189 123 78
189 127 23
189 128 86
189 135 85
189 137 87
189 144 67
189 147 60
189 148 38
189 149 19
189 150 53
189 156 50
189 158 72
189 159 36
189 172 102
189 173 68
189 178 96
189 181 24
189 186 22
190 2 52
190 10 95
190 13 5
190 19 26
190 26 84
190 27 22
190 30 58
190 34 12
190 36 46
190 38 61
190 39 77
190 40 29
190 41 76
190 44 86
190 45 82
190 46 42
190 54 45
190 56 36
190 60 83
190 61 83
190 62 79
190 65 34
190 88 52
190 93 86
190 94 75
190 98 70
190 103 31
190 114 43
190 115 21
190 116 59
190 119 82
190 120 32
190 127 75
190 128 56
190 133 83
190 142 45
190 147 91
190 150 11
190 156 79
190 159 31
190 160 34
190 163 45
190 170 36
190 172 68
190 173 69
190 177 78
191 4 12
191 8 105
191 9 10
191 13 89
191 19 109
191 21 89
191 23 21
191 28 59
191 29 54
191 38 66
191 40 79
191 47 65
191 49 41
191 50 112
191 52 60
191 56 50
191 57 51
191 67 93
191 72 22
191 75 32
191 76 96
191 84 107
191 88 63
191 89 63
191 93 30
191 94 15
191 97 82
191 106 33
191 107 45
191 115 80
191 120 90
191 122 48
191 124 21
191 129 93
191 133 6
191 135 29
191 137 111
191 138 71
191 139 55
191 146 14
191 152 62
191 153 56
191 154 82
191 155 42
191 156 21
191 160 50
191 161 14
191 164 76
191 168 97
191 172 63
191 174 46
191 177 20
191 183 37
191 185 53
191 186 74
191 187 52
191 189 70
191 190 85
192 1 66
192 7 21
192 8 73
192 16 43
192 19 80
192 20 43
192 21 85
192 22 101
192 24 93
192 26 57
192 30 62
192 31 53
192 33 87
192 39 96
192 40 30
192 41 75
192 49 72
192 50 77
192 54 75
192 56 53
192 57 66
192 63 35
192 65 28
192 66 96
192 67 18
192 70 17
192 75 100
192 79 56
192 83 98
192 85 48
192 88 98
192 89 93
192 104 91
192 107 54
192 115 38
192 118 82
192 122 63
192 133 92
192 136 16
192 139 56
192 144 58
192 150 52
192 157 29
192 159 28
192 161 78
192 162 90
192 164 81
192 168 68
192 173 85
192 175 43
192 176 80
192 182 24
192 186 21
192 187 77
192 188 13
193 1 19
193 10 35
193 16 73
193 23 26
193 24 46
193 25 39
193 26 1
193 27 99
193 28 16
193 30 36
193 35 65
193 42 21
193 45 2
193 52 75
193 57 63
193 58 98
193 66 73
193 71 71
193 74 97
193 78 63
193 79 30
193 80 19
193 82 53
193 83 60
193 85 74
193 88 91
193 95 89
193 98 50
193 104 33
193 105 94
193 107 6
193 112 79
193 113 46
193 118 70
193 119 4
193 133 51
193 134 92
193 145 42
193 147 28
193 151 62
193 155 3
193 157 32
193 163 51
193 176 29
193 178 93
193 180 21
193 183 70
193 184 96
194 2 78
194 3 48
194 7 94
194 8 39
194 9 72
194 15 7
194 18 94
194 21 12
194 25 81
194 26 93
194 27 15
194 28 95
194 29 31
194 31 40
194 32 84
194 33 92
194 36 75
194 40 56
194 41 74
194 45 92
194 46 13
194 49 38
194 50 45
194 53 75
194 55 65
194 58 17
194 59 44
194 60 78
194 61 78
194 64 51
194 65 65
194 66 48
194 74 10
194 75 56
194 79 65
194 81 42
194 90 51
194 92 2
194 97 83
194 98 94
194 104 105
194 110 32
194 112 53
194 113 52
194 114 54
194 115 48
194 116 53
194 117 42
194 121 26
194 123 44
194 124 56
194 132 37
194 140 81
194 145 51
194 146 65
194 150 34
194 154 53
194 159 59
194 164 4
194 177 64
194 180 79
194 181 59
194 182 67
194 188 72
195 0 40
195 5 73
195 11 67
195 13 70
195 14 69
195 17 14
195 18 65
195 27 75
195 33 27
195 34 60
195 36 70
195 38 43
195 41 10
195 43 38
195 44 27
195 49 29
195 51 88
195 54 33
195 59 38
195 61 19
195 63 72
195 64 26
195 65 70
195 68 20
195 75 41
195 79 10
195 80 32
195 85 58
195 87 35
195 91 21
195 95 57
195 96 43
195 97 58
195 98 63
195 100 32
195 102 28
195 103 65
195 104 39
195 106 44
195 108 30
195 113 31
195 117 54
195 122 32
195 124 24
195 126 13
195 131 51
195 132 32
195 135 39
195 137 94
195 138 58
195 139 36
195 147 24
195 149 36
195 151 67
195 152 56
195 160 32
195 162 54
195 163 51
195 165 18
195 179 59
195 181 37
195 190 66
195 192 66
196 0 41
196 11 62
196 13 68
196 15 64
196 20 32
196 32 34
196 33 29
196 35 74
196 39 28
196 41 11
196 44 32
196 54 29
196 61 18
196 63 73
196 83 29
196 87 30
196 89 53
196 91 23
196 107 34
196 113 32
196 114 28
196 117 48
196 118 34
196 124 19
196 126 17
196 127 75
196 129 74
196 131 46
196 141 37
196 143 68
196 144 77
196 145 18
196 146 21
196 147 27
196 155 33
196 158 58
196 166 38
196 173 17
197 1 64
197 6 73
197 8 67
197 12 43
197 15 27
197 18 98
197 19 69
197 25 81
197 27 44
197 29 30
197 33 69
197 34 57
197 36 87
197 38 79
197 40 67
197 42 60
197 45 79
197 46 18
197 50 73
197 55 80
197 56 40
197 68 30
197 69 52
197 74 24
197 82 82
197 84 70
197 87 18
197 89 11
197 90 30
197 91 52
197 97 87
197 99 25
197 101 29
197 102 73
197 103 29
197 105 56
197 108 21
197 114 50
197 116 33
197 123 72
197 127 104
197 129 54
197 132 33
197 136 77
197 137 72
197 138 29
197 139 36
197 143 97
197 152 11
197 154 66
197 155 78
197 156 61
197 157 91
197 158 35
197 159 71
197 161 58
197 165 58
197 166 7
197 168 61
197 169 62
197 174 11
197 175 60
197 177 36
197 183 16
197 186 71
197 190 53
197 193 81
198 1 68
198 2 26
198 3 57
198 8 40
198 9 75
198 12 33
198 13 24
198 14 35
198 15 62
198 16 11
198 22 88
198 23 82
198 25 38
198 27 48
198 30 55
198 33 89
198 39 84
198 40 6
198 42 64
198 49 54
198 50 45
198 51 46
198 55 11
198 56 36
198 57 44
198 59 73
198 64 36
198 71 15
198 81 19
198 82 26
198 84 40
198 88 72
198 90 64
198 96 39
198 98 45
198 99 66
198 101 41
198 107 65
198 108 56
198 109 81
198 111 64
198 116 63
198 117 82
198 118 61
198 120 7
198 125 18
198 129 38
198 132 40
198 137 46
198 139 34
198 140 27
198 141 58
198 145 44
198 152 64
198 154 3
198 155 70
198 158 43
198 167 64
198 168 35
198 170 20
198 176 81
198 180 69
198 185 61
198 187 54
198 189 41
198 190 26
198 192 33
198 195 62
198 196 63
198 197 69
199 0 36
199 3 62
199 7 6
199 11 99
199 17 40
199 18 12
199 22 90
199 27 87
199 29 60
199 30 51
199 36 33
199 38 10
199 39 85
199 43 53
199 44 48
199 45 38
199 58 99
199 59 84
199 60 71
199 63 49
199 64 42
199 67 17
199 69 80
199 74 95
199 78 77
199 81 46
199 82 17
199 84 84
199 100 62
199 106 96
199 116 65
199 118 78
199 120 42
199 130 86
199 133 79
199 135 91
199 139 54
199 142 36
199 147 65
199 151 23
199 154 43
199 155 42
199 162 88
199 163 22
199 164 84
199 172 108
199 174 78
199 176 63
199 181 30
199 188 25
199 190 67
199 192 19
199 196 57
199 198 43
