200 5970
-1
16 49 91
36 45 77
97 4 73
13 66 84
6 21 77
74 87 75
75 15 97
50 22 81
0 2 73
41 37 74
69 71 97
68 53 85
46 88 98
3 83 81
53 25 99
59 89 74
1 14 89
14 29 83
9 62 91
90 92 80
12 54 71
87 87 82
15 30 80
91 54 95
43 95 72
77 53 77
78 71 70
35 41 81
78 52 72
15 0 84
57 92 83
95 44 86
14 95 74
75 63 82
50 51 78
35 50 87
22 33 75
85 71 90
71 13 73
32 28 71
36 89 77
49 69 78
66 89 83
38 64 94
70 17 92
64 13 78
32 96 98
24 67 91
25 16 94
4 37 84
51 66 96
30 61 71
27 36 85
79 93 88
46 57 71
100 66 77
30 50 79
76 68 87
33 49 90
74 56 87
58 40 90
52 97 94
78 70 99
99 52 95
69 4 90
88 59 98
29 27 82
90 25 91
26 7 99
13 4 99
57 7 93
76 13 74
12 65 91
61 27 72
29 56 72
20 83 80
62 11 80
38 94 82
75 3 74
44 68 81
46 50 95
74 9 98
81 3 95
80 52 82
38 61 88
35 28 74
61 43 82
79 20 80
67 9 95
76 60 86
80 59 84
100 61 70
23 46 89
72 41 100
94 74 93
77 93 79
19 77 89
52 21 83
20 50 77
75 72 85
81 77 95
36 58 100
8 89 86
83 30 83
19 63 73
90 82 71
22 24 99
96 24 93
69 8 85
97 87 79
37 15 99
45 59 88
60 3 100
86 72 80
19 10 74
84 27 75
97 28 89
90 87 71
36 3 80
68 75 70
48 55 88
34 4 91
92 71 87
43 64 92
54 64 74
49 82 95
100 83 76
88 58 82
65 94 94
49 62 96
92 80 84
48 8 74
56 84 73
39 4 94
92 77 83
37 18 72
46 18 89
46 43 73
19 51 75
76 35 71
68 76 93
66 43 99
64 47 91
72 90 92
70 47 84
92 64 71
80 67 73
47 73 98
50 90 82
89 76 87
99 90 74
0 35 95
41 42 85
78 62 75
78 87 100
3 37 84
50 22 87
97 17 97
80 18 93
93 63 98
6 78 74
68 75 96
12 66 82
0 41 85
8 93 80
87 91 81
44 63 89
33 44 82
11 70 89
17 66 94
10 84 82
88 67 81
72 25 73
5 47 94
51 43 70
27 18 88
37 60 91
7 92 74
3 48 71
19 76 80
86 63 80
1 43 80
20 61 80
81 98 76
25 94 99
17 16 78
38 13 99
44 40 77
57 68 96
94 11 86
95 50 77
64 61 85
50 64 100
66 59 94
25 18 81
87 74 80
0 4 94
92 59 86
13 16 82
63 70 84
-1
2 0 92
3 2 104
4 1 38
4 2 92
5 4 94
6 1 49
7 6 25
8 3 65
8 5 112
8 7 53
10 1 42
10 6 56
11 6 38
12 0 49
12 5 28
12 10 28
12 11 41
13 0 36
13 4 62
13 5 71
13 6 99
13 7 77
13 8 81
13 10 67
14 0 44
14 3 57
14 11 31
15 2 93
15 5 15
15 10 20
15 12 13
16 0 38
16 2 96
16 6 74
16 7 49
16 8 12
16 13 69
17 5 83
17 7 36
17 8 30
17 12 67
17 13 55
17 16 19
18 1 31
18 5 69
18 9 40
18 10 60
19 0 85
19 5 16
19 7 80
19 8 127
19 12 44
19 14 76
19 15 31
19 16 118
20 4 33
20 5 70
20 8 53
20 12 48
20 17 25
20 19 86
21 1 66
21 9 67
21 10 24
21 14 70
21 20 81
22 1 25
22 2 86
22 3 36
22 8 31
22 13 54
22 14 38
22 17 1
23 5 37
23 7 52
23 13 92
23 16 98
23 19 38
23 21 33
23 22 79
24 1 50
24 3 41
24 8 102
24 9 58
24 10 35
24 14 70
25 2 52
25 9 39
25 11 9
25 12 46
25 18 68
25 20 65
26 4 87
26 11 20
26 13 75
26 20 68
27 1 4
27 5 60
27 6 47
27 9 7
27 13 52
27 22 22
27 23 57
28 2 51
28 5 35
28 7 41
28 8 92
28 11 10
28 13 81
28 17 68
28 21 36
28 22 66
28 26 19
29 0 49
29 3 66
29 6 61
29 8 15
29 12 93
29 14 45
29 15 99
29 16 19
29 23 93
29 27 45
30 2 96
30 8 106
30 12 11
30 13 54
30 16 96
30 18 56
30 19 33
30 20 58
30 22 74
30 25 43
30 26 29
31 0 79
31 2 40
31 8 103
31 11 28
31 14 46
31 15 57
31 19 48
31 20 83
31 27 60
31 29 91
31 30 61
32 6 100
32 8 94
32 10 60
32 11 68
32 20 41
32 21 73
32 22 65
32 23 87
32 29 95
32 30 43
33 3 62
33 5 24
33 7 48
33 10 10
33 16 88
33 19 32
33 24 45
33 26 8
33 30 34
33 32 68
34 2 66
34 4 53
34 6 43
34 8 70
34 11 18
34 13 56
34 16 61
34 19 57
34 20 38
34 30 41
34 31 45
34 33 27
35 1 5
35 4 41
35 8 59
35 16 49
35 21 63
35 23 56
35 27 9
35 28 43
35 34 15
36 2 80
36 6 55
36 9 19
36 16 28
36 18 31
36 21 84
36 25 58
36 26 67
36 27 15
36 31 73
36 33 60
36 34 33
36 35 21
37 1 55
37 5 19
37 11 24
37 12 42
37 17 82
37 20 74
37 23 18
37 24 48
37 25 19
37 26 7
37 30 35
37 32 74
37 34 40
38 5 74
38 9 38
38 11 40
38 13 97
38 15 76
38 18 79
38 20 71
38 24 86
38 27 45
38 28 39
38 35 51
39 0 26
39 2 69
39 4 26
39 8 41
39 11 43
39 15 66
39 18 41
39 25 51
39 34 29
39 37 68
39 38 41
40 3 32
40 4 74
40 6 83
40 7 68
40 10 37
40 21 51
40 24 9
40 25 54
40 31 74
40 33 46
40 35 39
40 39 61
41 2 80
41 6 59
41 7 47
41 8 83
41 13 48
41 15 22
41 17 53
41 22 51
41 25 32
41 37 36
41 38 60
41 40 23
42 3 57
42 4 90
42 7 68
42 8 109
42 9 57
42 10 18
42 13 63
42 15 7
42 19 24
42 26 21
42 27 57
42 33 27
42 34 41
43 3 25
43 9 27
43 21 54
43 27 23
43 33 37
43 37 47
43 40 25
43 41 12
44 4 64
44 8 71
44 9 35
44 13 94
44 18 75
44 20 68
44 22 56
44 25 36
44 27 42
44 28 35
44 32 96
44 33 46
44 35 48
44 36 50
44 37 56
45 1 42
45 3 73
45 8 64
45 9 33
45 19 83
45 21 77
45 25 42
45 27 40
45 31 43
45 34 40
45 36 46
45 38 7
45 40 80
45 42 76
46 0 49
46 1 51
46 4 79
46 5 42
46 11 56
46 14 74
46 15 27
46 18 41
46 20 46
46 21 55
46 23 72
46 25 62
46 32 18
46 37 58
47 14 51
47 19 70
47 21 66
47 26 54
47 27 28
47 28 56
47 32 29
47 33 51
47 34 30
47 36 34
47 37 61
47 46 30
48 8 28
48 14 29
48 15 80
48 16 24
48 18 48
48 19 100
48 22 17
48 24 81
48 25 63
48 26 76
48 27 26
48 44 45
48 46 80
49 0 16
49 1 32
49 3 30
49 11 65
49 12 66
49 16 23
49 18 25
49 20 18
49 29 38
49 32 58
49 36 18
49 41 55
49 44 68
49 45 64
49 46 65
49 48 29
50 3 38
50 7 44
50 8 81
50 9 30
50 13 50
50 24 30
50 26 27
50 28 30
50 29 75
50 32 47
50 34 15
50 38 56
50 39 42
50 41 3
50 45 54
50 47 27
51 0 18
51 1 17
51 10 40
51 13 34
51 14 42
51 16 55
51 17 35
51 18 21
51 20 19
51 24 36
51 28 48
51 29 62
51 31 67
51 34 22
51 35 12
51 36 29
51 39 33
51 45 58
51 50 21
52 1 12
52 8 43
52 12 55
52 15 61
52 17 14
52 21 78
52 24 61
52 32 60
52 34 27
52 49 23
52 50 38
52 51 25
53 3 71
53 4 102
53 6 78
53 7 76
53 8 120
53 10 24
53 15 20
53 17 91
53 18 76
53 20 77
53 22 89
53 24 36
53 27 68
53 28 41
53 29 112
53 34 51
53 36 82
53 37 22
53 41 38
53 44 76
53 45 81
53 46 47
53 48 94
54 0 31
54 1 15
54 7 35
54 10 26
54 11 22
54 12 31
54 13 50
54 17 42
54 19 56
54 21 50
54 24 38
54 27 19
54 32 49
54 33 29
54 40 33
54 41 12
54 43 10
54 45 47
54 49 46
54 50 10
55 7 66
55 10 31
55 13 98
55 14 62
55 15 47
55 20 88
55 28 26
55 29 107
55 31 22
55 33 25
55 35 66
55 39 77
55 40 68
55 45 64
55 50 49
56 3 23
56 4 37
56 11 38
56 13 42
56 21 67
56 23 61
56 29 52
56 31 65
56 33 46
56 35 5
56 37 58
56 42 53
56 43 16
56 48 34
56 53 65
56 54 17
57 2 67
57 6 53
57 7 52
57 12 36
57 15 27
57 17 73
57 22 71
57 25 15
57 29 91
57 32 67
57 33 5
57 35 44
57 37 9
57 38 55
57 39 59
57 42 23
57 52 58
57 53 25
57 56 49
58 0 17
58 2 78
58 8 57
58 9 14
58 11 35
58 12 41
58 15 47
58 19 71
58 20 21
58 31 62
58 32 49
58 33 44
58 35 2
58 37 56
58 46 47
58 47 20
58 48 33
58 50 24
58 52 14
59 2 56
59 4 76
59 5 31
59 12 42
59 22 64
59 24 49
59 25 4
59 26 15
59 29 81
59 31 24
59 39 50
59 40 50
59 45 44
59 50 25
59 52 51
59 56 44
60 0 42
60 4 55
60 6 30
60 8 69
60 10 32
60 18 53
60 25 23
60 29 58
60 30 52
60 34 13
60 41 30
60 51 35
60 55 49
60 56 29
60 57 33
60 58 26
61 0 60
61 1 54
61 2 103
61 4 88
61 17 77
61 18 55
61 21 36
61 22 76
61 23 58
61 30 7
61 34 46
61 37 42
61 40 17
61 42 16
61 43 35
61 48 85
61 54 40
61 55 57
61 56 51
61 57 37
62 1 48
62 11 19
62 18 69
62 22 74
62 29 94
62 30 30
62 33 7
62 36 67
62 38 57
62 39 62
62 40 46
62 44 53
62 45 58
62 48 75
62 51 48
62 57 2
62 59 14
62 60 36
62 61 37
63 0 83
63 4 98
63 6 44
63 11 31
63 16 105
63 24 70
63 25 22
63 27 64
63 33 26
63 42 49
63 48 82
64 6 12
64 8 69
64 10 67
64 12 87
64 15 85
64 16 68
64 20 75
64 24 94
64 30 88
64 31 47
64 32 106
64 35 57
64 37 68
64 44 13
64 48 45
64 49 72
64 50 64
64 51 69
64 55 69
64 57 64
64 62 66
65 4 90
65 5 31
65 6 45
65 7 53
65 8 104
65 10 22
65 13 88
65 20 76
65 23 5
65 28 12
65 29 93
65 31 16
65 33 13
65 35 53
65 37 12
65 42 37
65 45 51
65 53 35
65 54 42
65 55 13
65 59 14
66 3 42
66 5 75
66 6 47
66 7 21
66 9 15
66 16 30
66 25 54
66 26 65
66 30 70
66 31 68
66 34 31
66 36 9
66 39 3
66 42 72
66 43 38
66 46 69
66 48 11
66 52 9
66 53 82
66 57 62
66 60 31
66 61 73
66 62 65
66 63 74
67 12 76
67 15 71
67 21 62
67 26 47
67 29 79
67 39 58
67 40 83
67 47 78
67 50 56
67 56 65
67 58 61
67 59 34
67 61 81
67 62 46
67 63 28
68 6 49
68 7 28
68 10 77
68 12 83
68 17 25
68 19 106
68 26 82
68 31 78
68 32 88
68 38 45
68 39 21
68 41 66
68 42 91
68 43 58
68 44 45
68 50 64
68 54 53
68 55 94
68 61 93
68 62 81
68 63 85
68 64 43
68 65 80
68 66 20
69 8 13
69 11 73
69 12 90
69 15 96
69 23 92
69 25 80
69 28 80
69 32 91
69 34 59
69 37 98
69 39 30
69 41 74
69 44 58
69 47 63
69 58 49
69 62 92
69 65 93
70 7 16
70 23 58
70 24 89
70 26 67
70 27 40
70 34 44
70 37 69
70 41 62
70 42 82
70 45 9
70 50 59
70 52 41
70 54 51
70 60 33
70 62 66
70 63 61
70 69 44
71 1 51
71 3 82
71 4 70
71 10 58
71 13 101
71 15 77
71 17 64
71 19 80
71 33 50
71 34 46
71 35 55
71 37 58
71 43 63
71 44 7
71 46 93
71 47 74
71 48 51
71 49 75
71 50 58
71 54 53
71 57 55
71 58 56
71 60 32
71 62 57
71 68 50
72 2 104
72 5 65
72 9 40
72 16 52
72 19 82
72 20 11
72 21 78
72 25 66
72 29 65
72 30 52
72 31 85
72 32 30
72 34 40
72 38 78
72 44 75
72 52 32
72 55 88
72 58 26
72 59 62
72 62 66
72 65 76
72 68 59
73 0 50
73 4 55
73 7 12
73 10 44
73 15 62
73 16 61
73 20 55
73 26 47
73 27 29
73 28 30
73 30 65
73 33 38
73 37 50
73 41 43
73 42 62
73 43 43
73 50 40
73 51 46
73 58 35
73 61 70
73 66 32
73 67 29
74 0 14
74 3 18
74 6 61
74 14 39
74 15 44
74 26 51
74 27 16
74 29 57
74 32 41
74 34 21
74 36 24
74 43 12
74 54 17
74 55 71
74 57 48
74 58 8
74 60 33
74 62 50
74 63 70
74 64 65
74 65 59
74 66 29
74 72 19
75 0 34
75 2 110
75 3 18
75 4 63
75 10 50
75 16 71
75 17 54
75 19 70
75 27 44
75 41 32
75 43 26
75 46 17
75 49 48
75 50 35
75 56 34
75 60 57
75 62 59
75 65 72
75 69 79
75 70 84
75 71 89
76 0 59
76 2 35
76 6 13
76 9 33
76 14 16
76 26 62
76 30 81
76 32 96
76 33 53
76 43 58
76 44 10
76 52 43
76 53 83
76 55 66
76 58 47
76 60 29
76 65 54
76 74 55
77 1 49
77 4 79
77 8 99
77 14 70
77 15 21
77 16 88
77 18 43
77 22 68
77 26 46
77 35 44
77 36 63
77 44 83
77 48 79
77 54 37
77 57 46
77 60 57
77 63 74
77 64 95
77 65 61
77 72 38
77 73 70
77 74 39
77 76 86
78 3 88
78 4 71
78 8 75
78 9 48
78 11 50
78 21 84
78 25 50
78 28 49
78 31 45
78 33 60
78 34 54
78 37 68
78 41 70
78 42 86
78 48 51
78 55 67
78 59 53
78 60 40
78 61 96
78 62 67
78 63 54
78 67 26
78 69 62
78 70 18
78 76 15
79 7 46
79 13 43
79 15 25
79 18 35
79 26 34
79 28 37
79 29 73
79 31 56
79 33 31
79 34 18
79 36 41
79 38 61
79 39 41
79 47 20
79 50 7
79 53 43
79 56 22
79 58 21
79 61 30
79 75 28
79 76 59
79 78 72
80 0 30
80 2 68
80 5 46
80 9 13
80 10 31
80 11 22
80 12 38
80 14 25
80 18 38
80 20 34
80 24 45
80 26 38
80 31 49
80 33 31
80 35 11
80 37 44
80 47 27
80 50 16
80 51 19
80 52 23
80 55 56
80 64 51
80 66 28
80 67 50
80 68 47
80 69 56
80 71 47
80 72 37
81 2 23
81 4 69
81 15 81
81 16 73
81 19 84
81 20 76
81 27 50
81 34 48
81 38 5
81 42 80
81 46 96
81 47 76
81 48 49
81 53 84
81 54 55
81 56 60
81 60 34
81 63 49
81 66 48
81 72 83
81 73 22
81 76 12
81 78 6
82 1 61
82 4 77
82 6 13
82 7 36
82 10 69
82 15 88
82 17 71
82 20 85
82 22 71
82 23 51
82 32 113
82 33 60
82 43 74
82 47 85
82 53 90
82 57 65
82 59 53
82 60 43
82 61 98
82 63 52
82 64 12
82 66 57
82 67 23
82 68 55
82 69 68
82 73 31
82 75 100
82 79 74
82 81 9
83 5 35
83 6 37
83 10 21
83 11 12
83 13 83
83 15 42
83 18 71
83 20 68
83 23 11
83 28 2
83 29 83
83 30 46
83 31 17
83 32 78
83 36 61
83 41 35
83 44 36
83 47 57
83 49 77
83 56 50
83 58 47
83 62 18
83 66 56
83 70 50
83 73 31
83 74 51
83 75 67
83 76 44
83 77 59
83 79 39
84 8 70
84 11 31
84 13 41
84 14 39
84 18 29
84 19 60
84 24 34
84 26 41
84 32 41
84 33 37
84 35 11
84 37 48
84 41 13
84 43 3
84 47 15
84 48 46
84 51 8
84 55 62
84 57 38
84 62 41
84 63 61
84 66 35
84 67 63
84 68 55
84 70 57
84 71 61
84 73 41
84 78 68
84 79 9
84 83 42
85 5 70
85 8 43
85 9 10
85 21 78
85 34 27
85 39 3
85 41 43
85 45 32
85 47 40
85 51 33
85 54 31
85 55 75
85 56 22
85 60 25
85 61 71
85 65 61
85 66 6
85 68 22
85 70 30
85 73 26
85 74 28
85 76 31
85 77 66
85 79 41
85 80 24
86 1 25
86 3 53
86 8 73
86 9 20
86 13 70
86 20 50
86 23 31
86 24 55
86 28 19
86 30 49
86 33 24
86 36 40
86 38 31
86 41 28
86 51 35
86 55 45
86 56 31
86 57 29
86 62 31
86 64 39
86 66 35
86 68 50
86 72 53
86 73 16
86 77 55
86 80 16
86 81 36
86 84 29
86 85 30
87 2 24
87 5 67
87 8 81
87 11 34
87 13 98
87 17 65
87 20 75
87 21 67
87 22 64
87 26 51
87 31 28
87 40 81
87 41 57
87 43 60
87 48 54
87 50 53
87 51 63
87 53 73
87 55 50
87 61 81
87 63 37
87 66 50
87 70 25
87 78 17
87 79 59
87 81 12
87 82 17
87 83 32
87 84 57
87 85 44
88 0 64
88 1 47
88 8 67
88 9 38
88 12 81
88 13 97
88 15 80
88 16 66
88 17 56
88 26 62
88 31 44
88 38 5
88 47 72
88 50 59
88 51 63
88 57 59
88 59 47
88 60 32
88 62 61
88 63 53
88 65 54
88 69 54
88 71 9
88 72 78
88 75 87
88 78 10
88 79 63
89 1 42
89 6 45
89 10 13
89 13 76
89 15 33
89 22 67
89 24 48
89 25 7
89 27 45
89 29 85
89 32 71
89 33 3
89 41 28
89 45 48
89 46 56
89 50 25
89 57 8
89 58 44
89 60 26
89 63 24
89 64 56
89 79 32
89 86 22
90 0 64
90 1 46
90 4 83
90 13 80
90 14 43
90 15 36
90 16 90
90 20 68
90 22 71
90 27 48
90 28 7
90 31 21
90 34 31
90 41 32
90 42 33
90 45 48
90 47 56
90 51 50
90 57 9
90 62 11
90 66 60
90 68 74
90 70 56
90 74 51
90 76 51
90 78 56
90 80 35
90 82 56
90 83 7
90 87 39
91 16 109
91 23 11
91 25 24
91 29 104
91 44 53
91 50 49
91 51 70
91 54 54
91 57 25
91 59 26
91 64 64
91 65 12
91 73 51
91 74 71
91 76 62
91 78 63
91 80 55
91 81 58
91 85 72
91 86 42
91 87 46
92 0 7
92 9 20
92 12 47
92 15 56
92 18 21
92 24 52
92 29 46
92 30 57
92 34 27
92 36 13
92 41 34
92 42 60
92 48 30
92 55 79
92 57 57
92 58 10
92 60 35
92 64 62
92 65 66
92 66 19
92 67 70
92 70 51
92 71 62
92 72 21
92 78 67
92 84 21
92 86 38
92 89 54
93 6 26
93 9 31
93 14 24
93 16 75
93 17 59
93 21 48
93 23 23
93 24 61
93 29 70
93 39 42
93 43 41
93 44 24
93 46 68
93 48 53
93 50 32
93 52 45
93 58 39
93 60 14
93 61 59
93 63 29
93 64 37
93 67 24
93 74 45
93 75 66
93 76 31
93 79 38
93 84 39
93 85 39
93 91 34
93 92 49
94 1 64
94 2 70
94 5 23
94 11 33
94 13 91
94 17 91
94 20 84
94 21 14
94 23 20
94 25 27
94 29 108
94 30 41
94 37 9
94 38 65
94 50 43
94 52 77
94 54 50
94 57 18
94 59 26
94 64 74
94 65 16
94 66 80
94 67 49
94 68 95
94 69 107
94 74 67
94 76 70
94 77 59
94 80 53
94 83 26
94 84 57
94 92 76
95 2 91
95 5 6
95 7 75
95 17 89
95 20 75
95 23 41
95 25 40
95 28 41
95 31 52
95 37 23
95 40 41
95 46 45
95 47 59
95 54 47
95 56 63
95 57 25
95 58 62
95 61 25
95 67 69
95 71 80
95 74 60
95 75 57
95 76 83
95 77 39
95 78 90
95 84 50
95 94 25
96 2 106
96 3 12
96 9 45
96 12 29
96 13 17
96 18 18
96 22 47
96 24 30
96 25 62
96 28 64
96 30 40
96 38 82
96 47 11
96 48 61
96 49 42
96 53 62
96 55 81
96 64 88
96 65 71
96 73 65
96 75 6
96 76 78
96 83 65
96 86 54
96 93 64
97 2 48
97 3 59
97 5 69
97 7 2
97 8 55
97 9 19
97 10 52
97 11 35
97 15 68
97 17 38
97 18 59
97 22 38
97 23 51
97 25 40
97 33 47
97 35 33
97 36 32
97 43 45
97 44 18
97 46 77
97 47 53
97 49 50
97 51 45
97 52 29
97 53 76
97 67 38
97 68 29
97 75 69
97 89 45
97 91 62
98 1 16
98 6 65
98 12 46
98 14 41
98 15 55
98 23 71
98 25 57
98 29 50
98 31 75
98 32 45
98 35 15
98 37 68
98 38 63
98 40 42
98 43 22
98 45 57
98 47 17
98 48 34
98 57 58
98 59 54
98 71 67
98 72 17
98 74 10
98 75 33
98 76 57
98 78 72
98 79 30
98 80 26
98 81 67
98 83 60
98 84 21
98 89 56
98 90 60
98 92 5
98 93 52
98 96 27
98 97 43
99 12 33
99 14 51
99 15 23
99 16 94
99 18 66
99 19 25
99 32 65
99 34 32
99 39 61
99 42 19
99 49 79
99 50 24
99 51 46
99 53 21
99 60 36
99 63 31
99 64 68
99 67 49
99 68 81
99 70 67
99 71 59
99 72 63
99 76 62
99 77 43
99 78 69
99 82 69
99 85 59
99 87 52
99 88 63
99 89 12
99 93 31
99 96 56
100 3 68
100 8 110
100 9 56
100 11 27
100 12 36
100 14 59
100 15 25
100 17 82
100 19 17
100 20 72
100 21 11
100 23 25
100 36 73
100 38 64
100 40 46
100 43 44
100 49 86
100 50 31
100 52 67
100 53 16
100 54 40
100 60 43
100 61 35
100 70 74
100 71 64
100 72 70
100 73 53
100 75 61
100 86 39
100 89 17
100 96 62
101 7 38
101 20 24
101 24 37
101 28 42
101 32 43
101 33 39
101 35 8
101 36 28
101 37 50
101 38 57
101 40 31
101 41 17
101 46 38
101 47 15
101 53 55
101 54 10
101 56 10
101 57 41
101 59 38
101 60 28
101 64 63
101 67 63
101 68 51
101 77 36
101 79 12
101 81 62
101 82 71
101 86 29
101 90 44
101 99 41
102 1 52
102 3 23
102 4 68
102 11 69
102 23 90
102 25 77
102 26 72
102 31 97
102 32 8
102 35 47
102 38 98
102 39 65
102 43 39
102 44 95
102 52 56
102 57 71
102 65 85
102 70 95
102 71 101
102 74 39
102 75 13
102 78 109
102 83 80
102 85 66
102 87 99
102 89 73
102 95 69
102 101 41
103 0 69
103 1 49
103 9 42
103 13 95
103 18 80
103 20 74
103 25 23
103 26 41
103 30 67
103 33 33
103 36 61
103 38 20
103 39 51
103 49 79
103 52 56
103 54 45
103 56 56
103 57 38
103 58 53
103 60 26
103 64 29
103 65 29
103 75 82
103 76 28
103 82 27
103 88 26
103 92 62
103 94 45
104 1 24
104 2 97
104 5 60
104 7 51
104 8 63
104 10 50
104 19 76
104 22 33
104 24 40
104 29 63
104 32 32
104 37 66
104 44 68
104 45 67
104 50 32
104 53 67
104 58 19
104 63 80
104 67 80
104 68 56
104 75 20
104 76 67
104 78 82
104 79 25
104 81 77
104 89 57
104 91 81
104 98 13
104 102 28
105 0 81
105 3 78
105 8 120
105 17 92
105 21 5
105 22 91
105 27 68
105 29 111
105 30 34
105 31 38
105 35 63
105 38 71
105 41 43
105 45 73
105 48 92
105 49 97
105 52 78
105 54 50
105 56 68
105 57 19
105 60 52
105 64 80
105 67 57
105 71 70
105 81 74
105 83 31
105 86 48
105 91 23
105 92 76
105 93 44
105 96 71
105 99 18
105 103 52
106 4 16
106 8 31
106 10 66
106 11 54
106 12 68
106 13 61
106 20 31
106 22 9
106 24 74
106 30 76
106 31 75
106 42 78
106 45 43
106 48 8
106 52 13
106 59 61
106 67 68
106 70 38
106 77 71
106 82 62
106 84 40
106 89 64
106 94 87
106 99 71
106 104 39
107 2 20
107 6 22
107 11 40
107 14 43
107 16 95
107 17 82
107 18 94
107 19 68
107 24 88
107 25 34
107 35 66
107 39 64
107 46 96
107 48 71
107 50 61
107 51 75
107 57 48
107 58 67
107 64 33
107 67 6
107 68 72
107 72 93
107 79 68
107 80 56
107 81 26
107 82 25
107 84 68
107 86 39
107 89 41
107 91 37
107 92 76
107 93 29
107 94 50
107 95 71
107 102 109
107 104 86
108 1 49
108 3 80
108 7 23
108 11 45
108 14 23
108 16 68
108 23 50
108 26 63
108 36 53
108 37 65
108 41 64
108 43 64
108 44 9
108 46 95
108 47 74
108 48 44
108 60 33
108 62 62
108 67 27
108 68 43
108 76 7
108 78 7
108 81 5
108 84 61
108 88 2
108 95 85
108 104 74
109 1 74
109 4 112
109 5 23
109 6 75
109 7 80
109 8 128
109 9 75
109 10 32
109 11 44
109 13 94
109 14 76
109 17 101
109 22 99
109 23 33
109 24 54
109 25 39
109 27 77
109 30 40
109 33 32
109 38 78
109 39 87
109 41 51
109 42 31
109 43 63
109 45 81
109 46 65
109 47 75
109 48 101
109 51 71
109 52 86
109 56 76
109 61 46
109 64 87
109 66 90
109 68 106
109 72 87
109 75 77
109 81 81
109 83 38
109 93 52
109 95 20
109 96 78
109 98 85
109 100 18
109 103 58
109 107 63
110 0 39
110 2 61
110 10 64
110 12 73
110 15 77
110 18 54
110 20 46
110 25 55
110 26 69
110 28 55
110 29 26
110 30 79
110 35 35
110 37 73
110 38 34
110 40 74
110 45 27
110 49 39
110 51 46
110 54 42
110 55 81
110 57 65
110 62 68
110 66 14
110 67 53
110 72 55
110 76 25
110 78 39
110 80 36
110 84 46
110 92 34
110 93 43
110 98 38
110 99 68
110 100 76
110 101 43
110 106 17
110 108 32
111 2 75
111 10 26
111 15 33
111 18 36
111 22 41
111 32 47
111 38 52
111 41 10
111 42 36
111 43 8
111 49 46
111 50 9
111 54 2
111 58 15
111 59 29
111 61 38
111 63 54
111 69 63
111 79 9
111 94 51
111 104 26
111 106 41
112 3 78
112 8 60
112 9 38
112 11 50
112 18 77
112 20 70
112 21 88
112 29 45
112 32 102
112 34 49
112 42 86
112 44 17
112 46 97
112 48 37
112 49 65
112 50 63
112 52 46
112 62 69
112 65 62
112 66 39
112 69 47
112 79 66
112 88 9
112 89 59
112 91 70
112 97 19
112 104 72
112 107 41
112 108 10
112 110 25
113 2 68
113 3 73
113 8 110
113 17 83
113 18 77
113 20 76
113 26 8
113 27 59
113 36 74
113 37 1
113 40 52
113 44 57
113 45 62
113 53 22
113 54 42
113 55 15
113 57 10
113 58 57
113 63 23
113 71 59
113 73 51
113 74 59
113 75 66
113 77 52
113 78 69
113 84 49
113 92 68
113 94 8
113 99 11
113 102 79
113 111 43
114 0 39
114 1 38
114 5 94
114 7 33
114 8 20
114 14 37
114 15 88
114 22 20
114 32 85
114 33 77
114 34 51
114 35 43
114 38 52
114 39 22
114 41 66
114 45 45
114 48 8
114 49 30
114 52 27
114 57 81
114 58 41
114 62 84
114 63 90
114 67 72
114 70 38
114 78 56
114 85 24
114 88 48
114 89 75
114 92 36
114 95 101
114 98 40
114 103 67
114 110 18
114 112 41
115 0 71
115 5 60
115 11 30
115 15 66
115 16 84
115 19 65
115 21 60
115 31 20
115 35 54
115 41 54
115 49 80
115 53 66
115 56 58
115 61 76
115 62 43
115 86 28
115 89 33
115 102 98
115 113 45
116 1 63
116 4 91
116 7 47
116 12 78
116 13 108
116 15 71
116 22 82
116 25 32
116 31 16
116 34 52
116 38 30
116 41 63
116 43 69
116 45 36
116 48 72
116 54 58
116 57 45
116 59 36
116 71 25
116 72 92
116 73 36
116 89 38
116 93 28
116 95 68
116 97 45
116 100 51
116 103 14
116 104 85
116 115 13
117 0 83
117 5 16
117 12 44
117 14 72
117 23 33
117 27 71
117 28 37
117 29 114
117 38 76
117 42 24
117 48 96
117 50 44
117 51 65
117 53 12
117 55 23
117 56 70
117 58 68
117 59 34
117 61 39
117 71 75
117 78 85
117 87 67
117 89 30
117 92 78
117 93 49
117 94 13
117 102 82
117 105 5
117 107 63
117 115 60
118 1 42
118 2 61
118 14 27
118 17 34
118 18 64
118 20 56
118 22 34
118 24 92
118 30 91
118 32 94
118 34 50
118 45 29
118 46 93
118 52 34
118 54 54
118 64 33
118 65 76
118 66 25
118 67 58
118 69 23
118 77 91
118 82 45
118 83 65
118 84 58
118 85 25
118 89 69
118 96 75
118 98 49
118 102 90
118 109 103
119 5 13
119 10 4
119 11 22
119 15 16
119 19 27
119 23 31
119 37 17
119 39 59
119 43 31
119 44 58
119 48 73
119 53 21
119 55 33
119 61 27
119 62 11
119 63 38
119 68 79
119 69 89
119 71 62
119 73 48
119 76 64
119 78 72
119 85 57
119 88 66
119 90 20
119 91 34
119 92 53
119 106 68
119 107 58
119 111 28
119 112 72
119 114 81
119 117 25
120 2 70
120 3 36
120 6 48
120 8 71
120 14 30
120 18 39
120 19 55
120 25 29
120 33 28
120 35 13
120 37 40
120 44 43
120 47 26
120 51 18
120 56 18
120 60 18
120 66 33
120 68 52
120 72 37
120 76 46
120 80 5
120 81 52
120 84 11
120 90 32
120 93 27
120 94 49
120 95 47
120 99 31
120 100 39
120 104 30
120 107 57
121 0 48
121 1 41
121 2 63
121 4 32
121 6 42
121 9 33
121 10 75
121 13 84
121 14 28
121 15 88
121 16 34
121 17 32
121 20 54
121 21 98
121 24 91
121 25 65
121 26 80
121 28 65
121 29 19
121 34 49
121 37 84
121 41 66
121 46 92
121 51 57
121 52 32
121 55 90
121 60 43
121 64 35
121 74 52
121 77 90
121 80 47
121 82 47
121 85 24
121 87 47
121 89 70
121 92 43
121 94 92
121 95 98
121 98 48
121 103 55
121 106 23
121 113 85
121 116 67
121 117 100
121 120 52
122 5 24
122 9 61
122 13 89
122 14 60
122 22 87
122 26 14
122 29 104
122 31 27
122 32 81
122 34 46
122 38 61
122 49 94
122 50 41
122 52 73
122 54 48
122 58 62
122 63 20
122 64 70
122 65 12
122 66 76
122 73 53
122 77 58
122 83 22
122 85 71
122 89 19
122 92 73
122 95 26
122 96 73
122 97 64
122 99 17
122 100 12
122 103 41
122 112 75
122 115 44
122 116 43
123 5 38
123 6 58
123 8 75
123 9 27
123 12 24
123 14 40
123 19 54
123 26 35
123 30 31
123 34 14
123 36 37
123 37 42
123 38 58
123 41 7
123 45 55
123 46 33
123 49 47
123 54 7
123 59 32
123 65 45
123 72 31
123 74 16
123 75 29
123 77 30
123 81 63
123 84 5
123 85 36
123 100 40
123 102 43
123 105 50
123 110 49
123 111 5
123 114 59
123 117 52
123 122 49
124 4 64
124 5 30
124 8 82
124 9 29
124 10 16
124 13 54
124 18 45
124 28 26
124 31 45
124 36 44
124 44 49
124 45 51
124 49 56
124 54 10
124 55 46
124 56 27
124 57 22
124 64 61
124 65 34
124 66 44
124 69 72
124 71 55
124 73 37
124 75 38
124 93 29
124 95 37
124 99 22
124 100 29
124 103 44
124 107 58
124 108 57
124 111 10
124 115 47
124 117 42
124 123 11
125 1 39
125 4 74
125 7 60
125 16 83
125 21 38
125 23 50
125 24 14
125 26 31
125 29 88
125 31 59
125 37 37
125 43 21
125 50 16
125 53 31
125 55 53
125 56 37
125 60 42
125 65 45
125 66 58
125 68 78
125 72 40
125 81 77
125 83 43
125 87 68
125 94 45
125 95 30
125 96 30
125 100 32
125 104 35
125 105 41
125 110 68
125 111 23
125 120 27
125 124 18
126 5 26
126 7 78
126 13 97
126 14 74
126 17 101
126 18 93
126 19 13
126 24 58
126 26 25
126 27 77
126 28 38
126 30 43
126 35 72
126 39 87
126 40 64
126 48 100
126 49 106
126 56 77
126 58 75
126 60 60
126 62 25
126 64 84
126 67 58
126 71 74
126 72 89
126 73 68
126 75 80
126 79 57
126 81 78
126 83 36
126 87 66
126 88 81
126 89 33
126 97 78
126 98 86
126 102 92
126 104 83
126 106 97
126 112 89
126 113 17
126 114 109
126 115 58
126 116 55
126 125 51
127 1 53
127 3 75
127 6 44
127 11 20
127 13 88
127 15 42
127 16 97
127 22 78
127 24 58
127 28 11
127 35 53
127 41 40
127 45 51
127 46 67
127 47 64
127 48 75
127 62 15
127 64 57
127 65 1
127 69 92
127 70 59
127 72 76
127 73 41
127 82 55
127 90 8
127 91 12
127 92 66
127 93 23
127 97 51
127 100 20
127 102 85
127 104 69
127 106 74
127 109 30
127 110 66
127 112 61
127 116 31
127 118 75
127 120 40
127 124 34
127 125 45
128 5 11
128 6 79
128 7 73
128 10 23
128 13 62
128 26 26
128 28 43
128 31 58
128 33 32
128 36 74
128 37 30
128 39 73
128 41 29
128 49 83
128 56 56
128 58 55
128 64 90
128 66 76
128 67 73
128 68 95
128 75 46
128 79 33
128 81 85
128 82 92
128 83 44
128 85 72
128 87 75
128 88 85
128 90 38
128 91 48
128 94 35
128 95 12
128 97 74
128 98 62
128 99 24
128 102 57
128 105 27
128 117 25
128 120 42
128 121 95
129 0 35
129 11 21
129 13 50
129 14 37
129 15 28
129 19 50
129 21 45
129 25 29
129 27 25
129 35 18
129 36 39
129 38 53
129 40 29
129 42 31
129 50 4
129 55 51
129 58 20
129 60 23
129 61 35
129 62 30
129 65 39
129 67 55
129 70 55
129 72 37
129 73 37
129 74 20
129 76 52
129 81 58
129 82 67
129 84 11
129 85 36
129 90 31
129 92 30
129 96 33
129 98 31
129 100 35
129 108 57
129 109 54
129 110 48
129 112 60
129 118 60
129 127 39
129 128 35
130 0 82
130 2 76
130 7 71
130 13 89
130 17 93
130 18 84
130 22 91
130 23 26
130 37 11
130 40 56
130 43 56
130 45 72
130 46 62
130 58 66
130 61 43
130 64 79
130 66 82
130 69 109
130 74 67
130 79 49
130 86 48
130 89 25
130 91 20
130 94 6
130 95 19
130 96 73
130 97 71
130 102 84
130 103 50
130 104 74
130 107 56
130 108 75
130 116 52
130 118 95
130 119 24
131 0 52
131 2 49
131 3 67
131 5 83
131 6 27
131 7 14
131 16 47
131 18 66
131 19 93
131 24 87
131 25 53
131 32 93
131 35 43
131 38 23
131 40 81
131 43 56
131 44 23
131 46 89
131 48 24
131 50 58
131 51 55
131 52 35
131 53 90
131 57 66
131 64 21
131 71 28
131 72 67
131 82 33
131 89 59
131 91 74
131 92 45
131 95 89
131 100 76
131 104 62
131 110 13
131 114 29
131 118 13
131 119 69
131 125 74
131 128 87
132 1 43
132 2 89
132 4 80
132 7 62
132 15 5
132 18 51
132 19 34
132 27 47
132 34 33
132 36 61
132 37 31
132 42 11
132 44 68
132 47 36
132 50 18
132 51 34
132 52 56
132 61 13
132 65 40
132 66 63
132 67 68
132 70 77
132 76 73
132 77 20
132 80 35
132 81 77
132 85 59
132 88 75
132 90 34
132 91 49
132 97 63
132 101 32
132 102 48
132 114 82
132 116 69
132 119 15
132 120 30
132 122 38
133 7 21
133 8 39
133 9 33
133 11 56
133 13 86
133 14 25
133 18 65
133 19 101
133 22 35
133 28 61
133 36 33
133 38 33
133 39 25
133 40 85
133 41 65
133 42 89
133 46 92
133 47 64
133 48 18
133 53 97
133 55 86
133 63 76
133 64 30
133 67 55
133 68 13
133 70 18
133 73 31
133 75 81
133 77 90
133 78 36
133 84 57
133 85 24
133 90 68
133 96 75
133 97 21
133 103 51
133 108 30
133 110 11
133 119 76
133 121 5
133 126 99
134 1 64
134 3 79
134 6 64
134 9 64
134 17 91
134 20 83
134 22 90
134 25 28
134 26 15
134 27 67
134 30 38
134 31 33
134 37 9
134 43 55
134 44 63
134 48 90
134 49 96
134 52 76
134 55 13
134 57 18
134 60 50
134 61 44
134 71 65
134 72 80
134 78 75
134 80 53
134 81 70
134 82 74
134 87 58
134 91 17
134 94 3
134 97 68
134 103 47
134 105 5
134 107 53
134 108 72
134 109 11
134 110 82
134 111 50
134 113 7
134 114 99
134 117 10
134 128 31
134 130 3
134 131 81
134 132 36
134 133 90
135 1 27
135 4 31
135 6 38
135 7 13
135 8 40
135 9 19
135 11 46
135 12 70
135 16 36
135 18 52
135 19 91
135 27 23
135 29 28
135 37 71
135 38 34
135 46 78
135 47 50
135 51 43
135 56 32
135 61 80
135 62 66
135 65 65
135 71 39
135 73 25
135 75 67
135 79 50
135 85 10
135 86 34
135 100 73
135 103 47
135 104 48
135 105 83
135 106 16
135 107 59
135 109 91
135 110 3
135 117 87
135 120 38
135 123 46
135 124 49
135 126 90
135 129 45
135 134 80
136 5 74
136 9 19
136 10 57
136 11 41
136 12 70
136 13 77
136 18 57
136 20 49
136 31 55
136 32 83
136 38 25
136 39 17
136 41 51
136 49 46
136 52 26
136 57 58
136 58 33
136 60 25
136 64 26
136 66 19
136 67 44
136 68 22
136 71 30
136 74 41
136 75 70
136 83 48
136 85 14
136 88 22
136 89 51
136 92 36
136 96 64
136 98 41
136 106 24
136 107 50
136 110 9
136 112 20
136 113 67
136 114 28
136 117 81
136 119 61
136 122 70
136 123 46
136 124 46
136 132 66
136 134 74
136 135 9
137 3 40
137 5 52
137 6 40
137 7 21
137 12 45
137 17 34
137 22 33
137 25 32
137 30 50
137 37 48
137 39 20
137 40 47
137 47 32
137 52 20
137 53 59
137 56 17
137 61 54
137 66 23
137 67 47
137 72 40
137 76 35
137 85 18
137 88 39
137 89 34
137 90 37
137 97 22
137 98 26
137 99 41
137 100 48
137 104 33
137 110 29
137 114 42
137 121 40
137 128 54
137 130 59
137 135 26
138 7 42
138 11 49
138 14 42
138 20 7
138 23 72
138 24 50
138 25 58
138 28 59
138 31 76
138 32 44
138 34 31
138 35 16
138 37 68
138 44 61
138 47 16
138 54 27
138 56 11
138 57 59
138 65 69
138 67 75
138 70 58
138 72 15
138 76 58
138 78 73
138 79 30
138 81 69
138 83 61
138 84 21
138 86 42
138 87 67
138 94 78
138 95 71
138 97 44
138 99 59
138 101 18
138 107 81
138 110 40
138 111 27
138 113 70
138 116 81
138 119 54
138 122 75
138 123 27
138 124 37
138 129 31
138 131 51
138 133 51
139 0 61
139 23 24
139 25 18
139 28 17
139 30 60
139 31 21
139 35 43
139 36 54
139 37 37
139 39 44
139 45 25
139 46 75
139 49 72
139 51 52
139 52 49
139 53 58
139 54 37
139 55 39
139 57 33
139 60 18
139 62 35
139 64 31
139 67 17
139 68 57
139 73 17
139 77 70
139 79 45
139 90 24
139 91 35
139 93 7
139 95 58
139 97 27
139 103 8
139 109 56
139 119 40
139 121 52
139 122 39
139 125 54
139 127 25
139 133 48
139 134 44
140 0 58
140 6 61
140 8 100
140 10 5
140 11 23
140 20 60
140 22 70
140 24 31
140 25 24
140 27 48
140 39 60
140 41 20
140 42 13
140 43 32
140 44 59
140 46 41
140 50 19
140 51 40
140 54 29
140 65 26
140 70 69
140 74 43
140 77 34
140 78 73
140 81 67
140 82 74
140 88 67
140 90 20
140 93 35
140 95 19
140 97 57
140 99 8
140 110 68
140 112 73
140 115 51
140 119 1
140 121 79
140 128 18
140 134 24
140 137 39
140 138 55
141 6 29
141 8 77
141 14 22
141 15 46
141 21 48
141 24 56
141 28 15
141 33 21
141 43 35
141 45 30
141 46 62
141 47 48
141 48 49
141 51 40
141 55 41
141 57 26
141 68 53
141 69 65
141 72 58
141 76 32
141 80 21
141 83 16
141 84 33
141 88 34
141 89 19
141 91 38
141 92 43
141 93 6
141 95 51
141 96 58
141 100 37
141 101 33
141 104 51
141 111 26
141 115 24
141 125 42
141 128 51
141 129 25
142 3 54
142 6 33
142 9 25
142 12 44
142 13 70
142 14 24
142 19 51
142 24 52
142 28 14
142 32 69
142 33 19
142 35 29
142 42 42
142 45 34
142 46 58
142 50 23
142 51 36
142 52 38
142 53 48
142 54 20
142 58 31
142 66 40
142 70 40
142 73 20
142 74 36
142 76 36
142 77 53
142 85 34
142 88 38
142 92 41
142 94 40
142 100 34
142 106 47
142 109 51
142 110 41
142 115 28
142 118 52
142 120 17
142 128 47
142 129 21
143 0 69
143 4 95
143 9 61
143 10 19
143 25 37
143 27 61
143 28 38
143 29 106
143 35 54
143 38 77
143 44 73
143 46 40
143 47 53
143 48 87
143 50 31
143 51 51
143 58 56
143 59 34
143 60 51
143 62 20
143 63 46
143 67 67
143 70 84
143 75 52
143 82 87
143 88 81
143 103 61
143 105 19
143 114 95
143 122 27
143 123 38
143 129 36
143 132 17
143 136 76
143 137 53
144 1 34
144 3 60
144 5 40
144 7 32
144 10 24
144 13 76
144 15 43
144 19 49
144 20 58
144 21 43
144 22 57
144 23 22
144 24 55
144 26 25
144 27 35
144 32 73
144 37 28
144 43 36
144 45 34
144 46 62
144 47 50
144 58 37
144 60 13
144 62 24
144 63 29
144 66 45
144 67 29
144 72 60
144 75 61
144 87 28
144 89 14
144 93 6
144 95 46
144 96 59
144 101 35
144 103 21
144 115 24
144 118 55
144 121 56
144 122 32
144 131 44
144 133 53
144 138 51
144 140 29
144 141 5
144 143 43
145 2 60
145 4 96
145 5 29
145 6 51
145 7 59
145 10 24
145 12 51
145 13 91
145 14 55
145 17 85
145 18 83
145 19 28
145 30 44
145 33 17
145 35 58
145 37 9
145 42 36
145 46 68
145 49 92
145 56 63
145 60 41
145 61 51
145 63 13
145 70 66
145 72 80
145 79 48
145 85 67
145 86 37
145 95 32
145 96 74
145 101 56
145 107 40
145 108 60
145 109 23
145 111 47
145 116 36
145 117 23
145 118 82
145 119 26
145 122 7
145 123 49
145 125 46
145 126 20
145 129 43
145 132 41
145 135 71
145 139 33
145 141 33
146 10 11
146 21 21
146 22 74
146 28 15
146 32 71
146 33 6
146 34 34
146 36 67
146 37 6
146 38 54
146 43 42
146 47 56
146 49 81
146 51 50
146 56 52
146 57 4
146 63 24
146 64 63
146 66 64
146 67 43
146 70 64
146 74 52
146 77 49
146 83 15
146 85 59
146 88 59
146 95 26
146 100 10
146 104 61
146 117 22
146 129 31
146 130 17
146 135 65
147 1 30
147 10 22
147 12 15
147 14 48
147 15 20
147 18 39
147 21 42
147 22 53
147 24 22
147 25 36
147 26 31
147 29 79
147 30 21
147 32 39
147 35 25
147 37 38
147 39 47
147 41 4
147 54 16
147 55 53
147 58 27
147 59 31
147 60 34
147 61 24
147 65 43
147 67 64
147 68 69
147 73 48
147 81 69
147 84 15
147 86 33
147 89 31
147 104 29
147 105 43
147 106 55
147 112 71
147 113 39
147 116 67
147 117 45
147 119 21
147 121 70
147 129 11
147 135 55
147 140 21
147 143 30
147 144 34
147 146 33
148 13 47
148 18 49
148 21 37
148 23 54
148 29 96
148 35 42
148 40 14
148 46 18
148 49 70
148 50 24
148 52 58
148 53 29
148 54 33
148 59 41
148 61 7
148 62 34
148 66 66
148 68 86
148 73 63
148 81 84
148 83 48
148 87 75
148 91 57
148 92 51
148 95 27
148 97 69
148 98 50
148 100 33
148 102 42
148 104 41
148 108 84
148 111 31
148 116 77
148 117 40
148 118 88
148 119 23
148 121 87
148 123 26
148 128 15
148 132 8
148 136 72
148 144 47
148 146 37
149 0 77
149 2 72
149 6 62
149 10 20
149 13 86
149 19 16
149 20 80
149 25 25
149 26 12
149 34 46
149 38 65
149 40 54
149 44 61
149 47 65
149 48 87
149 55 14
149 59 25
149 60 47
149 63 26
149 65 17
149 66 77
149 68 93
149 70 76
149 75 69
149 76 70
149 80 50
149 83 25
149 85 72
149 86 43
149 89 20
149 90 19
149 91 18
149 92 72
149 95 20
149 99 14
149 100 8
149 101 55
149 107 52
149 113 5
149 118 90
149 120 46
149 125 40
149 135 77
149 139 43
149 143 22
150 1 77
150 3 89
150 4 115
150 5 25
150 7 83
150 14 79
150 19 9
150 24 56
150 29 123
150 30 42
150 31 46
150 32 85
150 37 23
150 38 81
150 43 66
150 45 84
150 52 90
150 53 20
150 58 77
150 70 93
150 71 80
150 73 73
150 74 77
150 75 79
150 77 61
150 81 84
150 84 67
150 88 87
150 92 87
150 93 55
150 97 83
150 101 70
150 106 101
150 113 22
150 115 64
150 117 9
150 118 107
150 119 34
150 127 33
150 131 96
150 134 14
150 138 89
150 139 59
150 143 27
150 145 26
151 0 21
151 2 101
151 3 33
151 8 33
151 12 70
151 18 28
151 19 106
151 23 92
151 24 73
151 25 79
151 39 32
151 43 47
151 44 72
151 46 68
151 47 40
151 49 4
151 57 82
151 58 35
151 59 76
151 61 80
151 63 100
151 64 75
151 66 30
151 75 52
151 76 66
151 78 81
151 79 55
151 88 71
151 90 83
151 91 103
151 96 46
151 97 53
151 98 25
151 109 110
151 111 51
151 114 31
151 117 103
151 122 98
151 123 51
151 125 67
151 131 55
151 133 49
151 135 40
151 138 24
152 1 5
152 2 67
152 3 36
152 8 57
152 10 40
152 33 39
152 38 41
152 51 21
152 61 56
152 63 58
152 69 47
152 75 46
152 83 40
152 85 15
152 87 43
152 90 42
152 96 41
152 97 23
152 100 53
152 105 63
152 107 57
152 109 71
152 110 27
152 112 43
152 113 54
152 119 42
152 120 14
152 121 38
152 128 57
152 131 34
152 134 61
152 139 35
152 146 46
152 151 41
153 1 45
153 6 47
153 8 98
153 10 12
153 12 41
153 14 44
153 19 32
153 20 66
153 25 9
153 29 88
153 37 11
153 38 49
153 41 29
153 51 48
153 59 7
153 66 60
153 68 75
153 70 58
153 72 66
153 78 59
153 80 34
153 82 59
153 83 10
153 94 20
153 95 31
153 97 48
153 98 59
153 101 42
153 104 59
153 106 67
153 108 54
153 115 35
153 121 72
153 130 22
153 131 61
153 132 31
153 136 54
153 139 27
153 145 14
153 149 17
153 150 35
154 5 4
154 13 75
154 16 106
154 17 86
154 18 73
154 23 35
154 24 35
154 26 16
154 27 62
154 29 107
154 32 64
154 35 56
154 49 89
154 53 6
154 60 51
154 62 17
154 63 40
154 65 29
154 68 95
154 69 105
154 70 82
154 71 74
154 73 62
154 74 57
154 77 40
154 82 84
154 98 68
154 99 15
154 103 57
154 106 84
154 107 65
154 108 79
154 113 17
154 119 15
154 121 93
154 122 21
154 123 41
154 125 29
154 128 14
154 143 6
154 145 26
154 147 34
154 148 28
154 151 93
155 15 76
155 22 13
155 24 70
155 28 76
155 31 92
155 32 59
155 33 76
155 35 34
155 37 88
155 44 69
155 58 32
155 59 73
155 62 81
155 73 58
155 76 64
155 79 51
155 80 44
155 84 42
155 86 58
155 90 80
155 103 80
155 105 97
155 107 93
155 111 47
155 117 100
155 118 47
155 127 87
155 128 84
155 133 48
155 134 97
155 145 93
155 146 82
155 147 56
155 151 3
155 152 38
156 0 43
156 2 50
156 4 44
156 5 69
156 13 77
156 15 67
156 17 36
156 19 80
156 21 74
156 22 35
156 31 50
156 32 81
156 37 60
156 38 22
156 42 68
156 44 20
156 48 25
156 49 48
156 55 66
156 58 31
156 61 75
156 64 26
156 67 40
156 74 39
156 75 67
156 76 16
156 77 72
156 78 31
156 80 28
156 85 16
156 88 21
156 91 63
156 95 75
156 101 38
156 108 23
156 109 80
156 110 14
156 111 37
156 118 23
156 120 33
156 122 64
156 130 71
156 131 14
156 143 71
156 146 54
156 147 51
156 148 68
156 151 51
156 154 70
157 1 67
157 3 97
157 6 22
157 8 98
157 10 60
157 12 87
157 17 83
157 24 94
157 26 57
157 30 85
157 33 50
157 34 58
157 40 94
157 44 27
157 51 80
157 58 71
157 67 10
157 74 78
157 78 26
157 81 24
157 82 21
157 88 31
157 92 79
157 93 34
157 99 59
157 104 90
157 110 60
157 113 56
157 117 70
157 120 62
157 121 64
157 122 54
157 127 41
157 131 49
157 132 78
157 133 59
157 135 60
157 138 85
157 144 40
157 149 59
157 152 61
157 153 48
157 154 72
157 156 47
158 0 71
158 5 69
158 10 54
158 11 37
158 13 100
158 14 27
158 16 79
158 24 85
158 28 34
158 29 67
158 30 77
158 31 30
158 39 49
158 40 83
158 44 10
158 47 74
158 52 55
158 56 59
158 57 50
158 58 56
158 59 38
158 63 38
158 66 51
158 70 25
158 72 82
158 73 21
158 76 19
158 78 15
158 80 46
158 83 34
158 85 46
158 86 31
158 87 2
158 90 41
158 92 63
158 93 24
158 96 84
158 97 28
158 98 68
158 103 12
158 105 64
158 106 58
158 115 9
158 116 19
158 120 48
158 123 59
158 124 52
158 126 68
158 128 77
158 129 53
158 133 43
158 134 60
158 135 43
158 139 17
158 142 33
158 148 78
158 149 58
158 150 74
158 151 81
158 152 45
158 156 30
158 157 17
159 0 78
159 1 59
159 3 80
159 5 30
159 7 59
159 11 26
159 14 55
159 15 42
159 17 86
159 21 24
159 22 84
159 26 17
159 27 62
159 28 18
159 30 46
159 31 19
159 32 85
159 33 18
159 35 59
159 37 11
159 38 54
159 39 70
159 42 37
159 43 55
159 47 69
159 50 42
159 55 7
159 56 64
159 60 41
159 63 12
159 65 6
159 67 38
159 68 87
159 71 52
159 82 61
159 83 17
159 85 67
159 87 45
159 89 17
159 95 34
159 97 58
159 98 74
159 99 20
159 101 57
159 106 81
159 109 24
159 112 68
159 117 24
159 120 45
159 123 50
159 128 41
159 129 44
159 134 14
159 142 33
159 143 34
160 8 76
160 11 66
160 16 64
160 17 49
160 19 85
160 22 48
160 23 88
160 24 40
160 33 70
160 35 40
160 37 79
160 46 31
160 47 21
160 48 64
160 49 41
160 51 29
160 53 74
160 57 70
160 61 49
160 68 73
160 75 14
160 79 39
160 83 78
160 84 36
160 91 95
160 94 88
160 97 73
160 102 11
160 106 56
160 108 94
160 115 93
160 130 86
160 133 81
160 136 72
160 138 29
160 141 69
160 145 87
160 146 74
160 154 72
160 156 71
160 158 95
161 2 76
161 5 13
161 9 46
161 12 25
161 18 60
161 21 22
161 23 31
161 25 23
161 28 25
161 29 91
161 32 57
161 34 30
161 36 62
161 38 62
161 40 34
161 41 19
161 47 44
161 54 28
161 58 43
161 60 36
161 65 25
161 69 89
161 70 68
161 73 48
161 74 43
161 81 66
161 85 57
161 94 26
161 99 7
161 100 13
161 102 61
161 106 68
161 109 31
161 115 50
161 124 17
161 129 23
161 150 34
161 151 78
161 154 15
161 160 62
162 13 19
162 19 82
162 21 77
162 22 36
162 24 42
162 26 66
162 31 85
162 32 29
162 34 40
162 35 28
162 41 37
162 42 58
162 43 26
162 46 36
162 47 12
162 50 39
162 52 33
162 56 24
162 57 64
162 59 62
162 61 50
162 63 88
162 67 88
162 68 60
162 81 84
162 82 93
162 83 69
162 87 81
162 88 79
162 90 68
162 91 88
162 95 70
162 99 63
162 100 69
162 106 43
162 113 74
162 122 80
162 123 31
162 129 37
162 135 54
162 136 58
162 143 64
162 152 37
162 153 66
162 154 69
162 158 83
162 161 56
163 6 79
163 13 42
163 15 76
163 20 17
163 22 18
163 28 78
163 30 76
163 31 95
163 32 55
163 33 78
163 34 50
163 37 90
163 41 56
163 45 69
163 52 27
163 53 94
163 54 48
163 61 76
163 64 78
163 69 39
163 71 80
163 74 32
163 75 46
163 78 84
163 82 89
163 88 74
163 90 82
163 95 92
163 96 40
163 97 55
163 112 71
163 119 76
163 122 96
163 123 48
163 131 58
163 133 53
163 143 87
163 144 70
163 149 95
163 153 80
163 155 5
163 159 95
163 160 37
164 2 125
164 10 64
164 11 72
164 14 81
164 18 31
164 20 39
164 25 79
164 30 49
164 33 73
164 34 59
164 35 50
164 38 101
164 39 69
164 41 47
164 43 41
164 49 56
164 53 71
164 54 52
164 56 48
164 60 72
164 62 73
164 65 86
164 66 69
164 68 87
164 86 72
164 90 79
164 92 49
164 102 4
164 108 104
164 114 83
164 115 100
164 119 62
164 127 87
164 133 94
164 136 84
164 138 43
164 140 62
164 143 64
164 144 77
164 146 76
164 150 91
164 151 58
164 153 76
164 155 56
164 156 82
164 159 90
164 160 15
165 2 87
165 3 78
165 8 124
165 16 115
165 17 95
165 20 83
165 22 94
165 23 37
165 25 39
165 30 30
165 31 47
165 33 30
165 34 54
165 35 66
165 37 20
165 45 81
165 51 64
165 52 81
165 56 70
165 60 58
165 61 35
165 62 22
165 64 88
165 66 86
165 67 66
165 69 114
165 70 89
165 71 78
165 72 79
165 76 83
165 83 39
165 89 32
165 91 32
165 92 78
165 94 18
165 98 78
165 100 15
165 102 79
165 106 93
165 107 67
165 111 52
165 113 19
165 119 24
165 120 53
165 121 101
165 122 20
165 125 39
165 127 33
165 131 91
165 135 88
165 136 83
165 139 57
165 141 52
165 150 12
165 151 103
165 152 67
165 154 9
165 156 78
165 159 28
165 160 82
165 164 79
166 5 38
166 12 25
166 17 45
166 19 54
166 23 47
166 25 34
166 33 31
166 35 15
166 36 37
166 41 7
166 42 34
166 45 53
166 46 35
166 48 50
166 50 7
166 51 14
166 52 31
166 60 26
166 72 32
166 76 55
166 78 67
166 80 13
166 83 37
166 84 6
166 88 58
166 89 32
166 93 35
166 97 42
166 98 27
166 102 44
166 109 58
166 110 48
166 111 4
166 112 62
166 116 63
166 120 8
166 121 59
166 123 1
166 124 10
166 125 19
166 128 37
166 135 45
166 138 27
166 148 27
166 150 61
166 153 34
166 154 41
166 161 26
167 5 59
167 8 53
167 9 10
167 12 45
167 16 43
167 19 74
167 21 69
167 23 58
167 26 52
167 30 53
167 31 62
167 41 29
167 42 55
167 48 29
167 51 17
167 61 56
167 65 57
167 66 17
167 69 44
167 71 53
167 72 29
167 74 12
167 81 53
167 83 47
167 88 48
167 91 69
167 92 10
167 94 67
167 96 35
167 98 14
167 101 14
167 102 51
167 106 22
167 111 19
167 113 59
167 119 46
167 122 64
167 124 29
167 131 39
167 132 46
167 142 31
167 147 32
167 148 49
167 149 64
167 151 34
167 154 62
167 158 53
168 1 35
168 2 108
168 3 4
168 7 61
168 8 68
168 12 39
168 16 56
168 18 8
168 20 16
168 25 68
168 27 37
168 36 38
168 37 74
168 40 31
168 41 38
168 43 27
168 44 79
168 47 13
168 48 55
168 51 21
168 52 37
168 56 27
168 58 30
168 59 64
168 60 55
168 61 49
168 62 67
168 63 89
168 64 87
168 65 77
168 68 64
168 71 86
168 76 77
168 78 92
168 82 96
168 84 28
168 88 82
168 89 65
168 94 83
168 95 69
168 105 79
168 107 96
168 114 60
168 116 95
168 121 69
168 123 32
168 126 89
168 131 72
168 134 81
168 136 62
168 146 69
168 147 36
168 149 78
168 150 90
168 151 36
168 165 78
168 166 33
168 167 34
169 2 101
169 4 46
169 12 36
169 13 22
169 18 8
169 19 77
169 23 74
169 25 61
169 30 47
169 32 29
169 38 75
169 41 32
169 44 72
169 48 50
169 52 31
169 53 67
169 57 59
169 59 57
169 61 46
169 63 83
169 66 40
169 69 62
169 71 79
169 78 85
169 80 33
169 91 83
169 92 20
169 94 77
169 97 57
169 101 20
169 106 42
169 110 54
169 113 69
169 126 84
169 127 71
169 131 65
169 132 42
169 133 65
169 135 52
169 138 15
169 151 35
169 153 61
169 163 30
169 164 28
169 165 74
170 0 35
170 4 63
170 5 64
170 6 94
170 7 73
170 10 60
170 13 7
170 18 22
170 19 80
170 25 73
170 26 69
170 31 93
170 32 11
170 35 42
170 36 52
170 38 93
170 41 41
170 47 22
170 49 47
170 51 30
170 57 67
170 61 43
170 62 69
170 70 90
170 71 96
170 74 33
170 75 10
170 76 89
170 77 29
170 78 103
170 80 49
170 81 98
170 83 76
170 90 74
170 91 92
170 94 84
170 96 11
170 101 36
170 103 90
170 105 80
170 106 61
170 110 74
170 112 95
170 120 47
170 123 38
170 125 39
170 126 90
170 133 85
170 144 70
170 145 84
170 146 72
170 148 40
170 156 73
170 157 109
170 158 96
170 159 85
170 160 7
170 161 58
170 164 9
170 167 46
171 4 94
171 5 24
171 10 19
171 12 46
171 13 86
171 17 83
171 19 25
171 22 81
171 25 17
171 27 59
171 31 24
171 41 39
171 43 50
171 45 59
171 48 81
171 59 17
171 60 40
171 74 60
171 75 69
171 77 56
171 86 36
171 91 13
171 93 30
171 94 9
171 96 69
171 99 13
171 102 82
171 106 78
171 107 43
171 108 61
171 109 21
171 110 72
171 114 89
171 115 40
171 116 40
171 122 5
171 126 20
171 127 9
171 130 13
171 138 70
171 139 34
171 140 21
171 143 28
171 145 5
171 148 44
171 150 25
171 154 22
171 158 49
171 161 21
171 166 44
171 169 71
172 3 71
172 5 62
172 6 10
172 9 33
172 12 68
172 15 65
172 16 71
172 19 69
172 20 66
172 22 57
172 24 75
172 25 28
172 27 40
172 29 62
172 30 68
172 37 47
172 54 41
172 57 43
172 62 45
172 63 38
172 65 37
172 75 77
172 77 76
172 81 16
172 82 23
172 85 37
172 88 16
172 91 45
172 96 74
172 97 20
172 104 65
172 114 55
172 115 12
172 120 38
172 122 50
172 123 48
172 135 35
172 143 65
172 145 43
172 148 68
172 149 53
172 150 70
172 152 35
172 161 50
172 162 72
172 163 73
172 167 43
173 0 11
173 1 31
173 4 26
173 5 79
173 11 63
173 13 36
173 23 86
173 29 48
173 31 90
173 34 45
173 39 33
173 41 49
173 45 68
173 60 53
173 64 77
173 65 83
173 71 78
173 74 25
173 77 57
173 82 87
173 83 75
173 84 35
173 85 35
173 86 56
173 92 18
173 100 81
173 103 79
173 109 100
173 117 93
173 121 51
173 124 51
173 127 83
173 130 93
173 133 54
173 136 50
173 137 41
173 139 72
173 144 65
173 153 74
173 156 51
173 159 89
173 161 68
173 162 20
173 163 7
173 165 93
173 167 28
173 169 22
174 0 35
174 2 60
174 3 44
174 10 33
174 12 45
174 15 46
174 18 46
174 20 40
174 25 27
174 30 49
174 33 31
174 38 36
174 39 24
174 41 26
174 42 48
174 46 56
174 49 47
174 50 23
174 51 27
174 53 57
174 54 14
174 57 35
174 61 54
174 64 42
174 68 43
174 72 44
174 73 18
174 75 50
174 76 33
174 79 25
174 86 10
174 91 52
174 92 28
174 93 21
174 98 31
174 104 37
174 106 34
174 118 42
174 123 22
174 125 39
174 129 19
174 133 40
174 138 32
174 139 26
174 141 15
174 152 10
174 155 48
174 156 21
174 159 46
174 164 65
174 165 60
175 6 48
175 14 26
175 20 39
175 21 91
175 24 78
175 29 21
175 32 78
175 34 40
175 39 11
175 43 47
175 46 78
175 47 49
175 55 87
175 57 70
175 58 31
175 60 38
175 62 72
175 65 73
175 67 63
175 71 49
175 74 38
175 80 37
175 82 56
175 89 64
175 91 84
175 92 28
175 96 59
175 99 72
175 101 41
175 102 73
175 106 7
175 107 69
175 108 43
175 115 57
175 117 93
175 121 15
175 122 83
175 134 87
175 143 84
175 147 58
175 149 84
175 153 67
175 157 70
175 161 70
175 162 50
175 164 77
175 166 48
175 169 49
175 170 68
175 172 45
175 174 34
176 0 23
176 2 82
176 7 40
176 8 68
176 12 29
176 13 41
176 17 38
176 21 56
176 22 37
176 25 40
176 27 19
176 30 37
176 32 41
176 33 38
176 35 10
176 37 49
176 43 4
176 45 54
176 47 14
176 51 7
176 54 9
176 55 63
176 79 10
176 86 29
176 93 39
176 97 41
176 98 19
176 103 54
176 108 61
176 114 53
176 117 59
176 120 12
176 122 56
176 134 57
176 135 42
176 136 42
176 142 29
176 144 35
176 146 43
176 148 32
176 152 18
176 155 41
176 156 40
176 158 60
176 163 41
176 164 43
177 0 43
177 8 90
177 10 65
177 15 52
177 18 30
177 20 38
177 25 80
177 28 81
177 33 73
177 37 80
177 40 29
177 43 41
177 46 25
177 48 78
177 49 55
177 50 51
177 53 72
177 57 73
177 58 50
177 65 87
177 66 68
177 68 87
177 69 88
177 71 104
177 73 84
177 74 42
177 86 72
177 87 101
177 88 102
177 91 98
177 94 88
177 95 70
177 96 19
177 97 84
177 99 70
177 101 44
177 105 83
177 107 112
177 113 81
177 114 82
177 117 83
177 121 92
177 126 93
177 127 87
177 130 85
177 141 76
177 143 65
177 147 44
177 149 83
177 150 92
177 155 55
177 161 63
177 165 80
177 169 27
177 170 8
177 173 45
178 4 27
178 9 39
178 10 69
178 15 69
178 17 21
178 24 61
178 29 49
178 30 69
178 32 48
178 33 73
178 36 24
178 43 38
178 47 28
178 48 38
178 50 51
178 51 29
178 54 43
178 55 98
178 56 27
178 57 75
178 64 79
178 66 33
178 67 89
178 68 47
178 72 19
178 74 27
178 77 57
178 86 58
178 87 80
178 90 77
178 96 33
178 103 82
178 104 21
178 107 96
178 109 101
178 113 86
178 124 53
178 126 103
178 129 48
178 132 64
178 136 52
178 139 74
178 140 70
178 149 90
178 151 13
178 152 38
178 153 76
178 155 11
178 162 20
178 167 30
178 169 22
178 176 36
178 177 44
179 7 62
179 10 50
179 13 17
179 17 47
179 20 23
179 21 68
179 22 46
179 23 75
179 26 59
179 37 66
179 39 49
179 41 30
179 46 23
179 52 40
179 55 81
179 57 57
179 58 30
179 59 58
179 65 71
179 68 69
179 70 78
179 71 84
179 74 22
179 79 26
179 82 95
179 84 24
179 85 50
179 86 53
179 87 82
179 89 59
179 91 82
179 92 30
179 94 75
179 97 64
179 100 62
179 104 13
179 105 71
179 106 52
179 107 92
179 111 31
179 116 91
179 117 71
179 120 35
179 124 37
179 126 81
179 128 49
179 130 73
179 131 73
179 135 60
179 139 70
179 141 57
179 144 58
179 145 73
179 146 61
179 151 45
179 152 40
179 156 62
179 163 39
179 169 10
179 172 73
179 176 24
179 177 20
180 1 53
180 3 73
180 7 54
180 11 20
180 12 47
180 17 79
180 21 24
180 27 55
180 33 11
180 37 8
180 38 52
180 41 37
180 44 48
180 47 62
180 48 77
180 49 86
180 57 11
180 59 13
180 64 61
180 68 82
180 69 93
180 70 63
180 74 57
180 75 68
180 79 42
180 83 12
180 88 57
180 89 10
180 90 7
180 95 31
180 101 50
180 103 33
180 105 19
180 106 74
180 111 41
180 113 9
180 118 78
180 124 32
180 125 41
180 131 66
180 132 36
180 133 75
180 135 66
180 136 60
180 142 27
180 149 13
180 153 8
180 154 25
180 163 88
180 164 83
180 165 28
180 171 4
180 172 40
180 177 84
180 178 84
181 1 35
181 7 53
181 17 19
181 21 96
181 24 66
181 25 76
181 26 81
181 29 45
181 30 74
181 32 53
181 34 49
181 44 73
181 48 36
181 50 55
181 52 26
181 54 47
181 56 29
181 57 79
181 58 32
181 61 74
181 64 78
181 68 43
181 71 80
181 76 68
181 84 41
181 86 60
181 89 76
181 95 90
181 97 55
181 99 79
181 100 86
181 103 83
181 110 45
181 119 74
181 124 57
181 132 68
181 137 45
181 141 65
181 146 82
181 150 108
181 154 88
181 159 94
181 161 74
181 164 50
181 172 73
181 176 39
182 0 12
182 1 22
182 4 42
182 5 59
182 7 49
182 10 50
182 13 27
182 20 10
182 22 31
182 26 58
182 27 25
182 28 58
182 35 18
182 37 65
182 40 32
182 49 28
182 54 26
182 55 80
182 62 58
182 64 75
182 65 68
182 78 79
182 79 25
182 83 60
182 85 36
182 86 44
182 88 70
182 89 56
182 92 15
182 94 75
182 97 51
182 99 56
182 104 2
182 105 73
182 107 84
182 108 72
182 109 81
182 110 49
182 111 25
182 113 66
182 115 72
182 120 28
182 126 82
182 138 10
182 139 61
182 150 84
182 154 63
182 155 29
182 156 49
182 157 88
182 158 73
182 159 73
182 161 50
182 166 24
182 170 25
182 179 15
182 181 26
183 0 81
183 2 95
183 8 125
183 9 72
183 10 29
183 15 23
183 19 10
183 22 94
183 23 45
183 24 38
183 26 27
183 36 87
183 41 43
183 44 81
183 45 86
183 49 98
183 52 82
183 54 53
183 57 30
183 58 68
183 59 42
183 62 28
183 63 49
183 69 116
183 70 94
183 73 73
183 74 66
183 75 62
183 76 89
183 77 43
183 84 56
183 86 58
183 88 90
183 92 77
183 94 27
183 96 65
183 98 77
183 100 21
183 101 60
183 104 71
183 108 90
183 110 93
183 111 53
183 112 97
183 115 71
183 116 71
183 119 26
183 125 35
183 126 24
183 129 48
183 132 28
183 135 91
183 138 77
183 141 57
183 143 12
183 150 19
183 152 68
183 155 99
183 165 9
183 169 71
183 171 31
184 0 45
184 3 30
184 8 95
184 14 74
184 23 77
184 26 57
184 28 67
184 36 61
184 42 41
184 44 89
184 45 89
184 50 38
184 59 62
184 67 94
184 68 87
184 73 76
184 81 98
184 85 66
184 86 62
184 88 94
184 90 65
184 94 71
184 97 77
184 98 44
184 99 54
184 102 17
184 104 31
184 105 66
184 107 99
184 108 96
184 111 40
184 112 97
184 115 89
184 119 47
184 120 45
184 121 90
184 125 26
184 131 89
184 134 69
184 140 46
184 141 65
184 145 73
184 146 61
184 148 25
184 152 54
184 153 61
184 157 105
184 162 30
184 163 58
184 168 27
184 172 83
184 175 76
184 176 36
184 179 18
184 180 68
184 182 33
185 4 12
185 8 22
185 9 31
185 14 37
185 19 105
185 21 99
185 22 14
185 24 83
185 28 70
185 29 16
185 30 85
185 32 79
185 37 87
185 44 53
185 48 8
185 49 24
185 51 46
185 56 36
185 59 69
185 61 88
185 63 89
185 68 12
185 73 45
185 75 67
185 76 45
185 82 65
185 84 49
185 86 51
185 87 62
185 88 50
185 91 94
185 92 30
185 94 96
185 95 97
185 97 35
185 102 73
185 103 67
185 107 79
185 108 52
185 110 20
185 113 88
185 116 80
185 120 49
185 123 54
185 133 25
185 138 35
185 145 89
185 146 81
185 150 110
185 151 25
185 152 35
185 155 25
185 157 80
185 158 63
185 159 89
185 163 30
185 165 102
185 174 43
185 179 60
185 181 31
185 184 78
186 0 42
186 1 32
186 2 59
186 3 58
186 8 39
186 10 65
186 14 19
186 16 37
186 19 94
186 34 39
186 35 37
186 36 25
186 38 33
186 40 76
186 43 51
186 44 32
186 45 26
186 47 55
186 51 48
186 53 89
186 54 44
186 55 81
186 59 56
186 63 72
186 64 32
186 65 67
186 66 16
186 68 13
186 71 38
186 76 24
186 84 48
186 89 60
186 91 78
186 97 16
186 98 41
186 99 69
186 111 46
186 118 10
186 119 68
186 126 93
186 129 50
186 133 9
186 134 83
186 137 31
186 143 84
186 147 60
186 151 43
186 154 84
186 157 59
186 158 42
186 161 68
186 163 47
186 165 92
186 168 63
186 169 57
186 173 47
186 182 51
186 184 82
187 7 18
187 9 4
187 10 39
187 11 27
187 26 46
187 31 51
187 34 12
187 36 23
187 38 38
187 42 53
187 43 24
187 44 34
187 47 33
187 48 30
187 53 63
187 57 42
187 61 57
187 65 47
187 67 48
187 68 37
187 74 21
187 86 17
187 91 59
187 94 60
187 95 62
187 97 20
187 98 26
187 101 19
187 105 62
187 108 40
187 111 19
187 120 15
187 122 57
187 123 24
187 126 70
187 139 32
187 146 45
187 147 33
187 153 40
187 155 41
187 164 64
187 165 66
187 168 44
187 172 31
187 178 41
187 181 43
187 182 31
187 186 27
188 1 31
188 2 75
188 3 44
188 6 55
188 7 46
188 9 34
188 12 22
188 16 77
188 20 47
188 27 34
188 28 26
188 33 18
188 36 49
188 41 8
188 42 22
188 47 33
188 50 6
188 52 43
188 57 19
188 59 20
188 62 21
188 64 65
188 65 32
188 66 49
188 67 54
188 68 68
188 69 77
188 70 61
188 79 13
188 83 28
188 90 24
188 98 41
188 100 25
188 103 46
188 105 35
188 108 61
188 110 56
188 112 65
188 113 29
188 116 56
188 118 68
188 119 13
188 121 68
188 122 35
188 127 32
188 129 10
188 130 37
188 131 60
188 134 36
188 139 38
188 141 26
188 143 26
188 150 47
188 154 28
188 155 62
188 157 64
188 159 36
188 163 63
188 164 55
188 165 37
188 172 45
188 175 58
188 177 55
188 178 57
188 180 29
188 181 61
188 185 65
188 187 30
189 6 19
189 8 94
189 14 43
189 17 82
189 21 76
189 24 98
189 25 45
189 26 62
189 29 79
189 34 59
189 37 60
189 40 97
189 42 82
189 43 77
189 44 24
189 47 89
189 50 69
189 60 46
189 62 61
189 65 48
189 68 68
189 70 37
189 75 103
189 78 20
189 80 61
189 82 15
189 85 61
189 87 17
189 90 50
189 96 99
189 100 67
189 105 71
189 106 73
189 107 13
189 110 57
189 116 17
189 119 69
189 121 60
189 122 60
189 126 72
189 128 87
189 129 68
189 135 57
189 136 48
189 137 57
189 138 85
189 140 70
189 144 43
189 147 77
189 150 79
189 157 6
189 163 98
189 165 80
189 168 101
189 170 111
189 172 26
189 175 67
189 176 75
189 177 118
189 178 98
189 180 52
189 183 87
189 185 77
189 187 57
190 5 42
190 8 106
190 12 62
190 16 100
190 18 86
190 19 42
190 26 27
190 27 60
190 28 17
190 31 6
190 33 23
190 36 74
190 37 23
190 39 66
190 40 70
190 41 49
190 43 58
190 52 69
190 58 62
190 64 52
190 65 11
190 70 57
190 71 41
190 73 41
190 78 51
190 79 54
190 82 49
190 98 75
190 101 59
190 103 23
190 106 77
190 112 58
190 115 25
190 118 75
190 121 76
190 129 47
190 134 27
190 143 46
190 147 53
190 148 60
190 149 26
190 151 96
190 152 54
190 153 20
190 155 92
190 156 53
190 157 33
190 158 35
190 159 13
190 175 75
190 176 58
190 179 80
190 182 75
191 0 49
191 2 65
191 3 51
191 6 47
191 7 41
191 9 33
191 10 11
191 13 64
191 16 78
191 21 34
191 24 39
191 27 35
191 29 78
191 30 31
191 32 60
191 38 48
191 41 17
191 42 28
191 45 48
191 48 59
191 49 64
191 50 13
191 51 34
191 52 44
191 53 35
191 57 13
191 63 36
191 65 24
191 67 44
191 70 54
191 71 49
191 72 52
191 74 35
191 76 50
191 80 21
191 82 60
191 89 12
191 92 43
191 93 21
191 94 32
191 102 62
191 106 55
191 108 53
191 109 42
191 111 19
191 112 58
191 115 39
191 117 36
191 119 14
191 121 64
191 122 29
191 125 25
191 128 33
191 131 55
191 132 24
191 135 50
191 138 46
191 139 28
191 140 15
191 142 14
191 143 30
191 146 17
191 150 45
191 153 14
191 154 29
191 157 55
191 161 14
191 165 37
191 166 20
191 168 53
191 171 24
191 181 65
191 184 51
191 186 54
192 6 55
192 7 42
192 13 50
192 15 26
192 19 48
192 20 39
192 21 43
192 23 42
192 24 31
192 26 28
192 31 49
192 32 47
192 33 25
192 43 12
192 44 51
192 47 26
192 50 2
192 52 36
192 54 8
192 57 26
192 61 33
192 63 50
192 67 55
192 68 61
192 69 70
192 72 38
192 80 14
192 82 68
192 90 30
192 94 45
192 95 39
192 96 33
192 103 47
192 105 43
192 106 48
192 107 60
192 112 61
192 114 62
192 116 59
192 117 46
192 119 21
192 124 4
192 125 18
192 133 61
192 134 43
192 140 21
192 141 26
192 143 34
192 147 9
192 153 28
192 159 43
192 160 46
192 161 21
192 165 45
192 166 6
192 170 44
192 173 48
192 175 51
192 178 49
192 180 36
192 182 30
192 190 47
193 5 29
193 6 44
193 11 6
193 13 67
193 17 60
193 20 54
193 24 42
193 26 16
193 35 32
193 36 51
193 37 22
193 44 42
193 47 42
193 50 16
193 55 34
193 57 13
193 60 20
193 70 52
193 75 51
193 91 34
193 92 44
193 93 18
193 94 31
193 100 23
193 105 33
193 109 41
193 110 52
193 111 21
193 112 56
193 114 67
193 118 63
193 124 13
193 129 17
193 131 54
193 141 16
193 144 12
193 146 16
193 147 23
193 150 45
193 151 70
193 152 30
193 159 27
193 160 62
193 165 38
193 167 36
193 168 56
193 171 23
193 176 29
193 179 49
193 183 41
193 185 65
193 186 53
193 187 29
193 192 16
194 4 19
194 12 73
194 13 68
194 15 78
194 16 24
194 19 98
194 22 15
194 23 75
194 24 79
194 26 74
194 27 25
194 30 80
194 32 77
194 44 45
194 45 39
194 49 28
194 51 43
194 56 32
194 65 75
194 66 9
194 70 33
194 71 51
194 74 38
194 86 43
194 87 54
194 88 42
194 90 68
194 91 86
194 95 91
194 99 73
194 108 45
194 109 99
194 111 45
194 116 72
194 125 68
194 129 50
194 130 91
194 131 25
194 141 48
194 142 48
194 147 59
194 151 30
194 152 28
194 161 71
194 163 33
194 164 76
194 166 48
194 167 27
194 168 53
194 169 48
194 171 79
194 174 36
194 177 76
194 179 58
194 181 34
194 183 97
194 186 13
194 189 69
194 190 76
195 1 58
195 5 18
195 10 18
195 14 59
195 18 78
195 19 18
195 20 77
195 23 20
195 27 61
195 28 23
195 31 31
195 32 75
195 33 16
195 36 76
195 39 71
195 41 38
195 49 90
195 60 44
195 65 15
195 68 90
195 72 75
195 73 53
195 75 67
195 77 52
195 81 66
195 88 68
195 89 17
195 92 69
195 93 36
195 94 7
195 96 68
195 97 63
195 98 71
195 99 12
195 104 68
195 105 8
195 108 68
195 110 77
195 113 2
195 115 47
195 120 43
195 123 45
195 125 38
195 126 15
195 128 29
195 129 39
195 131 76
195 134 5
195 135 75
195 137 51
195 138 71
195 144 31
195 149 2
195 154 15
195 158 56
195 166 44
195 167 61
195 173 86
195 177 82
195 178 87
195 181 91
195 182 68
195 184 65
195 186 78
195 189 63
195 191 26
195 193 25
196 3 63
196 6 75
196 7 53
196 9 52
196 12 95
196 16 10
196 18 58
196 21 120
196 27 50
196 30 104
196 34 68
196 39 40
196 43 71
196 44 71
196 55 117
196 57 99
196 60 68
196 61 106
196 70 57
196 71 76
196 74 59
196 88 67
196 90 97
196 92 47
196 93 80
196 97 54
196 98 50
196 99 101
196 102 85
196 103 86
196 107 98
196 111 71
196 113 109
196 116 99
196 118 36
196 126 127
196 128 111
196 135 39
196 137 60
196 139 82
196 141 76
196 144 82
196 146 101
196 148 99
196 149 114
196 153 97
196 154 113
196 158 81
196 161 98
196 163 37
196 165 123
196 171 108
196 172 75
196 173 43
196 175 30
196 179 74
196 180 104
196 181 39
196 182 60
196 184 93
196 191 85
196 192 78
196 194 28
196 195 111
197 8 108
197 11 24
197 13 92
197 19 33
197 21 28
197 26 18
197 29 97
197 33 17
197 34 42
197 37 13
197 42 39
197 48 79
197 49 90
197 50 41
197 51 62
197 52 68
197 60 38
197 61 55
197 71 48
197 72 80
197 73 44
197 74 63
197 80 46
197 81 53
197 83 13
197 84 54
197 86 34
197 92 70
197 94 15
197 96 75
197 99 21
197 101 56
197 103 30
197 107 35
197 109 28
197 112 64
197 114 87
197 115 32
197 117 28
197 120 44
197 121 79
197 124 38
197 125 48
197 127 4
197 130 21
197 132 43
197 133 76
197 134 18
197 136 61
197 137 48
197 138 73
197 139 28
197 141 30
197 146 14
197 148 52
197 156 55
197 157 42
197 166 48
197 170 85
197 177 91
197 184 75
197 185 86
197 187 51
197 189 48
198 0 33
198 3 50
198 4 8
198 7 37
198 11 66
198 14 41
198 15 86
198 23 86
198 28 74
198 36 19
198 39 22
198 42 90
198 44 57
198 47 52
198 48 12
198 49 22
198 51 48
198 55 100
198 56 38
198 58 38
198 59 72
198 60 51
198 65 86
198 68 15
198 74 43
198 75 67
198 79 60
198 89 76
198 95 100
198 96 61
198 101 47
198 102 73
198 104 47
198 106 12
198 118 26
198 119 80
198 121 24
198 122 96
198 125 75
198 131 35
198 134 99
198 141 59
198 142 59
198 145 92
198 149 96
198 150 113
198 152 38
198 154 96
198 155 23
198 156 37
198 160 62
198 170 68
198 177 76
198 180 86
198 184 78
198 186 25
198 187 39
198 190 88
198 193 68
198 196 17
199 1 36
199 2 74
199 36 55
199 37 22
199 38 57
199 57 13
199 60 30
199 64 66
199 66 54
199 67 52
199 75 44
199 76 59
199 80 26
199 88 61
199 89 16
199 94 31
199 95 26
199 97 50
199 98 47
199 102 58
199 103 44
199 104 44
199 113 23
199 115 47
199 116 54
199 119 7
199 123 20
199 133 70
199 135 58
199 136 54
199 137 31
199 139 37
199 144 24
199 147 16
199 153 17
199 156 49
199 158 54
199 159 30
199 161 7
199 163 69
199 164 59
199 165 31
199 166 20
199 168 52
199 176 27
199 180 24
199 184 44
199 185 70
199 188 6
199 189 66
199 190 37
199 194 64
