200 5970
-1
90 69 75
76 7 92
52 23 92
47 15 83
45 12 94
39 44 86
43 58 78
89 68 73
48 64 96
34 65 94
21 75 89
81 47 74
50 63 82
6 27 79
49 48 75
96 47 75
13 51 74
66 31 82
37 1 73
67 60 73
72 10 84
13 79 100
34 76 70
38 27 72
83 52 72
91 42 88
80 19 81
16 53 95
1 13 82
52 68 80
95 60 81
37 86 95
54 100 98
72 29 97
14 68 93
12 82 81
43 72 70
26 15 90
2 16 99
9 84 98
2 45 74
79 73 74
28 74 73
96 15 86
78 90 75
26 35 88
1 95 94
89 95 71
87 89 99
29 69 83
65 9 76
35 7 80
57 56 88
3 33 80
9 4 94
85 77 83
37 25 87
49 53 78
99 64 92
21 96 96
91 77 81
94 21 83
6 58 74
24 77 90
82 10 84
19 89 84
68 91 77
52 89 83
43 45 79
14 65 82
1 15 87
80 32 99
62 99 70
96 84 85
32 25 83
18 23 87
91 49 84
84 80 82
11 31 81
61 42 79
28 16 86
22 27 82
82 13 92
93 78 83
1 16 87
82 38 85
90 11 96
18 0 92
3 19 97
73 53 70
79 92 94
29 64 83
67 73 77
14 50 97
39 45 78
89 95 96
95 55 87
64 6 85
86 11 93
40 21 75
70 97 91
16 98 77
44 35 77
52 67 85
53 73 99
44 91 74
68 79 73
34 26 100
86 42 83
73 42 84
33 7 71
94 75 89
19 38 77
28 81 100
47 78 79
62 5 98
10 52 90
70 95 72
97 68 75
78 45 95
94 17 79
4 63 100
40 26 81
12 83 71
89 15 99
62 88 93
76 82 100
8 23 71
65 70 78
51 4 73
80 60 76
24 88 85
71 85 98
12 85 97
79 20 70
58 48 76
12 1 98
55 99 82
64 7 92
57 95 91
72 13 82
9 92 89
86 21 94
88 66 75
30 32 79
9 8 76
45 58 84
8 36 93
53 79 73
22 41 93
32 56 86
39 10 98
8 44 83
32 83 81
71 83 79
28 79 92
46 53 73
4 82 73
8 34 72
51 83 87
1 75 79
75 21 91
57 94 92
0 97 81
23 41 98
76 88 95
36 34 84
82 76 94
49 95 99
45 56 99
81 98 84
36 23 97
89 15 80
27 85 85
34 23 72
70 40 98
94 25 83
47 62 99
77 38 95
16 4 90
69 93 74
11 27 99
66 37 83
80 54 99
87 91 82
34 51 96
6 94 95
54 70 70
4 9 74
20 76 75
92 96 84
7 36 74
22 98 87
87 56 87
76 87 99
11 83 79
27 34 84
94 64 85
94 71 70
63 66 78
-1
3 0 69
3 1 30
5 0 56
5 3 30
7 2 58
8 6 7
10 0 69
10 2 60
11 2 37
11 5 42
12 0 40
12 6 8
13 0 93
13 6 48
13 8 55
14 4 36
14 7 44
15 9 64
15 11 15
15 12 48
16 2 48
16 3 49
16 4 50
16 5 26
16 6 30
16 8 37
16 14 36
17 5 29
17 7 43
17 8 37
17 11 21
17 15 34
18 1 39
18 10 75
18 11 63
18 12 63
18 15 74
19 2 39
19 4 52
19 5 32
19 9 33
19 11 19
19 12 17
19 15 31
19 16 54
20 0 61
20 3 25
20 4 27
20 9 66
20 13 68
20 14 44
20 16 71
20 17 21
21 0 77
21 4 74
21 12 40
21 17 71
22 1 80
22 3 62
22 5 32
22 7 55
22 9 11
22 11 55
22 13 56
22 15 68
22 16 32
22 20 76
23 1 42
23 5 17
23 6 31
23 7 65
23 10 50
23 12 37
23 14 23
23 15 61
23 18 26
23 21 57
23 22 49
24 1 45
24 7 17
24 14 34
24 18 68
24 22 54
25 0 27
25 5 52
25 9 61
25 15 7
25 16 78
25 22 66
26 4 35
26 5 48
26 8 55
26 11 28
26 12 53
26 14 42
26 19 43
26 21 89
26 23 42
27 2 46
27 4 50
27 5 24
27 6 27
27 7 74
27 14 33
27 18 56
27 24 67
28 0 105
28 1 75
28 5 49
28 6 61
28 7 103
28 9 61
28 12 70
28 13 14
28 14 59
28 15 100
28 17 67
28 19 81
28 20 71
29 15 48
29 21 40
29 22 19
29 23 43
29 26 56
29 27 39
30 2 56
30 4 69
30 8 47
30 11 19
30 16 82
30 17 41
30 18 82
30 19 28
30 22 63
30 26 43
30 27 79
31 0 55
31 3 71
31 9 21
31 15 70
31 16 42
31 18 85
31 20 83
31 22 10
31 26 79
31 27 39
31 29 23
31 30 63
32 5 57
32 7 47
32 9 40
32 10 41
32 19 42
32 22 31
32 24 56
32 26 85
32 27 60
33 1 22
33 2 20
33 8 42
33 12 40
33 16 62
33 17 6
33 22 60
33 27 60
33 30 38
33 31 66
34 5 34
34 10 9
34 12 36
34 16 17
34 17 63
34 21 11
34 28 56
35 3 75
35 8 40
35 9 27
35 23 60
35 27 29
35 29 42
35 30 85
35 33 80
36 3 57
36 4 60
36 7 46
36 15 58
36 23 45
36 30 53
36 31 15
36 33 51
37 0 83
37 3 21
37 4 19
37 5 31
37 9 50
37 10 60
37 12 53
37 13 23
37 15 76
37 19 60
37 21 65
37 22 61
37 27 39
37 30 82
37 31 71
37 34 54
37 35 68
37 36 59
38 1 74
38 3 45
38 11 84
38 14 56
38 17 65
38 21 63
38 24 88
38 26 78
38 27 39
38 31 78
38 32 98
38 34 53
38 35 66
39 0 82
39 3 78
39 4 80
39 7 81
39 10 15
39 13 57
39 15 94
39 16 33
39 18 87
39 19 62
39 23 63
39 28 71
39 30 89
39 31 28
39 33 83
39 35 3
39 37 71
40 4 54
40 5 37
40 8 49
40 9 37
40 19 66
40 22 44
40 23 40
40 24 81
40 25 89
40 26 82
40 27 16
40 28 32
40 29 55
40 32 75
40 35 38
40 36 49
40 39 39
41 0 11
41 2 56
41 7 11
41 14 39
41 16 69
41 21 66
41 23 61
41 24 21
41 26 54
41 28 98
42 0 62
42 9 10
42 11 59
42 12 24
42 14 33
42 16 27
42 17 57
42 18 73
42 20 77
42 21 15
42 22 6
42 26 75
42 30 68
42 31 15
42 33 62
42 38 63
42 39 21
42 40 38
43 5 63
43 7 53
43 12 66
43 13 90
43 14 57
43 18 60
43 26 16
43 35 107
43 36 77
43 38 94
43 41 60
44 2 71
44 3 81
44 4 84
44 5 60
44 8 39
44 11 43
44 17 60
44 20 80
44 23 74
44 29 34
44 33 61
44 39 69
44 40 88
45 2 28
45 12 36
45 22 41
45 24 59
45 30 73
45 31 52
45 35 49
45 37 20
45 42 39
46 2 88
46 10 28
46 11 93
46 14 67
46 17 91
46 23 77
46 24 92
46 32 53
46 33 96
46 38 79
47 1 88
47 5 71
47 8 51
47 10 70
47 19 41
47 20 86
47 22 58
47 23 85
47 24 43
47 25 53
47 27 84
47 31 52
47 35 78
47 36 51
47 37 101
47 43 80
48 2 74
48 5 65
48 6 53
48 9 58
48 13 102
48 15 42
48 17 61
48 18 101
48 21 74
48 22 54
48 35 75
48 40 95
48 42 60
48 47 6
49 1 77
49 4 59
49 5 26
49 7 60
49 13 47
49 14 29
49 17 53
49 18 68
49 19 39
49 23 42
49 28 62
49 31 18
49 34 15
49 36 14
49 43 86
49 48 61
50 3 18
50 9 64
50 15 49
50 18 29
50 20 7
50 21 87
50 24 46
50 30 59
50 33 21
50 36 66
50 42 74
50 44 82
50 46 107
51 0 82
51 2 23
51 3 14
51 17 39
51 21 75
51 22 69
51 24 65
51 26 46
51 30 80
51 31 79
51 32 94
51 36 65
51 40 50
51 42 67
51 44 93
51 45 29
51 46 94
51 48 97
52 3 42
52 4 45
52 5 21
52 7 34
52 9 24
52 10 40
52 25 36
52 26 43
52 27 41
52 28 70
52 31 36
52 32 44
52 33 30
52 36 21
52 40 56
52 45 37
52 47 50
53 3 47
53 9 44
53 10 45
53 17 63
53 26 78
53 34 36
53 36 55
53 38 17
53 40 12
53 45 23
53 46 62
54 1 67
54 2 47
54 13 23
54 16 47
54 18 28
54 32 106
54 40 41
54 42 72
54 51 26
55 7 9
55 9 52
55 13 93
55 16 76
55 17 49
55 18 89
55 19 24
55 23 68
55 27 73
55 28 105
55 43 62
55 45 72
55 46 85
56 1 42
56 2 15
56 4 15
56 6 33
56 7 67
56 11 49
56 14 25
56 17 29
56 19 46
56 26 43
56 32 76
56 33 35
56 35 62
56 40 40
56 42 49
56 45 14
56 47 87
56 51 18
56 53 34
57 2 30
57 3 38
57 8 11
57 17 27
57 20 48
57 22 27
57 24 34
57 27 33
57 31 35
57 32 47
57 36 19
57 37 44
57 40 47
57 41 36
57 42 29
57 43 60
57 47 58
57 52 8
57 56 30
58 8 51
58 9 65
58 12 49
58 13 100
58 16 86
58 17 46
58 18 88
58 19 32
58 21 87
58 23 71
58 25 23
58 28 110
58 31 65
58 33 44
58 34 85
58 36 56
58 37 87
58 40 98
58 41 21
58 42 71
58 43 49
58 49 70
58 50 64
58 55 19
58 57 51
59 0 74
59 1 104
59 2 79
59 6 43
59 7 73
59 11 77
59 13 70
59 14 55
59 15 89
59 23 71
59 24 76
59 25 88
59 35 16
59 37 81
59 41 62
59 42 23
59 43 110
59 47 68
59 48 66
59 53 65
59 56 72
59 57 51
59 58 84
60 0 8
60 3 76
60 6 51
60 7 9
60 10 70
60 11 31
60 14 51
60 18 93
60 21 78
60 22 57
60 27 78
60 28 110
60 30 17
60 37 89
60 42 63
60 45 77
60 47 18
60 48 12
60 50 72
60 51 89
60 53 98
60 56 74
61 3 47
61 11 29
61 15 26
61 17 29
61 18 60
61 20 24
61 22 81
61 23 56
61 27 84
61 29 63
61 31 86
61 32 88
61 36 72
61 38 92
61 40 95
61 41 54
61 43 6
61 44 70
61 46 118
61 48 68
61 56 57
61 60 56
62 1 86
62 4 60
62 10 22
62 11 75
62 15 90
62 21 22
62 25 86
62 27 11
62 31 41
62 32 63
62 35 24
62 36 39
62 39 26
62 41 74
62 42 27
62 43 99
62 44 78
62 46 37
62 47 90
62 52 51
62 54 54
62 55 81
62 57 43
62 58 93
63 7 65
63 8 27
63 11 64
63 13 53
63 18 77
63 19 46
63 22 10
63 23 51
63 26 80
63 28 68
63 34 13
63 35 13
63 36 19
63 39 16
63 41 55
63 42 5
63 45 42
63 53 48
63 57 34
63 60 67
64 1 6
64 4 37
64 13 77
64 19 52
64 20 10
64 22 81
64 23 47
64 32 94
64 35 100
64 39 103
64 44 80
64 46 117
64 51 47
64 53 82
64 58 56
64 59 105
64 60 67
64 61 16
65 1 99
65 4 81
65 14 50
65 15 87
65 17 74
65 22 19
65 25 85
65 26 92
65 27 36
65 28 78
65 33 80
65 35 9
65 39 11
65 41 62
65 47 70
65 55 67
65 62 33
65 63 13
66 2 69
66 3 78
66 5 55
66 6 41
66 7 31
66 10 49
66 11 45
66 12 33
66 17 60
66 18 95
66 19 31
66 21 56
66 22 37
66 23 70
66 25 54
66 30 41
66 31 31
66 33 62
66 40 80
66 43 80
66 45 70
66 53 87
66 58 41
66 59 47
66 62 70
66 65 49
67 1 85
67 3 74
67 8 25
67 9 30
67 10 34
67 11 51
67 16 54
67 23 63
67 26 75
67 29 21
67 30 51
67 35 40
67 40 66
67 45 59
67 46 51
67 53 74
67 55 35
67 60 40
67 61 79
68 1 50
68 2 23
68 5 4
68 6 13
68 8 19
68 9 21
68 14 6
68 20 45
68 36 27
68 37 34
68 41 45
68 45 19
68 46 65
68 48 62
68 50 42
68 52 17
68 55 52
68 58 59
68 59 55
68 62 39
68 63 37
68 67 44
69 0 76
69 5 32
69 9 20
69 13 38
69 15 83
69 16 14
69 18 68
69 19 53
69 20 79
69 23 44
69 27 12
69 28 53
69 34 3
69 37 51
69 38 50
69 43 96
69 52 43
69 53 33
69 56 46
69 57 37
69 60 77
69 62 10
69 63 15
69 64 87
69 65 24
69 66 59
70 1 75
70 12 68
70 13 13
70 15 100
70 16 37
70 18 38
70 22 69
70 24 89
70 26 79
70 28 2
70 32 100
70 33 72
70 35 67
70 43 95
70 49 60
70 51 34
70 54 13
70 59 83
70 66 101
71 5 42
71 7 37
71 12 43
71 14 34
71 15 21
71 18 53
71 19 30
71 23 42
71 25 14
71 29 45
71 36 54
71 37 56
71 39 88
71 41 41
71 43 23
71 44 58
71 45 54
71 47 63
71 50 27
71 52 33
71 57 37
71 62 78
71 65 83
71 67 63
71 68 39
71 69 73
72 0 41
72 3 85
72 5 59
72 8 37
72 11 55
72 12 37
72 14 52
72 15 62
72 19 39
72 22 36
72 24 51
72 30 51
72 32 8
72 36 33
72 39 55
72 47 27
72 48 26
72 50 90
72 52 43
72 53 88
72 54 108
72 58 50
72 61 84
72 62 69
72 66 10
72 67 14
72 70 103
73 1 79
73 2 75
73 5 69
73 9 64
73 13 106
73 15 37
73 16 89
73 20 77
73 23 81
73 26 66
73 27 85
73 29 46
73 31 59
73 34 83
73 36 54
73 43 69
73 45 85
73 50 81
73 62 93
73 69 84
73 71 54
73 72 37
74 2 20
74 4 18
74 10 51
74 13 26
74 14 28
74 18 24
74 20 42
74 22 51
74 24 57
74 28 33
74 32 78
74 35 60
74 38 31
74 41 67
74 42 49
74 44 79
74 45 11
74 49 44
74 53 30
74 56 5
74 62 42
74 63 52
74 64 52
74 66 75
74 69 43
75 5 29
75 6 43
75 10 52
75 21 56
75 24 71
75 27 30
75 28 19
75 30 85
75 31 65
75 32 85
75 35 59
75 37 11
75 40 27
75 47 101
75 48 95
75 50 49
75 53 18
75 54 21
75 58 90
75 59 73
75 60 90
75 61 76
75 64 65
75 65 66
75 69 42
75 71 62
76 2 46
76 10 74
76 13 87
76 15 5
76 17 30
76 19 26
76 21 83
76 23 57
76 24 8
76 25 7
76 31 65
76 34 79
76 36 53
76 39 89
76 41 26
76 44 43
76 51 70
76 57 42
76 59 84
76 62 85
76 63 72
76 67 55
76 69 78
76 72 57
77 3 74
77 8 39
77 9 52
77 11 33
77 12 38
77 27 73
77 30 22
77 32 36
77 33 52
77 34 71
77 37 87
77 40 89
77 43 66
77 45 73
77 46 84
77 47 15
77 50 73
77 56 72
77 63 60
77 64 70
77 70 105
77 71 48
77 72 29
77 75 87
78 6 41
78 11 71
78 13 6
78 14 41
78 15 86
78 19 63
78 20 64
78 22 50
78 28 20
78 35 51
78 37 21
78 41 79
78 43 86
78 45 15
78 50 58
78 52 52
78 53 8
78 56 26
78 62 27
78 68 34
78 74 21
79 3 30
79 5 22
79 7 38
79 9 35
79 10 51
79 15 35
79 17 12
79 20 33
79 21 60
79 25 30
79 29 27
79 33 17
79 34 53
79 35 63
79 40 59
79 44 50
79 47 59
79 49 41
79 50 33
79 56 29
79 57 16
79 58 43
79 59 67
79 64 38
79 65 63
79 67 47
79 75 47
80 0 81
80 1 48
80 2 25
80 6 44
80 7 80
80 11 61
80 15 74
80 17 40
80 18 17
80 22 60
80 23 14
80 24 65
80 41 76
80 42 58
80 43 68
80 45 19
80 46 83
80 49 53
80 56 12
80 58 85
80 59 80
80 65 73
80 66 85
80 69 50
80 70 27
80 72 89
80 79 42
81 5 24
81 6 37
81 11 62
81 12 45
81 13 16
81 18 30
81 21 52
81 33 50
81 37 12
81 40 26
81 42 47
81 46 71
81 49 42
81 50 46
81 51 23
81 55 80
81 56 15
81 57 37
81 67 68
81 71 58
81 72 82
81 74 10
81 75 5
81 76 72
81 79 41
82 1 8
82 8 61
82 18 46
82 20 10
82 27 77
82 28 81
82 29 62
82 31 85
82 34 87
82 38 80
82 40 86
82 51 47
82 53 81
82 58 53
82 65 98
82 69 85
82 70 81
82 74 51
82 75 64
82 77 67
83 1 73
83 4 81
83 10 72
83 14 53
83 16 84
83 20 71
83 26 60
83 27 80
83 31 56
83 36 50
83 42 65
83 45 79
83 46 93
83 47 17
83 49 64
83 51 91
83 53 100
83 59 74
83 64 68
83 65 74
83 66 28
83 67 42
83 70 111
83 71 47
83 74 80
84 1 75
84 2 51
84 6 59
84 11 85
84 13 12
84 16 37
84 19 79
84 20 71
84 25 93
84 33 72
84 37 25
84 39 68
84 42 63
84 43 95
84 46 79
84 47 118
84 54 14
84 59 82
84 60 108
84 61 93
84 62 42
84 63 65
84 64 81
84 72 103
84 73 116
85 3 41
85 11 9
85 14 34
85 15 16
85 18 58
85 20 29
85 26 19
85 29 42
85 30 25
85 32 68
85 34 74
85 38 82
85 39 86
85 42 64
85 45 56
85 47 57
85 48 51
85 49 61
85 51 56
85 52 30
85 59 84
85 63 69
85 66 54
85 70 84
85 72 64
85 73 48
85 75 65
85 76 14
85 77 42
85 78 71
86 0 58
86 1 14
86 3 43
86 5 60
86 30 49
86 32 96
86 38 88
86 41 62
86 49 84
86 51 55
86 52 55
86 54 81
86 55 66
86 60 66
86 62 96
86 65 105
86 68 58
86 70 89
86 74 59
86 75 72
86 79 42
86 84 89
87 4 29
87 10 75
87 11 78
87 13 29
87 14 57
87 15 91
87 32 106
87 37 17
87 45 35
87 49 69
87 54 9
87 56 31
87 59 96
87 61 78
87 68 51
87 71 69
87 75 23
87 76 87
87 77 103
87 79 60
87 82 65
87 84 23
88 1 73
88 10 58
88 12 64
88 13 8
88 15 97
88 17 64
88 18 38
88 24 86
88 26 77
88 29 69
88 35 63
88 36 66
88 39 65
88 40 26
88 41 93
88 44 103
88 46 76
88 49 56
88 54 16
88 57 57
88 59 79
88 60 105
88 64 79
88 65 71
88 67 85
88 69 47
88 72 99
89 1 46
89 4 49
89 6 30
89 8 27
89 10 56
89 12 25
89 17 23
89 18 63
89 20 43
89 28 82
89 30 23
89 33 24
89 34 60
89 39 71
89 52 16
89 54 80
89 55 26
89 57 24
89 64 43
89 72 47
89 74 49
89 76 18
89 78 65
89 79 16
89 81 57
89 84 80
90 1 85
90 2 74
90 3 83
90 4 86
90 8 41
90 14 53
90 15 48
90 16 77
90 18 100
90 23 76
90 27 74
90 29 36
90 33 63
90 35 67
90 38 108
90 42 54
90 43 78
90 45 77
90 48 8
90 49 55
90 55 16
90 59 58
90 60 19
90 62 80
90 63 57
90 64 82
90 65 60
90 66 11
90 73 18
90 75 92
90 76 44
90 79 53
90 82 79
90 85 54
90 87 110
90 88 105
91 0 61
91 1 73
91 4 54
91 6 15
91 12 21
91 20 69
91 22 13
91 29 23
91 30 66
91 34 15
91 37 49
91 38 55
91 41 50
91 43 83
91 44 55
91 52 29
91 53 40
91 59 32
91 70 56
91 74 39
91 76 63
91 77 57
91 85 59
91 86 80
91 89 45
92 0 23
92 2 52
92 4 64
92 5 40
92 6 28
92 10 46
92 11 29
92 13 76
92 17 42
92 22 33
92 30 30
92 44 20
92 54 90
92 55 18
92 57 26
92 62 62
92 68 36
92 75 70
92 76 33
92 79 31
92 80 69
92 82 61
92 86 66
92 87 87
92 91 39
93 2 46
93 6 30
93 8 36
93 18 54
93 24 69
93 31 42
93 33 61
93 38 36
93 43 89
93 50 65
93 58 86
93 59 46
93 67 54
93 73 88
93 78 19
93 81 24
93 82 77
93 86 85
93 87 50
93 89 59
93 90 77
93 91 20
93 92 57
94 0 56
94 4 33
94 5 1
94 10 34
94 11 42
94 13 37
94 24 44
94 28 49
94 29 26
94 31 41
94 35 45
94 36 27
94 43 64
94 44 59
94 49 26
94 51 38
94 52 21
94 55 56
94 62 35
94 67 45
94 69 32
94 74 21
94 76 52
94 79 22
94 82 53
94 84 47
94 86 61
94 89 34
94 92 39
94 93 25
95 4 93
95 5 71
95 16 87
95 17 68
95 18 107
95 20 86
95 24 43
95 26 76
95 29 45
95 31 52
95 37 101
95 39 80
95 41 24
95 42 64
95 43 80
95 46 88
95 47 0
95 48 6
95 51 103
95 55 18
95 58 32
95 66 21
95 68 67
95 70 118
95 71 63
95 73 13
95 74 90
95 75 101
95 82 82
95 85 57
95 86 84
95 88 114
95 91 67
95 92 31
95 93 87
96 3 62
96 4 65
96 7 14
96 8 47
96 9 61
96 12 45
96 13 93
96 20 50
96 21 85
96 28 102
96 36 54
96 38 100
96 42 69
96 46 102
96 50 54
96 51 76
96 60 22
96 69 81
96 70 102
96 71 27
96 72 55
96 74 69
96 75 83
96 87 94
96 89 22
96 91 66
96 92 33
96 95 40
97 3 19
97 6 56
97 7 66
97 10 81
97 12 58
97 13 61
97 16 68
97 34 79
97 36 69
97 37 39
97 42 76
97 44 85
97 46 109
97 70 63
97 73 84
97 75 49
97 77 76
97 82 19
97 83 77
97 86 26
97 92 67
97 93 66
98 1 10
98 6 63
98 11 36
98 13 81
98 14 52
98 15 37
98 18 50
98 23 50
98 26 10
98 29 66
98 32 94
98 37 60
98 38 84
98 39 106
98 44 79
98 50 21
98 53 85
98 54 77
98 55 66
98 58 54
98 59 107
98 60 66
98 61 12
98 63 90
98 67 85
98 69 90
98 78 77
98 83 67
98 88 83
98 92 64
98 93 81
98 95 84
98 96 44
99 10 57
99 11 48
99 13 34
99 15 61
99 17 27
99 18 20
99 23 6
99 31 65
99 39 70
99 44 78
99 50 27
99 52 38
99 53 38
99 56 5
99 61 54
99 62 50
99 69 51
99 70 39
99 74 8
99 83 77
99 87 30
99 94 24
99 95 88
99 97 28
99 98 47
100 2 76
100 8 39
100 12 39
100 13 94
100 14 53
100 15 56
100 16 73
100 26 78
100 27 69
100 29 34
100 30 44
100 36 36
100 39 62
100 42 47
100 45 76
100 46 69
100 50 88
100 61 79
100 68 58
100 69 64
100 73 29
100 75 90
100 87 110
100 90 10
100 92 24
101 0 79
101 1 109
101 8 46
101 16 47
101 20 104
101 21 19
101 22 28
101 24 81
101 27 45
101 30 87
101 31 24
101 32 38
101 33 88
101 35 16
101 39 15
101 41 67
101 43 115
101 44 62
101 49 31
101 51 92
101 55 72
101 56 75
101 60 77
101 61 109
101 65 9
101 66 52
101 69 33
101 70 84
101 72 46
101 74 74
101 76 89
101 77 70
101 80 82
101 83 79
101 94 57
101 98 111
102 1 42
102 2 14
102 7 55
102 8 29
102 11 38
102 12 28
102 14 13
102 15 53
102 17 22
102 18 34
102 20 37
102 21 53
102 22 42
102 24 42
102 31 51
102 34 44
102 35 56
102 39 60
102 43 55
102 48 69
102 49 37
102 50 33
102 55 58
102 56 12
102 57 18
102 64 45
102 67 54
102 70 47
102 71 36
102 78 33
102 81 23
102 83 65
102 84 47
102 90 66
102 92 44
102 94 11
102 95 75
102 96 54
103 0 38
103 2 44
103 5 26
103 9 18
103 12 4
103 13 60
103 19 16
103 24 34
103 27 38
103 28 74
103 36 10
103 40 54
103 41 27
103 42 25
103 43 68
103 46 58
103 48 41
103 49 23
103 51 62
103 52 12
103 58 47
103 60 40
103 61 62
103 62 46
103 63 29
103 70 72
103 76 42
103 77 34
103 81 50
103 84 72
103 85 41
103 98 65
103 99 47
104 0 37
104 2 50
104 3 58
104 8 10
104 9 20
104 10 32
104 15 50
104 16 45
104 17 43
104 20 65
104 21 40
104 22 19
104 24 36
104 27 42
104 29 5
104 31 20
104 38 76
104 39 45
104 41 26
104 45 46
104 46 56
104 49 24
104 53 64
104 57 20
104 59 39
104 63 29
104 65 37
104 69 39
104 70 77
104 74 52
104 76 44
104 79 32
104 83 40
104 86 72
104 89 28
104 90 32
104 91 25
104 93 45
104 95 42
104 96 45
104 97 67
105 4 79
105 5 47
105 8 27
105 13 74
105 15 68
105 16 50
105 19 38
105 24 55
105 27 47
105 33 68
105 34 37
105 36 19
105 39 35
105 48 43
105 50 84
105 52 37
105 55 43
105 56 66
105 57 38
105 60 49
105 61 86
105 65 25
105 66 24
105 72 19
105 78 68
105 84 86
105 90 35
105 91 30
105 97 87
105 104 20
106 10 47
106 13 80
106 17 48
106 20 69
106 21 55
106 30 33
106 32 25
106 39 59
106 44 14
106 45 60
106 47 26
106 48 21
106 49 40
106 51 79
106 55 17
106 60 23
106 70 92
106 72 20
106 74 64
106 75 75
106 76 37
106 78 74
106 81 69
106 82 67
106 86 71
106 91 41
106 92 6
106 96 36
106 98 70
106 99 64
106 101 55
106 103 20
106 105 26
107 2 18
107 3 17
107 8 40
107 11 51
107 14 26
107 18 25
107 26 46
107 27 32
107 28 35
107 30 69
107 32 76
107 33 38
107 35 60
107 38 33
107 39 63
107 44 77
107 45 12
107 46 76
107 49 43
107 50 35
107 51 19
107 52 37
107 53 31
107 59 71
107 64 50
107 67 65
107 72 78
107 73 84
107 74 2
107 75 16
107 76 61
107 82 49
107 88 31
107 94 19
107 95 88
107 97 36
107 98 54
107 100 79
107 101 74
107 104 50
107 105 65
107 106 62
108 0 27
108 9 56
108 10 72
108 11 7
108 16 73
108 19 26
108 25 5
108 29 42
108 30 20
108 32 66
108 33 19
108 38 87
108 40 84
108 41 31
108 42 66
108 46 100
108 53 83
108 55 35
108 56 51
108 61 22
108 64 32
108 65 81
108 67 58
108 69 75
108 74 56
108 76 8
108 81 65
108 83 36
108 85 5
108 86 31
108 87 79
108 94 47
108 97 42
108 99 50
108 104 45
108 105 64
109 1 35
109 3 37
109 4 41
109 11 9
109 12 31
109 17 13
109 18 54
109 22 51
109 23 38
109 28 77
109 36 42
109 40 71
109 42 55
109 43 35
109 46 89
109 51 51
109 56 39
109 62 68
109 63 60
109 64 33
109 67 51
109 68 30
109 70 76
109 71 12
109 84 76
109 96 25
109 98 33
109 99 39
109 101 79
109 107 42
109 108 13
110 5 37
110 10 69
110 16 48
110 17 40
110 18 7
110 20 39
110 21 74
110 23 20
110 25 67
110 27 49
110 35 77
110 37 10
110 38 32
110 49 62
110 52 54
110 55 87
110 62 57
110 71 53
110 73 99
110 75 21
110 77 89
110 81 22
110 84 33
110 93 47
110 101 92
110 102 30
110 104 68
110 106 80
110 108 63
111 1 70
111 2 66
111 5 63
111 6 53
111 7 8
111 12 45
111 13 100
111 17 52
111 23 73
111 25 33
111 27 81
111 30 15
111 32 47
111 37 90
111 42 66
111 43 60
111 47 20
111 50 72
111 52 41
111 64 66
111 65 76
111 68 59
111 72 40
111 74 79
111 77 11
111 84 110
111 89 30
111 96 20
111 101 81
111 102 64
111 103 42
111 110 91
112 1 64
112 3 36
112 5 20
112 7 76
112 9 30
112 14 31
112 17 47
112 22 40
112 23 21
112 26 63
112 31 51
112 32 71
112 33 53
112 34 30
112 39 47
112 44 78
112 45 7
112 47 90
112 49 32
112 54 35
112 68 25
112 69 27
112 72 74
112 78 10
112 79 42
112 80 23
112 82 67
112 84 28
112 86 75
112 87 38
112 88 24
112 90 80
112 91 27
112 96 77
112 101 60
112 106 63
112 109 54
113 5 38
113 7 62
113 11 62
113 21 15
113 26 80
113 31 10
113 33 68
113 37 66
113 43 94
113 44 50
113 45 46
113 47 62
113 52 38
113 57 35
113 60 63
113 61 89
113 62 31
113 65 12
113 67 25
113 70 71
113 72 38
113 75 58
113 76 70
113 80 65
113 81 54
113 92 39
113 98 90
113 102 48
113 103 27
113 104 26
113 106 40
114 2 55
114 14 30
114 17 50
114 22 13
114 25 56
114 33 55
114 45 47
114 46 49
114 49 20
114 55 38
114 66 24
114 68 33
114 70 78
114 73 49
114 79 38
114 80 64
114 81 56
114 82 73
114 85 53
114 93 43
114 97 73
114 102 43
114 103 12
114 104 7
114 109 44
114 110 72
114 111 47
114 112 48
115 0 69
115 2 20
115 3 18
115 5 45
115 8 60
115 16 67
115 19 55
115 20 11
115 22 76
115 27 66
115 30 64
115 34 79
115 36 69
115 41 70
115 43 35
115 48 87
115 51 27
115 53 65
115 56 32
115 61 35
115 66 86
115 67 84
115 68 44
115 79 37
115 80 35
115 82 21
115 83 79
115 84 61
115 85 38
115 88 60
115 92 68
115 96 59
115 102 34
115 105 87
115 109 38
115 111 76
116 4 53
116 8 39
116 10 25
116 14 39
116 16 3
116 18 57
116 21 27
116 23 37
116 25 81
116 30 85
116 34 16
116 36 38
116 45 23
116 48 85
116 49 25
116 50 69
116 58 89
116 59 45
116 61 89
116 62 7
116 79 51
116 85 73
116 90 79
116 92 60
116 94 29
116 96 85
116 99 43
116 100 75
116 106 63
116 107 35
117 10 52
117 11 49
117 18 99
117 20 85
117 26 76
117 41 23
117 42 46
117 43 84
117 45 74
117 46 69
117 48 18
117 57 46
117 58 42
117 62 73
117 63 49
117 64 85
117 70 105
117 71 63
117 73 28
117 75 88
117 79 53
117 88 101
117 90 9
117 91 51
117 98 85
117 104 27
117 110 95
117 113 44
117 115 90
118 5 62
118 12 47
118 14 52
118 21 84
118 26 51
118 28 110
118 29 45
118 31 62
118 34 83
118 38 108
118 41 18
118 49 68
118 56 73
118 57 50
118 58 4
118 60 10
118 61 47
118 63 73
118 64 59
118 66 37
118 69 83
118 74 77
118 75 90
118 78 93
118 79 44
118 82 57
118 85 33
118 87 104
118 88 106
118 89 28
118 90 30
118 91 68
118 92 30
118 94 62
118 101 86
118 104 44
118 106 31
118 111 7
118 115 72
118 117 38
119 0 26
119 2 34
119 4 46
119 5 39
119 13 74
119 29 34
119 43 34
119 45 52
119 51 57
119 56 45
119 59 76
119 60 34
119 64 35
119 65 73
119 71 13
119 77 35
119 78 68
119 80 57
119 81 58
119 82 32
119 88 79
119 92 30
119 95 51
119 97 41
119 104 37
119 107 47
119 109 5
119 114 45
120 8 65
120 10 93
120 12 63
120 24 36
120 26 14
120 29 66
120 38 92
120 45 70
120 48 72
120 49 83
120 53 92
120 54 85
120 55 60
120 56 57
120 60 60
120 62 97
120 64 13
120 66 78
120 70 93
120 71 20
120 73 67
120 79 41
120 82 12
120 84 93
120 102 53
120 107 60
120 113 91
120 114 77
120 117 81
121 4 65
121 10 20
121 18 70
121 19 63
121 23 49
121 26 87
121 27 15
121 28 50
121 29 48
121 32 62
121 34 11
121 35 20
121 46 32
121 55 82
121 56 50
121 71 82
121 73 94
121 74 47
121 76 88
121 81 40
121 86 100
121 88 44
121 96 91
121 100 74
121 104 50
121 105 48
121 109 72
121 112 29
121 116 12
121 120 101
122 4 14
122 8 38
122 11 46
122 14 23
122 24 50
122 25 53
122 26 40
122 31 60
122 32 75
122 35 62
122 36 46
122 37 17
122 39 65
122 44 74
122 46 79
122 48 78
122 49 44
122 52 34
122 59 72
122 65 66
122 66 70
122 68 19
122 69 46
122 70 40
122 71 40
122 73 80
122 74 8
122 76 55
122 78 29
122 81 18
122 98 48
122 100 77
122 103 42
122 106 59
122 112 24
122 115 30
122 117 75
122 119 42
123 1 99
123 16 32
123 18 85
123 20 94
123 25 89
123 26 93
123 29 42
123 31 25
123 35 1
123 43 108
123 44 66
123 46 16
123 49 22
123 50 91
123 51 79
123 53 50
123 56 63
123 58 89
123 66 56
123 69 18
123 70 68
123 71 85
123 74 61
123 76 86
123 86 106
123 90 67
123 103 43
123 105 32
123 108 84
123 112 45
123 114 35
123 117 59
123 121 21
123 122 63
124 1 15
124 2 37
124 4 44
124 7 53
124 9 74
124 12 61
124 20 17
124 26 9
124 36 73
124 37 63
124 43 7
124 45 66
124 46 118
124 47 80
124 48 74
124 50 24
124 56 52
124 57 55
124 58 50
124 67 82
124 68 54
124 69 90
124 76 34
124 79 38
124 83 63
124 89 41
124 96 40
124 102 49
124 103 63
124 112 73
124 116 87
124 119 31
124 123 102
125 4 77
125 8 27
125 9 36
125 12 27
125 16 61
125 17 57
125 22 30
125 29 22
125 31 25
125 33 59
125 41 22
125 43 80
125 46 61
125 55 25
125 56 67
125 59 41
125 68 47
125 74 69
125 76 48
125 78 76
125 80 79
125 82 77
125 86 81
125 91 40
125 93 61
125 94 48
125 95 27
125 96 46
125 97 82
125 98 80
125 104 17
125 105 18
125 109 47
125 114 18
125 115 83
125 118 40
125 120 77
125 121 63
125 124 77
126 0 19
126 1 75
126 2 63
126 6 40
126 12 32
126 15 40
126 16 70
126 18 89
126 19 23
126 21 63
126 22 42
126 23 66
126 24 30
126 25 42
126 27 66
126 29 27
126 35 64
126 36 34
126 37 83
126 41 9
126 42 48
126 43 69
126 44 8
126 47 18
126 48 13
126 60 15
126 61 63
126 64 72
126 73 20
126 81 77
126 83 17
126 85 44
126 86 72
126 89 29
126 91 50
126 92 12
126 101 62
126 109 40
126 110 86
126 113 48
126 115 78
126 119 37
126 121 74
127 12 58
127 17 58
127 21 56
127 29 62
127 32 89
127 36 60
127 40 22
127 46 72
127 47 108
127 51 31
127 52 59
127 61 86
127 64 75
127 67 79
127 74 24
127 77 95
127 78 8
127 79 56
127 80 21
127 83 101
127 94 38
127 102 37
127 103 62
127 104 67
127 117 95
127 119 73
127 124 81
128 6 25
128 7 24
128 11 28
128 15 38
128 23 50
128 25 38
128 26 53
128 35 54
128 38 82
128 40 67
128 41 14
128 43 63
128 45 52
128 49 36
128 51 69
128 61 56
128 66 21
128 68 33
128 69 51
128 71 40
128 72 29
128 74 55
128 75 66
128 77 21
128 86 64
128 90 26
128 96 33
128 97 64
128 99 55
128 106 9
128 107 53
128 110 70
128 115 65
128 116 57
128 122 50
128 124 60
129 1 25
129 3 11
129 4 10
129 9 63
129 10 77
129 13 50
129 15 62
129 22 73
129 26 32
129 28 50
129 29 64
129 30 71
129 33 32
129 38 50
129 42 73
129 44 90
129 45 39
129 47 98
129 49 68
129 54 42
129 57 49
129 61 46
129 63 77
129 64 31
129 65 90
129 74 28
129 75 38
129 76 60
129 82 32
129 83 85
129 89 53
129 92 70
129 98 35
129 101 100
129 103 63
129 106 76
129 109 43
129 115 11
129 120 44
129 121 75
129 122 24
129 127 47
130 3 55
130 4 59
130 14 33
130 22 48
130 29 29
130 33 32
130 35 71
130 37 70
130 41 13
130 44 30
130 45 59
130 46 86
130 48 29
130 52 23
130 55 17
130 56 55
130 57 31
130 71 28
130 76 15
130 79 26
130 90 32
130 91 51
130 94 43
130 97 56
130 98 49
130 100 38
130 101 74
130 104 29
130 106 22
130 109 19
130 117 36
130 123 71
130 126 22
131 3 76
131 9 25
131 13 63
131 15 82
131 17 70
131 21 14
131 22 15
131 27 35
131 32 32
131 36 24
131 40 48
131 41 57
131 44 54
131 45 53
131 48 63
131 49 19
131 50 89
131 51 81
131 54 85
131 55 61
131 59 8
131 60 67
131 61 96
131 67 28
131 68 47
131 78 58
131 81 61
131 82 94
131 83 69
131 87 88
131 89 60
131 101 12
131 107 62
131 110 81
131 111 71
131 113 8
131 116 38
131 129 88
132 6 38
132 7 24
132 14 43
132 15 45
132 19 25
132 20 75
132 25 47
132 26 66
132 27 63
132 28 100
132 29 25
132 32 22
132 37 83
132 38 97
132 42 44
132 50 76
132 51 85
132 55 16
132 57 38
132 58 35
132 60 21
132 68 48
132 70 98
132 71 53
132 77 13
132 80 81
132 81 75
132 83 23
132 84 98
132 88 94
132 90 10
132 91 46
132 97 79
132 99 71
132 100 12
132 101 56
132 104 21
132 110 86
132 115 80
132 118 31
132 120 71
132 123 59
132 130 26
133 12 43
133 19 60
133 21 6
133 26 94
133 41 68
133 45 51
133 47 77
133 50 92
133 54 81
133 55 73
133 57 48
133 61 104
133 63 14
133 64 102
133 67 40
133 68 50
133 69 20
133 76 86
133 81 58
133 83 81
133 86 107
133 89 68
133 90 67
133 91 27
133 93 35
133 95 77
133 98 104
133 101 13
133 102 59
133 106 56
133 109 74
133 110 80
133 112 47
133 113 16
133 115 94
133 117 58
133 122 65
133 128 55
133 132 59
134 0 50
134 3 32
134 10 79
134 13 73
134 18 46
134 26 1
134 27 71
134 28 78
134 32 83
134 36 63
134 41 53
134 47 75
134 48 69
134 49 70
134 51 45
134 54 71
134 58 48
134 59 95
134 63 79
134 64 10
134 65 91
134 67 74
134 68 43
134 70 78
134 74 47
134 75 61
134 79 28
134 80 51
134 82 7
134 85 18
134 86 14
134 91 66
134 96 38
134 99 39
134 101 100
134 102 38
134 104 59
134 112 62
134 114 66
134 115 22
134 123 91
134 126 62
134 131 87
134 133 93
135 3 34
135 4 38
135 6 18
135 8 18
135 10 45
135 11 23
135 12 17
135 20 40
135 27 42
135 28 66
135 32 52
135 33 23
135 34 48
135 35 57
135 45 34
135 48 50
135 50 39
135 53 57
135 54 65
135 55 39
135 58 44
135 59 60
135 60 43
135 64 44
135 66 44
135 73 52
135 74 34
135 79 6
135 84 65
135 87 62
135 90 48
135 99 32
135 115 43
135 118 43
135 119 20
135 120 47
135 125 40
135 129 44
136 4 34
136 9 67
136 10 74
136 17 61
136 18 25
136 20 60
136 24 87
136 25 89
136 28 16
136 31 88
136 32 107
136 35 81
136 37 19
136 49 70
136 53 33
136 55 105
136 57 63
136 58 107
136 67 96
136 70 17
136 76 92
136 77 106
136 78 30
136 91 65
136 92 90
136 93 49
136 94 51
136 95 121
136 97 52
136 110 21
136 115 50
136 117 110
136 118 108
136 120 83
136 127 22
136 128 87
136 130 90
136 135 65
137 10 41
137 13 87
137 14 51
137 22 31
137 24 54
137 25 67
137 27 60
137 28 101
137 30 55
137 31 22
137 33 72
137 37 88
137 40 75
137 43 93
137 48 33
137 49 39
137 50 90
137 52 43
137 53 84
137 56 76
137 59 34
137 61 87
137 64 93
137 71 71
137 72 7
137 76 61
137 77 34
137 79 57
137 80 87
137 82 90
137 83 43
137 90 25
137 94 56
137 96 59
137 99 79
137 101 39
137 106 23
137 110 94
137 111 45
137 117 15
137 120 90
137 128 30
137 129 95
137 131 32
137 132 21
137 133 45
137 134 82
137 135 51
138 0 67
138 3 18
138 5 44
138 9 65
138 10 80
138 12 57
138 14 43
138 19 53
138 26 20
138 36 68
138 40 72
138 42 76
138 43 32
138 44 84
138 47 91
138 48 85
138 50 2
138 51 29
138 53 66
138 59 98
138 61 33
138 62 77
138 64 18
138 66 84
138 69 76
138 72 92
138 79 35
138 80 37
138 81 46
138 87 46
138 88 62
138 90 86
138 93 65
138 98 22
138 103 61
138 104 66
138 107 35
138 119 40
138 120 31
138 122 30
138 128 63
138 137 92
139 0 42
139 8 32
139 12 32
139 13 85
139 14 47
139 15 61
139 18 96
139 20 86
139 41 31
139 45 67
139 50 86
139 51 90
139 54 102
139 55 33
139 59 36
139 61 82
139 66 11
139 70 97
139 71 67
139 73 40
139 74 74
139 75 81
139 78 78
139 84 96
139 92 24
139 94 53
139 95 32
139 100 13
139 101 41
139 102 61
139 111 42
139 116 63
139 122 71
139 124 86
139 127 87
139 132 17
139 135 47
139 136 104
140 0 58
140 5 45
140 7 57
140 11 35
140 16 70
140 17 18
140 24 40
140 26 10
140 29 58
140 30 52
140 32 88
140 34 79
140 35 91
140 39 94
140 40 76
140 42 75
140 44 77
140 46 108
140 47 83
140 51 37
140 57 46
140 61 23
140 63 80
140 66 78
140 67 78
140 69 77
140 72 86
140 80 44
140 81 51
140 82 10
140 84 71
140 87 55
140 88 69
140 91 66
140 92 60
140 94 45
140 96 47
140 102 35
140 107 40
140 108 32
140 109 29
140 116 73
140 117 82
140 124 17
140 127 64
140 130 47
140 132 72
140 133 93
140 135 37
141 1 108
141 6 48
141 8 48
141 9 36
141 13 65
141 14 59
141 16 41
141 19 66
141 28 79
141 29 49
141 36 39
141 38 76
141 47 80
141 49 30
141 55 77
141 63 21
141 65 10
141 72 53
141 83 85
141 85 90
141 99 77
141 100 61
141 107 70
141 109 81
141 111 86
141 113 21
141 116 40
141 117 61
141 118 91
141 120 113
141 123 9
141 125 53
141 127 69
141 129 97
141 132 62
141 135 65
141 137 46
141 138 101
141 139 48
142 0 48
142 3 39
142 4 41
142 6 56
142 8 57
142 9 68
142 15 27
142 19 43
142 20 17
142 27 76
142 28 85
142 32 85
142 34 85
142 35 95
142 36 66
142 40 87
142 47 74
142 54 78
142 55 56
142 61 8
142 66 72
142 69 84
142 77 59
142 80 58
142 82 8
142 83 57
142 93 77
142 94 52
142 100 77
142 101 104
142 102 44
142 112 69
142 113 83
142 114 69
142 117 75
142 121 92
142 125 71
142 133 97
142 135 38
142 141 104
143 4 69
143 5 53
143 9 54
143 21 76
143 23 63
143 26 47
143 35 77
143 37 80
143 38 99
143 51 79
143 54 100
143 57 41
143 60 11
143 64 56
143 67 42
143 68 49
143 74 69
143 76 17
143 77 14
143 78 84
143 80 78
143 81 76
143 82 53
143 83 13
143 84 100
143 88 97
143 91 59
143 97 64
143 98 55
143 101 78
143 105 50
143 113 61
143 114 42
143 115 66
143 124 51
143 126 20
143 128 23
143 129 72
143 130 10
143 134 46
143 136 100
143 138 63
143 142 45
144 10 43
144 15 67
144 20 47
144 22 44
144 23 9
144 25 61
144 27 25
144 29 42
144 30 70
144 36 42
144 42 42
144 44 75
144 45 5
144 46 69
144 49 37
144 51 25
144 63 45
144 66 70
144 68 18
144 84 33
144 85 52
144 86 63
144 89 47
144 103 41
144 104 47
144 107 7
144 109 44
144 110 25
144 112 12
144 114 49
144 118 76
144 122 11
144 123 54
144 125 64
144 127 23
144 128 51
144 129 35
144 132 67
144 135 32
144 140 46
145 0 101
145 1 67
145 2 45
145 4 36
145 6 60
145 7 100
145 9 62
145 13 19
145 14 56
145 19 77
145 23 34
145 29 73
145 34 60
145 36 72
145 41 95
145 42 68
145 43 87
145 45 31
145 49 64
145 50 56
145 51 26
145 57 60
145 59 88
145 61 85
145 64 73
145 68 50
145 75 17
145 79 62
145 82 73
145 83 109
145 88 12
145 91 59
145 97 55
145 99 33
145 100 107
145 102 44
145 104 78
145 108 84
145 112 31
145 113 75
145 116 44
145 117 106
145 120 85
145 121 55
145 122 35
145 124 80
145 135 63
145 138 55
145 139 99
145 141 84
146 1 59
146 2 35
146 5 15
146 6 2
146 8 6
146 13 49
146 14 10
146 17 34
146 21 38
146 22 21
146 26 52
146 29 12
146 39 44
146 40 44
146 41 37
146 42 23
146 46 57
146 47 57
146 49 19
146 50 52
146 53 48
146 55 44
146 58 54
146 60 49
146 64 60
146 65 40
146 71 43
146 73 57
146 76 46
146 77 44
146 79 22
146 81 38
146 84 60
146 85 42
146 86 65
146 89 28
146 96 50
146 98 62
146 103 11
146 109 32
146 111 51
146 112 32
146 120 63
146 128 23
146 131 36
146 133 42
146 141 49
147 2 45
147 7 87
147 9 38
147 10 41
147 11 73
147 13 9
147 23 31
147 33 64
147 34 32
147 36 50
147 38 20
147 47 100
147 51 39
147 53 5
147 62 22
147 65 54
147 74 26
147 79 53
147 82 77
147 94 32
147 97 63
147 106 73
147 107 27
147 111 94
147 113 49
147 114 57
147 117 85
147 118 94
147 125 74
147 126 82
147 137 78
147 141 56
147 142 79
147 146 43
148 0 38
148 7 37
148 11 42
148 12 16
148 13 70
148 18 79
148 19 23
148 26 65
148 29 11
148 31 17
148 32 21
148 33 53
148 42 25
148 45 51
148 46 54
148 56 56
148 60 38
148 75 66
148 76 48
148 77 31
148 78 63
148 80 67
148 82 72
148 84 81
148 92 15
148 94 36
148 96 48
148 99 59
148 104 6
148 106 15
148 109 42
148 112 53
148 117 23
148 120 74
148 123 41
148 126 23
148 133 41
148 136 88
148 138 72
148 140 68
148 145 83
149 0 73
149 2 34
149 6 27
149 16 13
149 18 42
149 22 37
149 23 21
149 25 69
149 26 62
149 29 40
149 31 47
149 33 51
149 34 28
149 37 26
149 39 44
149 42 33
149 47 86
149 48 80
149 56 21
149 57 29
149 65 48
149 67 56
149 69 25
149 70 33
149 71 58
149 75 18
149 78 14
149 80 25
149 84 32
149 85 60
149 89 52
149 90 76
149 91 24
149 93 12
149 94 17
149 96 74
149 98 70
149 102 22
149 105 54
149 108 64
149 110 35
149 112 4
149 114 44
149 117 72
149 128 51
149 131 47
149 133 45
149 135 36
149 139 64
149 148 49
150 0 59
150 3 43
150 10 21
150 11 49
150 17 42
150 19 35
150 21 29
150 23 29
150 26 60
150 28 53
150 30 63
150 33 48
150 34 21
150 38 50
150 39 36
150 47 69
150 49 13
150 55 57
150 57 17
150 64 67
150 66 50
150 69 20
150 70 51
150 81 30
150 84 50
150 91 8
150 92 38
150 93 18
150 99 35
150 100 55
150 101 44
150 108 55
150 111 64
150 113 25
150 117 54
150 118 66
150 121 28
150 130 48
150 139 46
150 140 58
150 148 31
150 149 18
151 1 37
151 12 54
151 14 39
151 19 57
151 27 48
151 31 76
151 33 38
151 34 63
151 35 76
151 37 13
151 39 79
151 42 64
151 44 89
151 57 44
151 60 84
151 61 56
151 68 35
151 69 60
151 70 38
151 72 91
151 77 83
151 81 24
151 83 86
151 84 38
151 86 51
151 89 54
151 91 54
151 93 47
151 98 47
151 102 25
151 105 81
151 108 56
151 111 85
151 113 71
151 114 68
151 115 23
151 117 90
151 119 52
151 121 63
151 123 77
151 126 80
151 128 65
151 130 64
151 134 41
151 137 90
151 140 33
151 145 30
151 147 40
151 150 46
152 0 85
152 4 48
152 6 37
152 10 33
152 11 73
152 14 41
152 20 72
152 39 40
152 41 76
152 42 36
152 44 83
152 48 90
152 49 32
152 56 34
152 61 89
152 64 81
152 65 46
152 68 35
152 72 77
152 74 30
152 76 83
152 89 65
152 90 85
152 91 29
152 92 65
152 97 67
152 99 39
152 104 53
152 107 31
152 113 42
152 120 90
152 125 69
152 129 58
152 134 74
152 137 72
152 145 36
152 147 8
152 148 57
152 151 46
153 3 69
153 4 72
153 5 39
153 6 27
153 16 37
153 18 82
153 19 41
153 23 56
153 26 80
153 30 67
153 31 5
153 32 27
153 35 20
153 41 48
153 58 69
153 65 14
153 66 36
153 68 39
153 75 61
153 77 52
153 82 86
153 84 73
153 86 92
153 92 36
153 93 37
153 106 36
153 107 57
153 108 67
153 109 57
153 115 83
153 116 38
153 120 90
153 121 34
153 126 44
153 128 35
153 130 53
153 134 78
153 137 28
153 141 24
153 143 58
153 145 78
153 148 21
154 4 75
154 8 29
154 9 41
154 10 50
154 18 88
154 22 37
154 24 33
154 28 98
154 30 33
154 37 81
154 44 9
154 45 65
154 50 74
154 53 84
154 55 15
154 57 37
154 70 97
154 71 51
154 72 18
154 73 25
154 88 93
154 90 12
154 91 46
154 93 65
154 94 49
154 97 77
154 103 24
154 104 20
154 110 84
154 112 68
154 115 78
154 116 68
154 117 12
154 119 38
154 120 69
154 122 64
154 125 10
154 127 87
154 130 24
154 131 47
154 136 101
154 137 22
154 139 18
154 140 70
154 142 63
154 147 78
154 149 64
154 152 74
155 6 25
155 9 15
155 12 27
155 16 31
155 21 15
155 28 71
155 29 26
155 35 16
155 37 64
155 39 19
155 45 44
155 49 10
155 56 54
155 57 33
155 64 87
155 65 13
155 66 41
155 68 37
155 72 39
155 79 49
155 81 52
155 84 68
155 87 79
155 88 65
155 92 39
155 94 35
155 97 81
155 101 22
155 102 46
155 107 53
155 109 58
155 110 72
155 112 41
155 117 44
155 121 28
155 122 54
155 127 59
155 130 55
155 135 43
155 137 33
155 147 47
155 149 38
155 153 5
156 0 46
156 4 41
156 7 45
156 10 33
156 12 10
156 18 52
156 22 25
156 27 30
156 30 49
156 31 34
156 41 38
156 42 27
156 50 47
156 54 61
156 69 34
156 70 58
156 71 39
156 72 48
156 75 41
156 78 41
156 80 41
156 81 35
156 82 53
156 85 39
156 89 27
156 90 51
156 91 20
156 93 32
156 95 60
156 98 58
156 99 32
156 101 54
156 112 30
156 115 50
156 116 36
156 118 53
156 131 41
156 134 46
156 136 62
156 138 49
156 142 51
156 144 26
156 150 14
156 154 39
157 1 103
157 3 79
157 6 45
157 7 86
157 11 84
157 12 49
157 14 56
157 17 80
157 20 99
157 22 30
157 25 95
157 27 31
157 29 50
157 30 93
157 31 33
157 35 8
157 37 70
157 42 25
157 44 74
157 45 51
157 48 83
157 51 81
157 53 49
157 54 78
157 56 65
157 57 53
157 66 64
157 70 67
157 71 90
157 72 60
157 89 74
157 90 75
157 93 33
157 98 108
157 104 49
157 105 41
157 108 91
157 112 46
157 113 24
157 117 67
157 118 94
157 122 66
157 124 108
157 125 58
157 126 72
157 132 67
157 133 8
157 139 54
157 143 85
157 144 56
157 145 74
157 146 47
157 147 46
157 150 38
157 153 28
157 156 51
158 3 43
158 7 87
158 12 51
158 13 7
158 18 43
158 19 64
158 23 30
158 26 73
158 30 90
158 31 59
158 32 80
158 35 48
158 40 12
158 42 44
158 46 61
158 53 5
158 54 30
158 55 88
158 57 45
158 58 95
158 60 93
158 61 86
158 64 77
158 65 56
158 66 82
158 68 36
158 70 20
158 73 101
158 84 19
158 97 62
158 102 36
158 107 27
158 117 86
158 119 70
158 120 87
158 124 83
158 128 67
158 129 52
158 136 33
158 139 78
158 145 26
158 148 63
158 152 10
158 155 49
158 157 48
159 2 60
159 3 68
159 5 40
159 11 46
159 16 49
159 27 46
159 28 86
159 29 15
159 30 49
159 31 14
159 35 39
159 36 13
159 38 83
159 39 42
159 42 24
159 51 77
159 54 89
159 61 75
159 63 27
159 65 32
159 67 6
159 68 38
159 70 84
159 73 45
159 75 68
159 81 63
159 83 42
159 85 54
159 87 89
159 97 78
159 98 80
159 101 38
159 110 78
159 114 6
159 116 51
159 120 78
159 123 39
159 128 19
159 129 79
159 131 27
159 132 20
159 135 35
159 136 90
159 148 4
159 151 73
159 154 20
159 155 23
159 156 30
160 1 101
160 3 75
160 11 84
160 16 26
160 18 82
160 25 95
160 36 42
160 37 65
160 38 59
160 40 30
160 46 20
160 49 28
160 50 91
160 51 76
160 54 71
160 55 84
160 58 98
160 59 29
160 79 68
160 86 109
160 87 76
160 88 56
160 92 66
160 95 90
160 100 72
160 104 52
160 110 75
160 113 27
160 115 92
160 118 96
160 126 75
160 131 26
160 139 59
160 141 18
160 147 39
160 152 31
160 153 32
160 159 50
161 12 48
161 13 69
161 14 37
161 15 33
161 23 37
161 24 32
161 25 26
161 27 67
161 31 75
161 32 81
161 34 77
161 38 73
161 41 52
161 43 21
161 46 104
161 47 75
161 58 49
161 61 19
161 62 78
161 65 88
161 67 71
161 69 75
161 72 79
161 76 32
161 82 10
161 88 72
161 95 75
161 96 39
161 108 23
161 114 63
161 116 72
161 120 19
161 121 82
161 123 88
161 125 68
161 128 50
161 131 84
161 133 89
161 142 11
161 144 46
161 147 68
161 148 62
161 150 55
162 0 41
162 2 71
162 3 79
162 4 82
162 8 31
162 13 84
162 14 46
162 17 63
162 22 29
162 24 49
162 27 57
162 30 50
162 33 66
162 47 32
162 49 37
162 51 89
162 56 71
162 60 38
162 68 50
162 71 66
162 73 40
162 74 73
162 75 81
162 76 56
162 83 39
162 88 92
162 89 44
162 96 54
162 97 88
162 98 87
162 102 60
162 103 27
162 111 41
162 112 67
162 114 18
162 119 53
162 121 61
162 122 70
162 128 25
162 134 77
162 135 46
162 136 103
162 140 82
162 145 98
162 150 45
162 151 85
162 153 27
162 157 54
162 159 12
163 1 117
163 2 90
163 5 65
163 6 58
163 7 93
163 12 60
163 13 70
163 18 102
163 20 112
163 22 39
163 24 94
163 37 86
163 40 52
163 43 126
163 47 89
163 49 40
163 51 96
163 52 70
163 53 64
163 61 120
163 65 20
163 66 68
163 67 52
163 69 34
163 77 85
163 79 82
163 80 85
163 84 81
163 89 85
163 98 121
163 99 85
163 100 70
163 101 16
163 104 58
163 106 70
163 112 61
163 114 50
163 117 70
163 118 101
163 123 18
163 128 70
163 129 106
163 133 16
163 140 110
163 141 10
163 144 71
163 147 61
163 150 52
163 152 53
163 155 33
163 157 15
164 4 36
164 5 16
164 7 71
164 16 14
164 22 36
164 24 61
164 25 68
164 26 61
164 29 39
164 32 66
164 39 45
164 40 21
164 42 33
164 44 73
164 51 36
164 53 21
164 58 79
164 59 55
164 61 73
164 62 24
164 72 69
164 73 84
164 75 18
164 77 72
164 79 38
164 81 14
164 83 79
164 84 33
164 86 73
164 87 41
164 90 75
164 94 16
164 96 73
164 97 53
164 98 69
164 101 57
164 102 21
164 112 5
164 116 17
164 119 55
164 128 51
164 130 60
164 132 65
164 135 35
164 136 41
164 140 56
164 141 52
164 144 11
164 146 27
164 147 15
164 151 34
164 159 50
165 1 81
165 7 23
165 16 73
165 18 95
165 20 78
165 24 36
165 29 31
165 33 59
165 34 65
165 35 64
165 40 85
165 43 75
165 44 2
165 50 79
165 52 37
165 53 91
165 55 14
165 60 18
165 64 78
165 66 8
165 67 24
165 70 104
165 71 56
165 73 20
165 74 76
165 75 87
165 77 11
165 82 75
165 89 35
165 94 56
165 95 14
165 96 38
165 109 46
165 110 91
165 114 30
165 118 29
165 119 43
165 121 76
165 130 28
165 133 64
165 137 23
165 139 20
165 141 67
165 144 72
165 145 104
165 151 86
165 152 80
165 153 44
165 157 72
165 158 86
165 160 76
165 163 76
165 164 70
166 1 48
166 3 21
166 6 25
166 10 43
166 12 32
166 15 61
166 16 28
166 17 30
166 20 43
166 21 50
166 23 7
166 28 40
166 29 37
166 30 64
166 32 68
166 33 36
166 35 53
166 36 38
166 43 62
166 44 70
166 46 70
166 48 75
166 52 30
166 54 40
166 59 63
166 60 69
166 61 59
166 68 13
166 70 39
166 75 21
166 76 57
166 82 50
166 83 72
166 84 39
166 86 58
166 93 27
166 98 55
166 99 13
166 100 71
166 111 71
166 112 17
166 116 31
166 127 30
166 129 33
166 139 64
166 145 37
166 147 28
166 152 29
166 154 60
166 156 21
166 158 28
166 161 41
166 164 14
167 6 42
167 8 36
167 9 49
167 12 34
167 14 43
167 16 73
167 17 47
167 24 24
167 34 68
167 42 54
167 50 69
167 53 89
167 57 40
167 58 20
167 59 64
167 69 68
167 74 71
167 75 83
167 77 4
167 80 80
167 81 77
167 89 24
167 90 16
167 93 72
167 94 53
167 100 24
167 101 69
167 104 29
167 110 84
167 114 35
167 115 73
167 116 75
167 117 22
167 120 60
167 122 65
167 124 61
167 132 14
167 135 36
167 136 102
167 143 11
167 146 41
167 152 80
167 159 31
167 161 55
168 2 72
168 4 83
168 5 51
168 6 37
168 8 31
168 16 56
168 19 39
168 22 24
168 29 27
168 30 57
168 35 39
168 37 83
168 40 68
168 43 92
168 47 40
168 50 87
168 51 89
168 52 39
168 54 99
168 56 71
168 58 58
168 61 86
168 63 30
168 66 19
168 100 21
168 101 33
168 103 28
168 105 6
168 111 49
168 114 17
168 116 58
168 121 55
168 122 69
168 123 38
168 125 14
168 129 91
168 134 80
168 136 101
168 138 89
168 144 65
168 147 71
168 149 60
168 151 85
168 153 20
168 156 42
168 157 46
168 158 73
168 161 78
168 166 62
169 2 33
169 3 41
169 4 44
169 23 29
169 26 50
169 34 33
169 36 16
169 38 58
169 39 45
169 46 58
169 56 32
169 57 5
169 58 54
169 59 46
169 60 50
169 62 39
169 65 42
169 76 46
169 78 42
169 87 62
169 88 55
169 89 28
169 90 49
169 92 27
169 100 48
169 101 51
169 103 13
169 106 32
169 108 43
169 112 31
169 113 30
169 114 22
169 117 46
169 118 53
169 120 62
169 122 30
169 126 40
169 129 52
169 135 15
169 138 52
169 145 60
169 148 24
169 159 27
169 160 47
169 161 46
169 162 39
169 164 26
169 165 44
170 2 80
170 3 89
170 5 68
170 7 31
170 10 64
170 11 51
170 22 51
170 24 46
170 26 79
170 28 116
170 30 40
170 31 45
170 32 27
170 34 73
170 35 70
170 36 46
170 38 113
170 42 58
170 47 8
170 48 10
170 49 59
170 50 90
170 55 21
170 57 55
170 60 23
170 66 14
170 67 30
170 68 65
170 69 74
170 73 20
170 76 50
170 77 18
170 81 92
170 82 85
170 89 45
170 92 28
170 95 8
170 99 87
170 105 37
170 107 85
170 108 56
170 109 56
170 110 102
170 111 26
170 113 55
170 118 34
170 120 82
170 121 84
170 125 21
170 131 57
170 140 85
170 143 32
170 147 95
170 153 51
170 154 18
170 157 78
170 158 97
170 159 33
170 163 81
170 165 11
170 168 32
171 3 13
171 5 21
171 11 51
171 16 36
171 17 31
171 18 22
171 31 63
171 34 50
171 36 49
171 38 34
171 41 65
171 42 51
171 44 79
171 49 46
171 50 32
171 53 34
171 54 33
171 55 72
171 57 32
171 58 75
171 59 74
171 60 77
171 64 47
171 65 68
171 72 80
171 74 4
171 77 74
171 78 26
171 88 33
171 89 47
171 95 89
171 99 4
171 100 81
171 101 77
171 103 46
171 107 3
171 115 31
171 123 64
171 130 57
171 131 66
171 133 66
171 135 33
171 137 78
171 143 67
171 144 10
171 145 30
171 146 36
171 150 33
171 152 35
171 153 60
171 161 39
171 162 74
171 163 82
171 165 76
171 166 11
171 167 70
171 170 87
172 1 15
172 2 37
172 3 42
172 7 53
172 14 51
172 16 84
172 17 28
172 18 53
172 26 9
172 27 82
172 28 88
172 29 64
172 30 45
172 36 73
172 37 63
172 38 87
172 40 92
172 41 58
172 44 75
172 50 24
172 52 52
172 54 80
172 55 62
172 60 62
172 62 93
172 64 8
172 69 90
172 70 88
172 74 57
172 78 79
172 81 68
172 82 7
172 86 4
172 88 86
172 92 62
172 94 58
172 95 80
172 96 40
172 97 26
172 98 5
172 99 49
172 100 84
172 101 110
172 102 49
172 104 68
172 106 67
172 109 31
172 111 60
172 124 0
172 125 77
172 135 45
172 136 78
172 137 90
172 146 61
172 149 71
172 157 108
172 159 77
172 161 15
172 163 121
172 165 74
173 2 66
173 4 75
173 14 43
173 18 84
173 19 47
173 22 11
173 24 65
173 26 84
173 27 33
173 31 10
173 32 30
173 33 71
173 39 18
173 41 53
173 44 51
173 45 50
173 46 27
173 49 16
173 52 41
173 61 92
173 66 41
173 67 25
173 69 23
173 70 74
173 74 60
173 76 73
173 77 57
173 79 54
173 86 97
173 92 41
173 98 94
173 102 52
173 109 62
173 114 21
173 117 44
173 123 15
173 125 35
173 127 64
173 133 15
173 135 48
173 139 31
173 140 84
173 141 19
173 142 87
173 144 53
173 145 79
173 146 32
173 150 29
173 152 45
173 154 44
173 158 54
173 165 49
173 170 55
174 3 15
174 4 15
174 6 36
174 9 42
174 10 53
174 12 43
174 18 22
174 20 40
174 21 59
174 22 53
174 24 56
174 31 63
174 32 79
174 37 11
174 39 65
174 40 38
174 44 80
174 47 90
174 50 34
174 56 3
174 58 76
174 59 74
174 70 33
174 73 86
174 77 75
174 78 24
174 84 33
174 88 31
174 93 33
174 95 90
174 98 53
174 100 82
174 104 53
174 106 65
174 111 79
174 112 21
174 113 58
174 114 56
174 115 33
174 119 49
174 122 6
174 123 63
174 129 25
174 131 65
174 133 65
174 135 34
174 137 78
174 149 21
174 150 33
174 157 66
174 158 28
174 160 61
174 161 41
174 165 77
174 166 11
174 169 34
174 172 55
175 2 24
175 13 65
175 14 22
175 16 58
175 20 30
175 23 34
175 24 17
175 30 32
175 31 56
175 36 41
175 40 68
175 44 50
175 46 88
175 47 58
175 49 50
175 50 31
175 53 67
175 55 39
175 57 24
175 60 42
175 64 32
175 69 61
175 73 51
175 74 40
175 81 49
175 83 44
175 84 73
175 86 35
175 88 70
175 90 52
175 92 33
175 95 58
175 100 57
175 103 32
175 104 37
175 106 39
175 110 49
175 111 42
175 129 40
175 140 27
175 141 80
175 142 24
175 146 30
175 149 48
175 150 41
175 151 43
175 152 62
175 154 43
175 168 58
175 169 29
175 174 39
176 9 72
176 17 28
176 22 78
176 24 29
176 26 15
176 32 85
176 34 90
176 38 92
176 41 50
176 42 82
176 43 10
176 46 116
176 51 61
176 54 87
176 56 57
176 58 39
176 65 98
176 76 24
176 80 66
176 83 53
176 86 14
176 87 80
176 90 68
176 92 55
176 96 30
176 97 35
176 103 59
176 106 59
176 109 27
176 113 86
176 120 8
176 121 97
176 130 37
176 133 101
176 134 15
176 135 42
176 139 79
176 142 8
176 146 59
176 152 88
176 154 62
176 157 106
176 162 78
176 171 58
176 173 89
177 12 3
177 15 51
177 17 36
177 22 19
177 23 36
177 24 37
177 28 67
177 31 26
177 32 38
177 39 43
177 42 22
177 43 67
177 44 41
177 46 56
177 49 19
177 50 55
177 54 69
177 58 52
177 59 42
177 60 46
177 74 39
177 77 41
177 85 42
177 90 43
177 93 35
177 95 53
177 98 64
177 104 12
177 105 29
177 106 27
177 108 43
177 112 36
177 116 38
177 120 65
177 123 40
177 124 63
177 133 41
177 140 55
177 141 48
177 143 41
177 146 4
177 152 42
177 154 31
177 156 9
177 171 40
177 175 31
178 6 39
178 9 50
178 10 67
178 11 9
178 12 36
178 21 76
178 22 57
178 25 14
178 28 80
178 31 62
178 32 66
178 33 10
178 34 69
178 38 78
178 45 51
178 50 31
178 53 74
178 55 39
178 57 31
178 58 34
178 60 41
178 61 24
178 63 65
178 64 28
178 66 53
178 68 34
178 70 79
178 72 62
178 80 53
178 85 5
178 86 29
178 88 76
178 94 38
178 95 58
178 98 28
178 104 42
178 110 53
178 113 65
178 114 50
178 122 38
178 123 79
178 124 25
178 125 52
178 126 44
178 129 42
178 131 72
178 140 25
178 143 30
178 146 37
178 147 69
178 156 34
178 160 84
178 163 97
178 165 50
178 171 43
178 173 68
178 176 21
178 177 38
179 3 32
179 5 46
179 6 60
179 9 63
179 10 71
179 11 77
179 12 68
179 17 56
179 18 21
179 24 82
179 26 65
179 27 49
179 29 73
179 31 84
179 32 103
179 35 78
179 37 14
179 38 18
179 42 71
179 43 80
179 45 32
179 47 116
179 55 100
179 60 104
179 66 101
179 67 92
179 68 49
179 71 69
179 76 87
179 80 16
179 84 19
179 85 74
179 87 4
179 92 85
179 96 94
179 97 48
179 102 41
179 105 91
179 110 17
179 114 80
179 115 46
179 116 48
179 120 79
179 125 95
179 129 35
179 130 85
179 131 84
179 141 88
179 145 8
179 147 32
179 150 54
179 153 80
179 154 96
179 157 78
179 158 31
179 159 86
179 160 72
179 162 98
179 166 36
179 173 81
180 6 43
180 7 32
180 8 35
180 22 38
180 23 72
180 28 104
180 29 30
180 36 33
180 37 89
180 42 45
180 54 107
180 55 22
180 56 75
180 57 44
180 59 48
180 63 47
180 67 17
180 69 61
180 71 61
180 72 9
180 81 81
180 82 81
180 83 28
180 85 56
180 87 106
180 90 10
180 91 49
180 94 56
180 100 4
180 103 31
180 105 25
180 107 75
180 109 51
180 112 74
180 113 42
180 115 88
180 118 37
180 133 57
180 135 46
180 141 60
180 144 72
180 152 78
180 153 38
180 154 10
180 158 84
180 160 70
180 167 21
180 168 20
180 174 78
180 177 38
181 0 89
181 1 68
181 6 44
181 7 88
181 8 52
181 10 49
181 14 43
181 20 63
181 23 27
181 24 76
181 33 61
181 34 41
181 42 49
181 44 91
181 45 17
181 50 56
181 51 31
181 55 89
181 63 51
181 64 73
181 67 74
181 72 88
181 84 14
181 85 71
181 88 11
181 89 67
181 97 57
181 98 76
181 101 71
181 103 57
181 104 62
181 107 23
181 109 63
181 110 29
181 111 95
181 114 62
181 117 90
181 119 69
181 120 83
181 125 79
181 126 85
181 133 58
181 138 56
181 146 46
181 150 35
181 151 32
181 154 82
181 156 43
181 158 7
181 171 25
181 177 50
182 0 40
182 2 19
182 6 31
182 8 32
182 12 30
182 15 31
182 25 25
182 27 52
182 29 34
182 34 60
182 36 41
182 38 67
182 41 38
182 43 37
182 44 54
182 54 65
182 56 31
182 60 47
182 62 63
182 63 58
182 64 31
182 69 59
182 73 55
182 74 36
182 79 7
182 81 45
182 82 28
182 85 16
182 87 60
182 88 65
182 89 17
182 96 34
182 97 31
182 100 60
182 104 38
182 112 47
182 115 32
182 117 58
182 118 43
182 119 14
182 126 46
182 127 59
182 133 72
182 140 24
182 141 79
182 144 36
182 147 58
182 148 43
182 149 44
182 150 38
182 153 57
182 154 46
182 157 76
182 163 89
182 164 43
182 165 51
182 172 31
182 174 34
183 0 18
183 2 41
183 7 16
183 12 31
183 13 78
183 14 31
183 17 26
183 19 14
183 26 35
183 28 89
183 33 26
183 34 67
183 36 41
183 37 66
183 40 78
183 49 53
183 52 23
183 57 31
183 61 35
183 62 74
183 64 44
183 67 44
183 73 34
183 78 72
183 82 41
183 83 27
183 84 87
183 85 16
183 90 38
183 91 51
183 94 41
183 99 51
183 100 44
183 106 27
183 109 13
183 114 40
183 117 42
183 118 22
183 120 39
183 122 48
183 129 57
183 130 6
183 135 22
183 137 51
183 139 47
183 141 80
183 142 33
183 145 84
183 146 35
183 149 59
183 150 48
183 157 80
183 164 58
183 165 34
183 167 22
183 169 35
183 170 44
183 172 40
183 181 74
184 2 76
184 8 47
184 11 44
184 14 57
184 19 36
184 20 82
184 21 74
184 25 49
184 26 72
184 28 116
184 31 50
184 32 34
184 35 75
184 38 113
184 42 61
184 45 82
184 46 86
184 48 2
184 51 98
184 52 46
184 56 82
184 57 53
184 59 66
184 62 87
184 64 81
184 74 85
184 81 91
184 86 80
184 87 114
184 90 8
184 92 26
184 95 4
184 96 36
184 98 80
184 99 84
184 101 71
184 109 50
184 121 87
184 126 14
184 129 94
184 130 31
184 133 75
184 136 117
184 138 87
184 142 70
184 143 25
184 144 82
184 145 113
184 149 82
184 150 65
184 160 87
184 164 81
184 166 76
184 167 15
184 168 38
184 172 76
184 178 53
184 180 18
184 181 99
185 3 38
185 4 40
185 7 57
185 9 14
185 10 27
185 13 36
185 15 62
185 16 21
185 19 34
185 21 35
185 25 57
185 26 56
185 27 18
185 28 50
185 37 36
185 42 23
185 53 35
185 55 57
185 59 46
185 60 62
185 62 28
185 63 27
185 68 10
185 70 48
185 76 57
185 77 57
185 79 28
185 80 35
185 89 39
185 90 60
185 94 7
185 96 61
185 97 54
185 102 18
185 103 24
185 106 44
185 107 25
185 111 64
185 112 19
185 120 68
185 121 32
185 124 65
185 125 46
185 129 49
185 131 38
185 132 50
185 148 33
185 152 26
185 161 50
185 164 14
185 167 54
185 169 12
185 174 28
185 180 54
186 2 84
186 5 59
186 13 67
186 18 98
186 28 81
186 30 95
186 46 5
186 52 63
186 53 61
186 56 75
186 57 59
186 63 24
186 68 61
186 73 90
186 74 73
186 77 79
186 80 81
186 86 118
186 89 78
186 92 64
186 96 97
186 99 80
186 100 64
186 105 38
186 108 95
186 110 91
186 114 44
186 115 105
186 138 104
186 150 46
186 151 90
186 153 28
186 154 65
186 156 57
186 158 60
186 159 46
186 161 100
186 169 54
186 171 77
186 172 114
186 175 83
186 179 90
186 180 63
186 185 51
187 3 55
187 9 20
187 10 33
187 18 71
187 21 41
187 24 34
187 25 46
187 31 23
187 36 11
187 44 31
187 45 44
187 51 65
187 53 63
187 55 31
187 57 17
187 61 63
187 62 49
187 67 19
187 74 50
187 75 59
187 78 58
187 80 59
187 83 39
187 88 72
187 92 13
187 93 44
187 96 43
187 102 36
187 103 3
187 106 16
187 110 66
187 115 65
187 117 29
187 118 43
187 122 46
187 130 27
187 134 55
187 139 25
187 144 44
187 145 76
187 147 57
187 148 9
187 149 43
187 151 61
187 152 52
187 160 53
187 161 53
187 163 60
187 177 10
187 180 27
187 184 39
187 185 27
187 186 53
188 1 72
188 5 49
188 7 103
188 8 70
188 19 81
188 20 68
188 25 93
188 26 76
188 27 45
188 29 76
188 35 73
188 37 22
188 38 7
188 39 75
188 41 98
188 44 109
188 46 86
188 50 61
188 52 70
188 56 36
188 59 88
188 62 49
188 64 78
188 65 81
188 69 56
188 73 118
188 80 25
188 82 78
188 84 7
188 85 83
188 87 16
188 96 101
188 98 82
188 100 110
188 103 75
188 104 80
188 105 91
188 112 32
188 113 75
188 119 82
188 124 85
188 125 98
188 130 91
188 132 101
188 137 103
188 139 101
188 141 83
188 142 82
188 147 27
188 152 35
188 154 99
188 155 74
188 156 60
188 157 73
188 159 87
188 163 88
188 165 106
188 167 102
188 174 33
188 176 91
188 181 19
189 0 70
189 6 29
189 12 32
189 13 50
189 16 25
189 17 64
189 18 76
189 22 14
189 26 82
189 27 23
189 29 32
189 30 76
189 42 8
189 47 71
189 56 53
189 60 71
189 63 4
189 68 38
189 76 75
189 77 64
189 79 53
189 84 62
189 88 59
189 89 57
189 91 15
189 93 26
189 100 54
189 103 33
189 105 28
189 106 48
189 107 51
189 114 27
189 115 82
189 116 26
189 118 77
189 125 43
189 127 54
189 136 75
189 137 41
189 138 81
189 140 81
189 141 19
189 145 68
189 151 68
189 152 34
189 156 34
189 157 17
189 159 31
189 163 29
189 168 34
189 172 92
189 181 49
189 183 63
189 184 68
190 0 27
190 2 83
190 9 65
190 18 109
190 19 43
190 20 88
190 23 87
190 25 54
190 26 77
190 27 87
190 28 123
190 30 36
190 32 38
190 33 69
190 38 120
190 46 91
190 48 8
190 49 68
190 51 105
190 52 53
190 55 20
190 61 75
190 62 94
190 63 70
190 64 86
190 65 73
190 77 17
190 85 58
190 90 13
190 101 76
190 104 45
190 112 93
190 114 48
190 115 95
190 116 93
190 117 22
190 120 79
190 123 81
190 126 21
190 130 37
190 132 23
190 133 80
190 136 124
190 139 35
190 142 75
190 149 89
190 154 24
190 158 104
190 164 88
190 168 43
190 175 60
190 176 71
190 177 56
190 178 59
190 181 106
190 182 64
191 8 49
191 9 39
191 13 9
191 17 59
191 23 32
191 24 77
191 28 23
191 33 65
191 34 32
191 40 10
191 47 101
191 51 40
191 56 31
191 59 61
191 61 88
191 64 79
191 65 54
191 66 82
191 70 21
191 82 78
191 88 17
191 89 68
191 90 91
191 91 35
191 93 15
191 95 101
191 96 90
191 98 82
191 99 36
191 102 37
191 103 54
191 104 59
191 105 66
191 109 66
191 110 38
191 121 27
191 126 82
191 136 35
191 137 79
191 141 56
191 144 23
191 147 1
191 151 41
191 159 64
191 161 69
191 163 61
191 169 42
191 172 84
191 175 63
191 185 30
192 0 73
192 3 86
192 5 56
192 8 42
192 9 35
192 18 98
192 19 58
192 23 72
192 27 45
192 30 82
192 35 18
192 36 33
192 40 56
192 46 21
192 47 67
192 50 98
192 52 54
192 54 94
192 59 2
192 60 72
192 61 105
192 65 9
192 69 33
192 74 73
192 76 84
192 81 71
192 82 104
192 86 110
192 87 98
192 88 81
192 94 55
192 97 101
192 103 43
192 104 39
192 107 72
192 111 75
192 112 60
192 114 32
192 119 77
192 123 18
192 127 76
192 130 69
192 131 10
192 137 33
192 139 35
192 147 63
192 148 36
192 156 51
192 163 22
192 164 57
192 166 65
192 180 47
192 186 16
193 3 57
193 10 68
193 20 48
193 21 77
193 22 56
193 31 58
193 35 79
193 39 82
193 41 18
193 42 61
193 44 35
193 46 94
193 48 33
193 52 30
193 55 21
193 62 81
193 64 46
193 65 75
193 66 39
193 67 48
193 68 45
193 70 95
193 76 8
193 77 24
193 78 80
193 80 71
193 81 71
193 83 22
193 84 94
193 86 45
193 94 49
193 96 8
193 97 55
193 99 58
193 105 55
193 116 77
193 122 55
193 124 41
193 129 63
193 134 36
193 145 91
193 147 81
193 150 55
193 153 61
193 157 86
193 164 65
193 167 20
193 169 42
193 171 60
193 176 31
193 178 20
193 182 28
193 184 35
193 186 89
193 191 82
194 3 77
194 5 56
194 6 43
194 8 36
194 10 56
194 19 28
194 20 77
194 24 35
194 26 68
194 28 105
194 31 39
194 33 58
194 35 64
194 36 36
194 37 87
194 40 85
194 46 75
194 48 11
194 50 78
194 53 90
194 56 73
194 60 18
194 63 52
194 68 53
194 73 20
194 74 76
194 76 40
194 77 10
194 78 85
194 80 85
194 85 49
194 86 77
194 91 52
194 92 16
194 98 76
194 99 75
194 111 21
194 123 64
194 125 14
194 126 5
194 134 67
194 137 24
194 142 66
194 144 71
194 151 85
194 152 80
194 154 6
194 155 48
194 159 25
194 163 76
194 168 28
194 177 38
194 179 102
194 180 9
194 182 50
194 184 11
194 192 55
195 2 72
195 4 78
195 9 29
195 10 12
195 11 78
195 12 43
195 13 56
195 17 75
195 18 86
195 23 62
195 25 89
195 33 81
195 34 15
195 44 67
195 50 91
195 54 79
195 59 16
195 60 80
195 64 101
195 65 10
195 66 57
195 67 41
195 69 18
195 70 68
195 71 85
195 73 85
195 81 57
195 83 82
195 86 106
195 87 83
195 91 26
195 95 78
195 97 93
195 102 58
195 105 33
195 106 57
195 108 85
195 109 74
195 111 83
195 115 93
195 125 51
195 129 88
195 130 72
195 131 13
195 133 2
195 134 92
195 140 92
195 142 97
195 143 78
195 147 47
195 152 39
195 155 17
195 156 46
195 160 12
195 161 89
195 162 47
195 163 17
195 177 41
195 181 56
195 183 74
195 185 39
195 188 74
195 192 18
196 1 55
196 7 70
196 9 31
196 11 55
196 15 70
196 21 47
196 23 13
196 25 64
196 27 21
196 28 33
196 29 42
196 30 72
196 31 52
196 38 30
196 40 27
196 42 40
196 45 1
196 52 37
196 54 34
196 55 72
196 59 62
196 68 19
196 71 53
196 74 10
196 78 16
196 79 34
196 91 30
196 95 86
196 98 63
196 99 18
196 103 41
196 104 46
196 105 59
196 107 10
196 108 59
196 109 46
196 111 78
196 114 48
196 115 45
196 119 52
196 123 51
196 131 54
196 132 67
196 140 49
196 149 8
196 153 49
196 156 26
196 158 19
196 159 54
196 161 49
196 164 8
196 166 9
196 168 64
196 171 14
196 174 13
196 175 43
196 177 34
196 184 82
196 187 45
197 5 58
197 6 51
197 7 6
197 12 44
197 13 95
197 14 47
197 20 58
197 21 82
197 24 16
197 27 78
197 28 106
197 29 42
197 36 51
197 40 93
197 42 66
197 43 49
197 44 30
197 48 25
197 51 82
197 54 104
197 55 15
197 56 69
197 57 46
197 62 88
197 66 37
197 67 48
197 71 34
197 78 89
197 80 81
197 84 104
197 89 23
197 90 31
197 94 58
197 101 85
197 103 42
197 105 56
197 111 11
197 115 67
197 119 24
197 120 47
197 125 40
197 126 25
197 127 95
197 133 84
197 135 39
197 136 103
197 140 55
197 143 6
197 147 90
197 159 47
197 161 47
197 162 47
197 163 99
197 173 70
197 174 72
197 175 33
197 179 98
197 180 38
197 181 90
197 188 105
197 191 91
198 3 73
198 8 46
198 16 83
198 24 21
198 25 29
198 32 49
198 35 82
198 36 51
198 40 95
198 46 96
198 47 24
198 51 87
198 55 10
198 60 6
198 64 62
198 65 77
198 66 32
198 69 80
198 70 108
198 71 41
198 73 13
198 79 43
198 80 85
198 83 7
198 85 35
198 89 27
198 90 25
198 91 65
198 95 24
198 100 35
198 102 61
198 111 4
198 116 86
198 121 90
198 124 56
198 126 21
198 127 98
198 131 72
198 134 53
198 139 44
198 145 105
198 146 50
198 153 63
198 161 53
198 166 68
198 169 51
198 170 29
198 175 39
198 177 47
198 178 37
198 179 102
198 193 16
199 2 44
199 5 32
199 7 26
199 12 13
199 14 22
199 17 35
199 19 7
199 24 24
199 25 36
199 34 49
199 37 63
199 39 56
199 40 64
199 46 68
199 48 33
199 54 82
199 55 24
199 63 40
199 65 49
199 73 37
199 75 62
199 76 32
199 78 62
199 80 61
199 81 56
199 84 79
199 86 61
199 93 51
199 95 38
199 97 60
199 100 31
199 102 36
199 109 26
199 110 66
199 112 52
199 113 38
199 116 54
199 122 46
199 137 33
199 138 59
199 139 29
199 142 50
199 143 25
199 151 60
199 160 62
199 162 28
199 167 21
199 169 20
199 171 50
199 173 40
199 174 51
199 175 26
199 178 31
199 180 27
199 186 63
199 189 44
199 191 63
199 193 26
199 197 31
