200 5970
-1
31 32 87
31 65 81
97 50 92
55 34 71
68 6 92
69 67 91
37 17 76
18 95 87
4 89 94
35 26 93
66 5 74
49 94 98
48 54 81
2 25 88
53 37 79
86 23 96
75 99 73
68 69 71
28 30 71
28 85 74
89 92 80
62 28 88
98 50 97
65 36 78
32 19 100
87 60 73
38 0 92
46 76 85
35 1 71
39 47 70
88 88 86
97 84 81
2 37 77
4 22 78
18 99 70
15 27 99
48 39 71
47 38 94
68 76 86
47 6 76
85 49 85
14 0 82
43 2 85
85 70 71
56 86 92
18 91 93
68 52 83
74 37 89
80 77 85
74 72 93
6 100 83
55 24 100
47 92 85
39 57 81
54 40 94
70 65 75
63 64 90
31 25 71
64 14 70
20 35 81
34 47 94
67 5 87
14 80 83
23 47 72
29 69 81
54 76 75
80 36 100
73 61 75
85 82 86
6 66 76
3 27 84
29 24 93
28 8 75
15 75 84
45 36 84
84 16 85
71 4 92
14 57 77
25 67 94
96 14 84
57 54 84
11 57 96
35 43 91
70 61 85
64 80 95
22 67 95
67 72 82
80 26 89
43 54 92
29 26 76
81 31 80
41 68 80
31 32 71
39 11 79
56 70 76
29 31 89
49 94 89
87 81 91
11 86 77
36 32 100
42 54 97
88 11 96
51 67 96
90 46 83
29 95 88
70 12 77
42 96 88
83 93 100
97 58 74
11 2 72
0 37 87
65 3 77
6 0 84
8 84 72
97 27 75
55 41 95
7 47 88
38 2 96
96 84 75
63 90 86
64 74 87
7 14 89
9 5 98
52 21 79
5 10 87
55 63 93
68 54 87
78 55 72
48 42 82
21 92 75
47 17 88
34 69 80
19 25 99
71 83 82
38 39 90
65 95 90
27 60 77
63 8 73
29 32 77
65 62 85
90 2 87
2 100 88
20 53 98
15 18 70
83 1 73
31 85 79
21 30 100
30 86 98
55 47 81
78 69 80
1 5 73
53 53 87
23 18 91
60 75 75
19 4 98
71 1 75
60 85 93
69 47 82
83 23 74
62 87 82
21 11 83
14 94 87
8 7 97
96 37 71
50 34 78
37 38 99
67 61 72
47 9 74
51 44 80
67 3 87
98 28 73
45 42 77
91 28 99
90 90 81
36 95 71
34 83 84
26 87 75
94 98 96
24 64 88
53 62 84
75 1 86
78 94 75
41 88 73
65 39 100
50 80 90
97 29 71
19 65 70
85 51 96
93 25 77
73 92 70
92 19 96
0 50 82
90 88 86
52 96 90
51 58 96
95 73 88
5 54 86
27 50 88
45 42 70
40 39 89
-1
3 0 24
3 1 39
5 0 51
5 2 32
5 4 61
6 2 68
7 0 64
7 3 71
7 5 58
8 1 36
8 4 104
8 7 15
9 0 7
9 2 66
9 5 53
11 0 64
11 1 34
11 2 65
12 3 21
12 5 24
13 0 29
13 4 68
13 7 71
13 12 54
14 3 3
14 4 34
14 7 67
14 9 21
14 12 17
15 1 69
15 4 24
15 6 49
15 7 99
16 2 53
16 3 68
16 6 90
16 9 83
16 10 94
16 15 76
17 5 2
18 3 27
18 5 55
18 6 15
18 8 63
18 11 67
18 12 31
18 13 26
18 14 25
18 15 58
19 0 53
19 2 77
19 3 57
19 4 88
19 5 44
19 10 88
20 0 83
20 3 67
20 4 88
20 7 71
20 8 85
20 9 85
21 0 31
21 1 48
21 8 84
21 11 67
21 15 24
21 17 41
22 0 69
22 11 65
22 16 54
22 18 72
22 21 42
23 0 34
23 2 34
23 3 10
23 6 33
23 7 75
23 10 31
23 11 60
23 14 12
23 15 24
23 16 63
24 0 13
24 2 72
24 9 7
24 14 27
24 17 61
24 20 92
24 23 37
25 0 62
25 2 14
25 3 41
25 9 62
25 10 58
25 14 41
25 17 21
26 1 65
26 4 30
26 10 28
26 18 31
26 23 45
27 0 46
27 2 57
27 12 22
27 13 67
27 18 49
27 19 20
27 24 58
27 25 44
28 6 16
28 10 31
28 11 94
28 14 40
28 25 78
29 0 17
29 13 43
29 15 52
29 16 63
29 17 36
29 18 20
29 20 67
29 21 29
29 25 49
29 27 29
29 28 46
30 1 61
30 2 39
30 4 84
30 10 85
30 11 39
30 12 52
30 13 106
30 20 4
30 22 39
31 0 84
31 1 68
31 13 111
31 17 32
31 19 69
31 21 66
31 22 34
31 23 57
32 2 95
32 6 40
32 9 34
32 11 73
32 14 51
32 15 85
32 16 95
32 22 96
32 27 58
32 29 38
32 30 99
33 1 50
33 5 79
33 6 33
33 7 74
33 13 3
33 15 82
33 17 79
33 22 98
33 23 62
33 24 28
33 29 43
33 31 111
33 32 15
34 1 36
34 8 17
34 13 75
34 15 101
34 20 71
34 21 83
34 23 78
34 29 56
35 0 16
35 4 57
35 13 13
35 14 39
35 18 13
35 20 98
35 23 50
35 27 57
35 28 32
35 29 31
35 33 12
36 2 50
36 7 63
36 9 18
36 12 15
36 17 36
36 18 21
36 19 50
36 31 66
36 33 47
36 35 35
37 2 51
37 8 66
37 13 46
37 17 37
37 20 68
37 21 18
37 24 24
37 25 45
37 27 38
37 31 67
37 32 45
38 1 38
38 5 9
38 8 65
38 9 59
38 11 26
38 13 83
38 16 24
38 33 83
38 34 55
38 36 42
39 0 30
39 1 61
39 2 66
39 3 29
39 9 23
39 10 19
39 15 42
39 24 19
39 34 97
39 35 38
40 8 90
40 9 55
40 15 26
40 16 50
40 18 60
40 22 13
40 24 60
40 25 11
40 27 47
40 31 37
40 32 83
41 0 36
41 1 67
41 28 21
41 30 114
41 31 118
41 33 24
41 34 99
41 36 51
41 37 50
41 40 86
42 3 34
42 4 25
42 9 25
42 14 36
42 18 31
42 19 84
42 25 72
42 26 5
42 29 45
42 33 43
42 34 100
42 37 36
43 0 66
43 7 71
43 9 66
43 15 47
43 17 17
43 18 69
43 22 23
43 24 73
43 26 84
43 27 39
43 29 51
43 32 89
43 33 94
43 34 73
43 36 48
43 39 74
43 40 21
43 41 99
44 5 23
44 7 39
44 10 81
44 15 69
44 16 23
44 25 40
44 27 14
44 30 32
44 38 15
44 39 80
44 41 95
44 43 33
45 1 29
45 2 89
45 3 67
45 6 76
45 7 4
45 8 14
45 17 54
45 19 11
45 20 71
45 23 72
45 25 75
45 29 48
45 30 70
45 32 56
45 37 60
45 38 52
45 39 89
46 1 39
46 2 29
46 9 42
46 11 46
46 12 20
46 13 71
46 20 45
46 24 48
46 25 20
46 29 29
46 30 41
46 34 68
46 35 58
46 37 25
46 39 50
46 40 17
46 42 55
46 43 24
46 44 36
46 45 63
47 2 26
47 3 19
47 5 30
47 6 42
47 9 40
47 10 32
47 12 31
47 18 46
47 21 15
47 27 48
47 30 52
47 34 83
47 38 39
47 39 41
47 41 70
47 44 52
47 45 77
48 5 14
48 7 64
48 13 93
48 14 48
48 20 17
48 21 52
48 27 34
48 32 87
48 35 82
48 38 12
48 39 78
48 43 8
48 47 40
49 0 58
49 1 43
49 4 66
49 6 66
49 7 60
49 8 72
49 12 31
49 21 45
49 30 21
49 31 25
49 38 7
49 43 11
49 45 59
50 4 112
50 7 13
50 11 43
50 12 62
50 13 75
50 20 83
50 22 104
50 28 103
50 29 62
50 37 74
50 40 94
50 43 84
50 45 15
50 46 78
51 5 45
51 8 82
51 9 20
51 10 21
51 13 53
51 15 31
51 17 46
51 22 50
51 23 15
51 28 30
51 32 54
51 35 40
51 37 16
51 38 53
51 40 39
51 41 47
51 45 76
51 47 23
52 1 31
52 9 67
52 19 20
52 25 51
52 26 92
52 42 90
52 43 43
52 48 36
52 50 41
53 0 26
53 7 43
53 9 31
53 18 29
53 19 30
53 20 61
53 21 37
53 23 33
53 26 57
53 27 20
53 28 56
53 30 57
53 33 49
53 38 34
53 41 62
53 43 47
53 45 39
53 49 38
53 51 36
54 0 24
54 7 65
54 10 37
54 15 36
54 16 62
54 17 32
54 24 30
54 30 58
54 32 52
54 34 69
54 35 41
54 38 38
54 43 43
54 48 45
54 52 52
55 2 30
55 4 59
55 7 60
55 19 46
55 23 29
55 28 72
55 34 62
55 39 63
55 41 85
55 45 58
55 46 13
55 47 28
55 49 8
55 53 32
56 3 31
56 5 6
56 7 54
56 9 47
56 20 38
56 21 36
56 28 68
56 29 29
56 31 39
56 40 26
56 41 80
56 43 22
56 47 29
56 48 21
56 50 67
56 52 32
56 55 7
57 1 40
57 3 25
57 4 41
57 5 56
57 7 71
57 8 69
57 12 33
57 13 29
57 18 5
57 23 35
57 24 6
57 25 66
57 28 24
57 29 23
57 35 16
57 40 59
57 45 67
57 49 63
57 56 50
58 3 21
58 4 8
58 13 62
58 22 49
58 26 29
58 28 31
58 29 41
58 30 77
58 32 66
58 33 60
58 34 96
58 38 62
58 39 18
58 43 59
58 45 89
58 46 38
58 47 25
58 52 79
59 4 56
59 5 58
59 6 24
59 9 17
59 14 33
59 18 9
59 22 79
59 27 48
59 29 22
59 31 91
59 35 9
59 39 39
59 42 40
59 44 62
59 50 66
59 53 29
59 55 58
59 56 51
60 0 15
60 6 30
60 7 50
60 8 51
60 10 52
60 15 57
60 16 66
60 30 67
60 37 15
60 41 51
60 43 55
60 46 34
60 47 41
60 51 31
60 57 22
60 59 18
61 6 32
61 11 90
61 28 32
61 29 50
61 36 38
61 38 71
61 44 81
61 49 67
61 53 59
61 56 59
62 1 22
62 5 56
62 9 57
62 11 37
62 16 63
62 21 70
62 22 89
62 26 83
62 31 83
62 35 53
62 36 53
62 39 81
62 40 77
62 42 83
62 46 60
62 54 56
62 57 57
62 59 45
63 1 19
63 2 74
63 4 60
63 5 50
63 7 48
63 8 46
63 14 31
63 23 43
63 27 37
63 33 31
63 34 52
63 37 25
63 40 62
63 47 51
63 52 51
63 56 43
63 58 52
63 59 12
63 61 60
64 5 40
64 10 73
64 13 51
64 14 40
64 16 54
64 24 50
64 30 61
64 33 53
64 44 31
64 45 24
64 46 42
64 48 51
64 53 15
64 57 44
64 60 22
65 0 49
65 4 71
65 10 72
65 15 61
65 20 38
65 23 41
65 29 32
65 31 43
65 32 65
65 39 70
65 41 85
65 42 74
65 45 39
65 47 43
65 48 26
65 50 53
65 54 36
65 56 15
65 59 53
65 61 72
66 1 56
66 4 32
66 5 32
66 8 92
66 9 46
66 14 27
66 15 14
66 21 19
66 26 55
66 29 42
66 31 50
66 33 77
66 34 88
66 37 33
66 39 44
66 49 36
66 54 26
66 56 32
66 57 50
66 60 47
66 61 33
66 65 47
67 1 42
67 3 32
67 5 7
67 7 64
67 10 56
67 11 40
67 14 31
67 28 71
67 29 36
67 32 74
67 35 67
67 42 66
67 44 30
67 48 17
67 49 11
67 50 77
67 52 40
67 60 41
67 63 51
68 0 73
68 6 80
68 7 68
68 10 79
68 11 37
68 12 46
68 13 100
68 23 50
68 30 6
68 35 89
68 40 33
68 42 90
68 48 7
68 50 81
68 51 65
68 52 39
68 57 78
68 62 71
68 63 71
68 64 57
68 66 46
68 67 24
69 0 42
69 4 86
69 6 57
69 9 49
69 19 29
69 22 93
69 24 53
69 26 73
69 28 71
69 30 84
69 34 35
69 35 40
69 38 62
69 41 66
69 44 53
69 47 73
69 49 68
69 50 34
69 54 54
69 55 64
69 60 33
69 61 86
69 67 67
70 0 28
70 1 47
70 3 52
70 8 62
70 12 52
70 13 2
70 15 83
70 16 101
70 20 107
70 25 90
70 26 44
70 27 65
70 30 104
70 31 109
70 32 10
70 34 73
70 37 45
70 38 81
70 40 84
70 44 79
70 47 71
70 49 84
70 50 73
70 51 52
70 53 46
70 55 77
70 57 28
70 63 28
70 66 77
71 1 41
71 4 42
71 5 58
71 6 10
71 9 6
71 13 27
71 16 87
71 22 73
71 27 54
71 31 90
71 35 14
71 38 65
71 40 61
71 41 28
71 43 72
71 53 34
71 61 42
71 64 45
71 65 57
71 69 47
72 4 40
72 11 88
72 15 59
72 18 22
72 23 46
72 26 12
72 27 70
72 29 40
72 30 100
72 33 27
72 45 83
72 47 54
72 48 86
72 57 17
72 58 36
72 70 31
72 71 16
73 4 87
73 5 54
73 6 62
73 9 52
73 10 86
73 11 38
73 12 39
73 14 53
73 16 64
73 22 86
73 26 78
73 31 82
73 32 40
73 36 48
73 38 53
73 44 42
73 53 30
73 56 49
73 59 40
73 64 15
73 66 75
73 71 52
74 4 37
74 6 20
74 14 8
74 16 69
74 17 40
74 18 18
74 26 36
74 37 2
74 38 46
74 40 42
74 45 61
74 46 28
74 47 29
74 48 53
74 49 46
74 59 25
74 64 36
74 67 37
75 0 55
75 3 34
75 6 47
75 9 50
75 12 52
75 21 25
75 22 36
75 29 54
75 30 72
75 33 80
75 35 69
75 45 99
75 47 23
75 53 60
75 58 20
75 63 68
75 64 76
75 72 56
76 1 72
76 5 63
76 8 108
76 16 95
76 21 25
76 25 58
76 27 76
76 36 41
76 37 41
76 38 72
76 39 24
76 43 67
76 49 68
76 51 25
76 53 61
76 55 61
76 62 95
76 66 33
76 71 46
76 75 17
77 0 30
77 3 47
77 8 33
77 10 73
77 14 43
77 16 74
77 17 55
77 20 82
77 21 56
77 23 55
77 24 42
77 25 73
77 26 61
77 27 37
77 31 87
77 35 30
77 36 38
77 39 60
77 40 71
77 43 72
77 46 54
77 47 63
77 48 68
77 49 61
77 51 52
77 52 48
77 53 25
77 56 49
77 58 65
77 62 23
77 65 44
77 67 59
77 70 31
77 73 18
77 76 77
78 2 73
78 8 30
78 9 42
78 16 59
78 17 43
78 21 53
78 27 22
78 38 43
78 39 64
78 42 67
78 43 60
78 45 25
78 49 49
78 50 38
78 52 33
78 54 39
78 56 38
78 57 42
78 59 32
78 60 21
78 65 30
78 67 48
78 69 19
78 71 43
78 75 77
79 3 45
79 6 59
79 9 62
79 11 92
79 12 62
79 14 48
79 20 78
79 26 59
79 31 70
79 35 82
79 37 54
79 38 68
79 40 36
79 41 83
79 46 47
79 50 124
79 57 65
79 59 78
79 60 70
79 61 30
79 65 74
79 69 103
79 74 55
79 77 92
80 2 40
80 5 17
80 7 56
80 8 63
80 9 35
80 16 48
80 27 24
80 28 57
80 33 61
80 36 17
80 39 49
80 43 32
80 47 24
80 50 68
80 54 14
80 57 38
80 58 40
80 60 24
80 61 50
80 62 50
80 64 31
80 68 39
80 71 41
80 72 54
80 74 21
80 76 51
81 3 49
81 4 76
81 9 39
81 18 31
81 20 85
81 26 63
81 32 21
81 34 42
81 39 62
81 43 75
81 47 66
81 48 71
81 51 55
81 59 23
81 60 25
81 63 15
81 71 37
81 75 83
81 76 80
81 77 3
81 79 95
82 1 22
82 4 49
82 5 41
82 7 54
82 8 55
82 12 17
82 13 37
82 14 18
82 21 30
82 24 24
82 26 43
82 29 5
82 31 74
82 34 58
82 35 25
82 38 46
82 41 47
82 44 47
82 52 50
82 58 41
82 60 4
82 69 37
82 70 35
82 71 19
82 73 37
82 79 67
83 0 48
83 1 39
83 3 30
83 9 49
83 15 41
83 16 38
83 21 33
83 23 25
83 24 56
83 35 64
83 36 31
83 38 15
83 46 9
83 50 74
83 51 39
83 53 31
83 54 26
83 55 4
83 61 56
83 62 59
83 64 41
83 66 26
83 67 3
83 68 25
83 69 64
83 70 75
83 71 55
83 79 53
83 81 59
83 82 39
84 1 36
84 2 44
84 3 46
84 4 74
84 13 82
84 16 21
84 20 27
84 22 45
84 29 41
84 31 33
84 34 49
84 35 72
84 45 47
84 46 28
84 47 44
84 52 20
84 54 41
84 55 16
84 56 16
84 57 64
84 62 50
84 63 52
84 67 21
84 73 49
84 74 47
84 76 76
84 78 41
84 82 47
85 3 46
85 5 47
85 7 28
85 10 76
85 11 38
85 12 29
85 14 43
85 21 55
85 26 68
85 28 67
85 29 26
85 32 36
85 35 40
85 36 38
85 38 46
85 40 65
85 42 68
85 46 48
85 48 58
85 49 52
85 52 35
85 53 19
85 55 48
85 56 41
85 57 42
85 62 15
85 64 7
85 72 59
85 75 80
85 80 37
86 6 62
86 19 41
86 29 37
86 30 26
86 31 32
86 33 80
86 35 68
86 39 68
86 40 29
86 42 74
86 43 18
86 53 31
86 59 59
86 65 13
86 67 12
86 73 52
86 74 42
86 76 68
86 77 55
86 78 42
86 79 64
86 84 8
87 1 62
87 4 23
87 6 43
87 8 98
87 13 78
87 14 29
87 15 6
87 16 73
87 27 60
87 28 51
87 29 46
87 31 60
87 34 95
87 39 38
87 44 64
87 47 12
87 52 73
87 56 41
87 59 60
87 63 60
87 65 56
87 67 35
87 68 56
87 69 84
87 70 77
87 80 36
87 81 75
87 85 71
88 0 25
88 1 16
88 5 29
88 7 48
88 9 29
88 16 55
88 24 36
88 26 54
88 28 53
88 32 44
88 33 50
88 38 33
88 40 42
88 42 52
88 43 44
88 45 44
88 47 35
88 51 32
88 52 38
88 53 5
88 59 29
88 69 38
88 85 24
88 86 30
89 0 6
89 3 27
89 5 57
89 6 12
89 16 86
89 20 89
89 23 37
89 25 67
89 26 27
89 28 25
89 29 23
89 30 85
89 34 73
89 36 23
89 38 63
89 44 65
89 45 65
89 47 46
89 48 72
89 50 77
89 51 26
89 52 68
89 60 21
89 64 43
89 67 56
89 68 79
89 70 26
89 71 2
89 76 47
89 79 68
89 80 39
89 82 18
89 85 41
89 87 51
90 3 26
90 4 28
90 10 30
90 20 61
90 23 16
90 30 57
90 36 33
90 40 18
90 42 47
90 48 46
90 50 101
90 57 50
90 62 83
90 71 52
90 78 66
90 82 47
90 84 51
90 85 69
91 2 58
91 5 28
91 11 27
91 14 33
91 15 63
91 16 46
91 24 49
91 31 58
91 32 49
91 36 29
91 41 73
91 45 32
91 47 45
91 53 11
91 54 30
91 61 68
91 63 27
91 65 15
91 72 61
91 73 26
91 77 29
91 81 31
91 84 25
91 86 26
91 87 57
92 0 0
92 2 68
92 19 53
92 24 13
92 26 32
92 34 68
92 38 57
92 40 56
92 43 66
92 49 58
92 50 72
92 53 26
92 59 11
92 76 48
92 81 32
92 82 11
92 85 36
92 89 6
93 0 22
93 1 54
93 4 29
93 5 63
93 8 85
93 10 27
93 13 39
93 14 29
93 18 21
93 22 70
93 23 36
93 24 10
93 26 11
93 29 36
93 35 28
93 36 29
93 37 28
93 39 9
93 41 27
93 42 9
93 43 74
93 45 82
93 48 77
93 49 70
93 51 20
93 60 36
93 61 28
93 66 48
93 69 64
93 71 16
93 80 46
93 88 43
94 1 25
94 4 65
94 5 13
94 6 56
94 8 55
94 10 65
94 20 39
94 25 32
94 28 72
94 29 28
94 33 70
94 37 33
94 40 35
94 44 16
94 53 21
94 59 50
94 61 65
94 71 53
94 72 68
94 82 34
94 87 50
94 88 20
94 92 45
94 93 61
95 3 26
95 5 53
95 6 16
95 7 64
95 8 63
95 9 7
95 13 27
95 16 82
95 26 32
95 27 48
95 32 27
95 42 32
95 45 61
95 47 45
95 49 60
95 52 63
95 53 27
95 60 16
95 68 75
95 72 23
95 77 30
95 85 36
95 86 55
95 93 22
96 0 64
96 5 33
96 6 77
96 7 31
96 8 45
96 9 69
96 15 80
96 20 40
96 21 67
96 22 65
96 23 60
96 24 76
96 33 84
96 34 31
96 37 56
96 40 57
96 41 100
96 45 31
96 49 33
96 63 53
96 65 18
96 70 81
96 72 88
96 73 38
96 75 85
96 81 53
96 82 52
96 85 38
96 88 40
97 3 56
97 4 77
97 12 47
97 18 77
97 19 59
97 20 11
97 24 82
97 26 94
97 27 41
97 28 95
97 32 95
97 36 57
97 37 58
97 40 32
97 41 109
97 43 11
97 55 23
97 61 78
97 62 73
97 64 59
97 67 24
97 69 82
97 71 81
97 72 93
97 73 72
97 92 74
97 95 76
97 96 40
98 7 11
98 8 7
98 9 64
98 13 61
98 14 64
98 20 78
98 21 77
98 23 73
98 38 57
98 39 87
98 43 75
98 51 76
98 56 56
98 58 89
98 60 45
98 62 6
98 67 66
98 68 74
98 69 20
98 70 59
98 76 101
98 77 29
98 78 23
98 82 49
98 93 80
98 94 47
99 2 63
99 3 19
99 7 65
99 8 65
99 10 40
99 12 25
99 13 34
99 17 48
99 18 8
99 24 13
99 25 58
99 33 33
99 36 13
99 42 30
99 44 57
99 51 20
99 53 25
99 54 19
99 57 8
99 59 16
99 67 47
99 69 45
99 73 47
99 75 50
99 78 36
99 81 35
99 83 44
99 84 55
99 85 37
99 87 44
99 92 5
99 95 7
99 97 70
100 0 24
100 1 15
100 2 55
100 3 23
100 4 54
100 6 37
100 15 53
100 19 34
100 30 57
100 34 51
100 35 38
100 38 34
100 39 48
100 41 60
100 42 52
100 48 44
100 51 32
100 52 38
100 54 18
100 61 55
100 62 38
100 65 25
100 66 42
100 69 37
100 71 32
100 73 34
100 76 57
100 80 15
100 86 30
100 87 47
100 91 14
100 97 52
101 5 59
101 7 109
101 10 22
101 11 91
101 18 62
101 25 49
101 28 53
101 34 112
101 35 74
101 37 49
101 38 68
101 42 45
101 45 106
101 49 62
101 54 44
101 55 56
101 57 58
101 64 82
101 66 26
101 68 71
101 72 60
101 74 49
101 81 89
101 84 73
101 85 86
101 93 49
101 96 91
102 1 20
102 8 51
102 9 44
102 10 63
102 15 56
102 16 40
102 17 17
102 18 43
102 19 29
102 21 40
102 23 34
102 25 36
102 26 68
102 31 49
102 35 53
102 38 19
102 41 76
102 42 65
102 56 12
102 57 46
102 58 54
102 61 64
102 71 48
102 72 63
102 73 36
102 76 66
102 78 26
102 83 19
102 85 29
102 88 15
102 90 46
102 98 44
102 99 38
103 4 45
103 5 29
103 7 87
103 18 64
103 21 33
103 26 69
103 31 38
103 33 89
103 34 89
103 35 77
103 38 37
103 43 24
103 49 30
103 51 41
103 54 36
103 61 47
103 63 67
103 67 22
103 69 86
103 71 64
103 74 46
103 82 55
103 85 71
103 89 64
103 91 53
103 95 62
103 100 48
103 101 35
104 2 81
104 5 48
104 6 78
104 8 25
104 9 69
104 16 46
104 17 46
104 18 65
104 22 82
104 26 95
104 27 25
104 28 94
104 35 69
104 37 59
104 41 96
104 43 61
104 48 54
104 52 18
104 54 60
104 55 50
104 56 46
104 57 70
104 60 48
104 70 72
104 73 24
104 77 40
104 81 42
104 92 63
104 94 36
104 99 63
104 102 35
104 103 78
105 0 43
105 2 46
105 6 33
105 8 101
105 12 47
105 14 30
105 15 19
105 19 84
105 22 47
105 25 50
105 26 34
105 33 66
105 42 28
105 44 75
105 45 94
105 48 65
105 49 60
105 53 54
105 56 52
105 58 6
105 62 88
105 67 49
105 68 71
105 70 68
105 73 83
105 79 26
105 80 43
105 82 46
105 90 21
105 96 84
105 98 94
105 104 92
106 5 39
106 9 70
106 18 67
106 19 17
106 23 64
106 26 96
106 27 20
106 28 95
106 29 49
106 34 24
106 42 94
106 43 50
106 46 51
106 49 40
106 50 36
106 57 71
106 60 49
106 67 46
106 69 46
106 76 96
106 78 33
106 79 98
106 83 44
106 84 27
106 87 79
106 90 75
106 92 64
106 95 66
106 96 7
106 98 32
106 100 42
107 0 80
107 1 59
107 2 45
107 4 88
107 7 65
107 8 79
107 10 89
107 12 52
107 13 105
107 14 63
107 16 10
107 22 45
107 30 7
107 31 16
107 39 94
107 43 23
107 45 65
107 47 56
107 50 77
107 51 74
107 52 36
107 57 85
107 58 81
107 59 85
107 62 70
107 64 59
107 66 57
107 70 103
107 74 68
107 75 77
107 76 89
107 77 77
107 79 80
107 80 46
107 82 69
107 84 23
107 88 55
107 91 48
107 92 80
107 94 35
107 106 41
108 3 48
108 13 100
108 15 36
108 18 74
108 19 74
108 21 46
108 24 75
108 29 59
108 35 87
108 36 52
108 38 34
108 40 15
108 43 16
108 48 25
108 49 26
108 50 100
108 52 60
108 56 34
108 59 80
108 61 60
108 62 85
108 66 27
108 70 98
108 72 85
108 75 43
108 83 27
108 89 75
108 94 42
108 100 55
109 0 36
109 1 66
109 3 54
109 5 87
109 8 87
109 11 99
109 20 119
109 23 63
109 30 115
109 33 21
109 34 97
109 36 52
109 39 36
109 41 3
109 42 32
109 44 95
109 48 101
109 51 49
109 56 80
109 59 34
109 60 50
109 63 46
109 80 69
109 85 65
109 87 73
109 88 61
109 97 109
109 103 90
109 105 59
109 107 116
110 5 75
110 7 60
110 8 52
110 11 75
110 13 12
110 16 97
110 20 104
110 22 98
110 27 60
110 28 50
110 34 64
110 37 47
110 40 85
110 49 81
110 57 33
110 58 68
110 66 80
110 68 96
110 74 45
110 75 86
110 76 78
110 84 77
110 89 31
110 95 29
110 96 75
110 99 36
110 101 91
110 104 64
111 1 70
111 3 32
111 5 64
111 6 31
111 8 105
111 9 37
111 10 2
111 11 92
111 12 53
111 14 36
111 16 96
111 22 57
111 30 88
111 33 63
111 34 106
111 35 55
111 36 39
111 40 50
111 55 62
111 57 40
111 59 55
111 65 73
111 71 41
111 74 38
111 76 6
111 78 75
111 83 58
111 95 45
111 100 55
111 106 95
111 107 91
111 109 54
112 3 59
112 4 62
112 7 95
112 9 38
112 12 68
112 15 83
112 23 69
112 31 123
112 36 57
112 37 55
112 40 92
112 41 8
112 44 99
112 48 106
112 59 37
112 60 54
112 67 90
112 68 113
112 69 66
112 76 65
112 79 91
112 82 51
112 83 88
112 88 65
112 90 81
112 96 103
112 97 114
112 106 102
112 108 107
112 111 59
113 1 29
113 14 65
113 17 61
113 23 74
113 24 69
113 26 89
113 27 38
113 28 87
113 29 48
113 35 57
113 36 60
113 40 84
113 47 81
113 53 41
113 54 63
113 59 50
113 61 98
113 69 18
113 70 57
113 72 78
113 73 11
113 75 101
113 83 66
113 86 60
113 92 56
113 98 3
113 99 59
113 102 46
113 103 90
113 104 23
113 109 82
113 110 47
113 111 99
114 5 48
114 7 104
114 8 111
114 9 62
114 11 82
114 12 55
114 14 45
114 15 11
114 16 75
114 17 51
114 22 23
114 24 65
114 30 61
114 33 93
114 34 106
114 42 59
114 52 82
114 53 65
114 54 44
114 58 35
114 64 79
114 69 99
114 74 52
114 78 82
114 81 91
114 85 85
114 88 60
114 94 59
114 97 54
114 98 104
114 100 61
114 111 40
115 1 33
115 3 7
115 7 65
115 8 70
115 9 25
115 10 37
115 12 14
115 15 35
115 18 29
115 21 14
115 26 44
115 27 36
115 32 53
115 36 7
115 37 8
115 39 35
115 43 41
115 44 45
115 50 76
115 51 17
115 55 28
115 58 28
115 60 21
115 62 56
115 68 50
115 70 53
115 73 52
115 77 44
115 82 20
115 83 25
115 85 42
115 86 33
115 87 29
115 89 30
115 97 51
115 99 21
115 100 18
115 102 26
115 103 35
115 108 45
115 111 39
115 113 63
116 2 90
116 4 73
116 6 42
116 9 35
116 11 63
116 14 47
116 28 53
116 34 53
116 48 78
116 49 71
116 58 65
116 59 17
116 60 27
116 62 33
116 64 31
116 65 55
116 68 85
116 71 31
116 74 39
116 75 83
116 81 10
116 84 65
116 87 75
116 93 48
116 97 86
116 99 32
116 100 35
116 102 48
116 103 83
116 111 72
117 2 76
117 7 95
117 8 93
117 9 24
117 12 52
117 13 42
117 14 38
117 17 73
117 19 83
117 29 45
117 30 99
117 32 50
117 36 38
117 37 37
117 38 79
117 39 9
117 40 66
117 42 5
117 45 91
117 46 58
117 47 50
117 50 103
117 51 27
117 59 37
117 60 45
117 63 47
117 67 68
117 69 71
117 70 43
117 77 60
117 79 59
117 81 61
117 85 66
117 88 52
117 90 51
117 95 30
117 96 92
117 102 66
117 104 93
117 108 81
118 4 82
118 8 92
118 10 84
118 13 110
118 14 63
118 21 65
118 29 67
118 30 8
118 31 1
118 34 79
118 40 36
118 45 78
118 46 42
118 48 17
118 49 25
118 51 72
118 53 63
118 54 60
118 55 32
118 60 72
118 61 84
118 65 42
118 67 32
118 69 91
118 73 81
118 74 70
118 78 73
118 79 70
118 80 49
118 84 32
118 88 60
118 95 85
118 96 48
118 99 79
118 100 61
118 101 73
118 102 48
118 112 123
118 115 59
118 117 100
119 1 40
119 4 84
119 7 45
119 8 59
119 9 69
119 13 89
119 20 26
119 28 93
119 32 80
119 34 45
119 35 79
119 36 53
119 41 102
119 42 90
119 47 54
119 50 57
119 52 16
119 53 40
119 55 25
119 59 69
119 69 61
119 73 50
119 74 56
119 77 59
119 84 10
119 89 72
119 90 61
119 96 14
119 99 63
119 100 41
119 102 25
119 110 82
119 112 106
119 113 55
119 117 91
120 8 61
120 11 25
120 13 79
120 16 27
120 19 37
120 22 41
120 23 38
120 24 63
120 27 18
120 28 78
120 34 52
120 36 38
120 39 70
120 42 75
120 43 21
120 44 14
120 45 49
120 46 22
120 48 16
120 52 24
120 54 35
120 58 60
120 63 49
120 66 41
120 68 22
120 71 61
120 73 49
120 74 42
120 76 70
120 79 68
120 80 21
120 81 55
120 82 42
120 84 6
120 90 46
120 92 53
120 99 50
120 103 38
120 107 26
120 109 89
120 110 73
120 116 63
121 4 61
121 7 81
121 10 59
121 12 57
121 14 51
121 15 79
121 22 97
121 23 62
121 30 109
121 41 15
121 42 37
121 46 71
121 54 53
121 56 75
121 59 24
121 62 66
121 63 36
121 70 13
121 79 89
121 88 53
121 89 25
121 91 63
121 93 32
121 96 90
121 100 53
121 102 68
121 107 109
121 112 14
121 113 70
121 117 33
121 119 94
122 1 63
122 2 98
122 3 54
122 4 59
122 12 62
122 13 21
122 16 114
122 18 31
122 21 57
122 24 26
122 26 29
122 32 32
122 37 50
122 38 92
122 41 7
122 44 93
122 45 86
122 46 75
122 51 49
122 54 57
122 59 31
122 60 48
122 61 58
122 63 44
122 64 67
122 66 77
122 70 22
122 72 19
122 73 70
122 81 52
122 86 88
122 87 74
122 91 70
122 95 32
122 97 108
122 101 79
122 102 74
122 104 92
122 112 5
123 0 23
123 3 13
123 7 81
123 9 17
123 15 34
123 17 50
123 22 54
123 27 55
123 30 76
123 40 43
123 41 43
123 44 65
123 46 34
123 48 62
123 50 91
123 51 4
123 52 71
123 56 44
123 57 21
123 63 38
123 64 53
123 68 69
123 70 49
123 72 27
123 79 44
123 80 33
123 83 43
123 85 54
123 87 28
123 90 30
123 92 23
123 94 49
123 100 34
123 101 37
123 102 46
123 109 45
123 113 76
124 1 60
124 6 32
124 8 79
124 10 61
124 11 94
124 12 61
124 14 55
124 18 30
124 21 59
124 26 34
124 29 50
124 30 113
124 32 27
124 48 100
124 52 92
124 55 85
124 57 30
124 60 47
124 66 79
124 68 107
124 71 27
124 74 47
124 75 79
124 81 47
124 82 44
124 87 76
124 88 58
124 90 78
124 95 31
124 96 94
124 98 76
124 101 83
124 106 93
124 109 10
124 110 27
124 117 33
124 118 117
124 123 48
125 1 24
125 8 57
125 12 11
125 14 26
125 19 34
125 23 28
125 26 65
125 30 41
125 32 59
125 36 25
125 37 26
125 44 23
125 47 32
125 68 35
125 70 63
125 72 61
125 75 55
125 76 61
125 77 41
125 82 28
125 83 15
125 86 15
125 90 41
125 99 36
125 102 5
125 103 38
125 105 53
125 114 55
125 118 46
125 119 28
125 120 14
126 0 43
126 2 29
126 10 49
126 16 45
126 33 71
126 38 22
126 40 17
126 46 2
126 47 18
126 49 18
126 53 29
126 55 11
126 63 45
126 64 41
126 65 26
126 70 70
126 73 57
126 74 29
126 76 50
126 77 54
126 78 44
126 79 48
126 89 48
126 91 30
126 98 65
126 101 47
126 109 77
126 110 70
126 111 51
126 114 39
126 116 61
126 120 20
126 121 72
126 125 15
127 0 52
127 6 55
127 7 72
127 10 51
127 11 48
127 14 30
127 26 68
127 33 81
127 40 9
127 43 16
127 46 10
127 47 18
127 49 17
127 50 84
127 52 48
127 58 43
127 59 61
127 64 50
127 65 31
127 67 7
127 68 27
127 70 80
127 73 66
127 76 51
127 77 64
127 79 44
127 80 21
127 81 67
127 83 10
127 85 57
127 88 35
127 89 56
127 90 24
127 97 27
127 98 73
127 106 54
127 108 19
127 109 85
127 111 53
127 114 33
127 118 34
127 122 85
127 125 24
127 126 10
128 0 19
128 2 49
128 5 32
128 6 27
128 7 60
128 11 52
128 20 64
128 21 19
128 24 28
128 25 42
128 26 43
128 28 43
128 29 10
128 30 60
128 35 36
128 38 39
128 41 54
128 42 40
128 43 46
128 48 47
128 52 50
128 53 17
128 55 31
128 57 24
128 59 28
128 61 41
128 65 34
128 66 32
128 69 48
128 71 26
128 74 6
128 83 29
128 90 34
128 93 32
128 94 29
128 95 21
128 98 57
128 103 42
128 105 37
128 106 54
128 111 42
128 113 58
128 115 7
128 123 21
128 124 53
128 125 22
128 126 23
129 4 98
129 5 54
129 11 28
129 17 52
129 28 92
129 32 58
129 33 72
129 37 59
129 47 76
129 48 60
129 52 26
129 53 39
129 59 57
129 61 98
129 64 24
129 66 81
129 68 64
129 73 18
129 75 98
129 77 35
129 83 57
129 84 44
129 93 82
129 95 61
129 96 28
129 100 43
129 101 105
129 102 39
129 105 93
129 106 21
129 108 83
129 109 90
129 112 93
129 117 91
129 118 75
129 119 42
129 121 79
129 122 87
129 123 77
129 126 60
129 127 67
130 0 21
130 1 50
130 2 59
130 4 23
130 7 83
130 10 22
130 13 45
130 18 23
130 20 85
130 23 26
130 25 58
130 26 19
130 27 59
130 28 20
130 29 31
130 31 83
130 36 22
130 40 49
130 52 75
130 58 17
130 62 71
130 70 45
130 75 37
130 76 27
130 79 49
130 81 53
130 90 36
130 94 53
130 95 22
130 98 77
130 102 50
130 104 80
130 106 79
130 108 64
130 113 77
130 114 50
130 122 39
130 125 46
130 127 49
131 1 5
131 2 65
131 6 52
131 17 34
131 20 59
131 26 69
131 31 64
131 33 55
131 38 34
131 54 35
131 57 44
131 59 36
131 62 22
131 63 24
131 68 52
131 69 28
131 73 19
131 78 9
131 83 36
131 84 31
131 86 33
131 106 28
131 108 63
131 114 75
131 117 67
131 118 63
131 120 30
131 123 51
131 125 21
131 127 46
131 128 30
131 130 53
132 5 65
132 6 19
132 9 16
132 13 17
132 14 36
132 16 92
132 19 60
132 20 96
132 23 47
132 27 57
132 28 28
132 30 93
132 32 20
132 37 30
132 38 70
132 43 79
132 44 71
132 51 36
132 54 38
132 57 12
132 61 52
132 69 43
132 71 10
132 74 28
132 76 56
132 78 42
132 79 77
132 80 47
132 85 42
132 89 10
132 90 62
132 91 48
132 92 13
132 94 58
132 99 18
132 100 37
132 104 70
132 105 52
132 107 93
132 109 24
132 119 78
132 122 22
132 123 33
132 125 52
132 129 67
132 131 46
133 2 42
133 5 16
133 7 54
133 9 67
133 11 24
133 12 37
133 13 90
133 15 61
133 16 16
133 19 43
133 20 20
133 24 74
133 28 89
133 34 55
133 43 19
133 47 46
133 50 67
133 52 25
133 58 69
133 68 14
133 71 72
133 77 62
133 78 48
133 80 32
133 83 22
133 87 57
133 92 64
133 94 19
133 96 24
133 98 60
133 100 41
133 103 41
133 105 71
133 107 15
133 108 36
133 113 63
133 114 61
133 125 25
133 129 50
133 130 70
133 131 39
133 132 77
134 2 60
134 3 17
134 7 59
134 11 56
134 14 15
134 26 39
134 38 47
134 39 34
134 43 56
134 44 50
134 48 56
134 51 22
134 57 15
134 60 8
134 68 63
134 71 17
134 72 32
134 74 7
134 81 32
134 85 32
134 87 43
134 101 57
134 102 30
134 110 38
134 113 54
134 117 37
134 118 73
134 121 39
134 122 44
134 124 43
134 128 10
134 129 55
134 132 23
135 2 55
135 3 61
135 8 61
135 9 75
135 13 94
135 16 10
135 18 74
135 22 55
135 33 95
135 36 58
135 38 19
135 41 107
135 42 95
135 46 43
135 49 24
135 51 71
135 53 46
135 54 56
135 56 31
135 57 77
135 58 81
135 61 90
135 62 53
135 67 34
135 76 91
135 77 63
135 80 41
135 83 34
135 88 46
135 91 36
135 94 26
135 100 47
135 108 48
135 110 87
135 112 111
135 113 58
135 115 54
135 116 75
135 120 21
135 125 33
135 126 41
135 131 40
136 0 28
136 2 70
136 5 42
136 9 34
136 10 67
136 11 40
136 12 21
136 16 61
136 20 69
136 22 71
136 23 44
136 24 41
136 31 74
136 32 33
136 35 35
136 39 57
136 41 61
136 46 41
136 49 48
136 52 37
136 53 12
136 61 68
136 62 23
136 64 9
136 65 31
136 71 36
136 72 52
136 76 71
136 83 43
136 84 42
136 94 30
136 98 30
136 112 63
136 114 77
136 118 73
136 119 46
136 123 46
136 124 54
136 130 47
136 135 51
137 0 40
137 1 65
137 4 5
137 9 33
137 20 87
137 21 20
137 28 28
137 32 67
137 33 60
137 36 34
137 38 68
137 39 16
137 42 20
137 46 44
137 49 64
137 53 54
137 54 33
137 57 36
137 61 5
137 64 69
137 67 53
137 77 69
137 84 72
137 89 38
137 93 24
137 94 62
137 96 87
137 101 25
137 104 93
137 105 8
137 107 87
137 108 60
137 112 57
137 113 93
137 115 33
137 117 25
137 119 82
137 121 56
137 123 17
137 128 37
137 130 18
137 132 47
137 134 39
137 136 63
138 0 2
138 1 33
138 3 26
138 6 17
138 7 63
138 24 13
138 28 31
138 43 67
138 44 60
138 52 62
138 53 26
138 55 52
138 64 37
138 65 50
138 67 52
138 68 75
138 69 41
138 72 24
138 73 45
138 75 57
138 76 50
138 77 29
138 80 35
138 85 35
138 91 37
138 92 2
138 97 75
138 98 56
138 110 29
138 111 46
138 112 39
138 116 26
138 119 67
138 121 28
138 122 33
138 127 54
138 128 21
139 0 45
139 1 34
139 9 46
139 14 27
139 17 7
139 21 34
139 26 67
139 27 23
139 37 30
139 44 25
139 51 39
139 53 26
139 56 2
139 57 50
139 59 52
139 60 34
139 63 44
139 68 28
139 69 59
139 74 32
139 75 49
139 79 57
139 85 43
139 86 10
139 88 23
139 91 24
139 92 45
139 94 12
139 96 35
139 98 59
139 105 50
139 106 41
139 110 69
139 115 23
139 117 65
139 118 38
139 127 14
139 129 53
139 130 48
139 131 31
139 132 59
139 133 21
140 2 48
140 7 117
140 10 24
140 15 21
140 16 98
140 22 48
140 23 42
140 30 86
140 33 88
140 34 120
140 36 55
140 37 56
140 38 77
140 39 43
140 44 90
140 50 129
140 52 99
140 53 75
140 55 66
140 56 67
140 57 63
140 62 108
140 63 80
140 64 90
140 66 35
140 70 90
140 73 104
140 76 19
140 77 93
140 81 96
140 86 73
140 88 70
140 93 51
140 94 76
140 96 100
140 99 61
140 100 70
140 102 75
140 109 79
140 111 25
140 113 115
140 114 25
140 117 52
140 118 82
140 119 92
140 121 83
140 122 81
140 124 85
140 129 113
140 130 45
140 134 63
140 136 85
141 5 74
141 10 114
141 11 47
141 12 65
141 16 73
141 17 72
141 19 30
141 20 87
141 22 108
141 23 89
141 24 86
141 27 50
141 29 64
141 31 96
141 32 63
141 39 104
141 40 97
141 43 88
141 49 77
141 50 4
141 55 76
141 60 61
141 64 41
141 65 57
141 67 81
141 68 84
141 72 95
141 85 38
141 86 70
141 90 104
141 92 73
141 93 96
141 96 47
141 100 60
141 101 123
141 102 59
141 104 27
141 107 81
141 111 115
141 123 93
141 124 90
141 130 94
141 133 71
141 134 70
141 139 73
142 3 39
142 5 50
142 6 39
142 10 66
142 11 50
142 12 28
142 21 48
142 22 78
142 23 48
142 36 31
142 49 57
142 52 47
142 55 51
142 63 6
142 74 30
142 77 7
142 78 14
142 81 9
142 91 25
142 95 23
142 96 50
142 97 72
142 104 42
142 112 54
142 122 49
142 132 28
142 133 59
142 136 9
142 138 22
143 8 71
143 9 21
143 13 14
143 20 104
143 23 53
143 24 17
143 27 65
143 28 26
143 32 23
143 37 37
143 46 62
143 48 87
143 49 79
143 50 82
143 56 66
143 64 52
143 67 72
143 69 48
143 77 39
143 85 49
143 86 74
143 87 65
143 89 16
143 99 25
143 102 60
143 103 80
143 107 101
143 115 46
143 116 30
143 117 28
143 119 86
143 122 14
143 123 37
143 124 12
143 125 60
143 126 64
143 128 40
143 132 8
143 133 85
143 134 31
143 135 91
143 136 43
143 140 76
143 141 83
144 0 60
144 5 67
144 6 48
144 9 54
144 17 69
144 18 62
144 24 54
144 26 45
144 28 48
144 37 51
144 40 48
144 48 76
144 50 125
144 52 97
144 55 65
144 59 71
144 62 104
144 63 75
144 66 35
144 67 60
144 69 100
144 70 84
144 71 58
144 72 55
144 73 100
144 78 87
144 81 91
144 84 81
144 85 89
144 87 25
144 89 59
144 92 60
144 96 99
144 100 67
144 103 45
144 105 17
144 111 18
144 112 77
144 113 111
144 115 48
144 119 91
144 121 77
144 124 78
144 127 54
144 129 110
144 131 83
144 134 58
144 138 62
144 140 7
145 3 56
145 7 16
145 9 59
145 10 87
145 16 46
145 17 40
145 18 55
145 21 64
145 22 75
145 24 66
145 25 61
145 26 85
145 27 17
145 32 56
145 34 19
145 39 80
145 40 64
145 44 25
145 45 14
145 47 64
145 50 29
145 54 50
145 57 60
145 59 51
145 63 38
145 64 16
145 70 64
145 75 87
145 77 32
145 81 34
145 84 33
145 89 59
145 90 73
145 95 54
145 100 32
145 102 26
145 103 70
145 110 57
145 111 88
145 113 23
145 115 50
145 116 44
145 117 83
145 118 65
145 120 34
145 125 32
145 127 55
145 128 46
145 129 12
145 131 16
145 132 61
145 135 35
146 3 34
146 7 65
146 9 14
146 10 51
146 13 19
146 20 92
146 23 44
146 24 15
146 28 32
146 30 88
146 32 20
146 33 18
146 35 6
146 39 35
146 40 66
146 42 35
146 46 51
146 47 53
146 48 75
146 50 71
146 53 32
146 60 21
146 67 60
146 82 19
146 83 57
146 86 62
146 88 32
146 92 10
146 98 56
146 101 69
146 103 70
146 109 29
146 111 51
146 113 55
146 120 61
146 122 27
146 126 52
146 128 29
146 130 29
146 137 47
146 142 23
147 1 21
147 2 76
147 3 57
147 9 60
147 10 88
147 16 46
147 22 76
147 25 62
147 31 67
147 32 56
147 35 60
147 36 50
147 37 50
147 40 66
147 43 57
147 45 13
147 46 50
147 49 46
147 57 61
147 59 51
147 61 89
147 67 49
147 78 19
147 84 34
147 86 39
147 87 78
147 88 34
147 97 57
147 98 19
147 101 94
147 102 28
147 104 9
147 113 22
147 117 84
147 118 66
147 119 33
147 124 80
147 128 47
147 137 84
147 138 54
147 146 56
148 1 30
148 6 34
148 12 9
148 15 39
148 16 55
148 19 46
148 23 14
148 24 36
148 26 49
148 28 50
148 31 55
148 32 53
148 33 56
148 36 10
148 37 12
148 38 31
148 39 41
148 40 30
148 42 46
148 48 39
148 53 18
148 54 7
148 55 23
148 56 18
148 58 34
148 59 37
148 60 21
148 61 43
148 63 32
148 77 42
148 78 36
148 82 20
148 86 27
148 87 32
148 90 30
148 94 23
148 97 46
148 100 14
148 102 20
148 108 43
148 109 62
148 111 45
148 113 59
148 114 46
148 116 48
148 118 55
148 125 16
148 129 56
148 133 39
148 143 49
148 146 38
149 0 59
149 10 65
149 11 38
149 12 33
149 16 30
149 17 10
149 19 52
149 21 44
149 23 35
149 25 12
149 27 32
149 29 44
149 32 82
149 36 42
149 38 12
149 43 7
149 53 40
149 58 56
149 67 9
149 68 14
149 74 46
149 76 65
149 77 65
149 78 53
149 79 57
149 83 11
149 84 17
149 87 43
149 91 37
149 92 59
149 94 22
149 97 15
149 101 58
149 102 27
149 104 55
149 111 67
149 120 14
149 121 89
149 122 94
149 124 93
149 125 23
149 130 60
149 132 73
149 136 51
149 138 61
149 142 60
149 148 31
150 1 67
150 4 67
150 7 91
150 10 65
150 16 119
150 18 36
150 21 65
150 27 84
150 30 120
150 31 124
150 32 32
150 33 17
150 44 97
150 46 81
150 54 63
150 56 85
150 65 88
150 69 61
150 73 71
150 80 74
150 95 38
150 96 101
150 97 114
150 104 94
150 106 99
150 107 120
150 114 98
150 118 123
150 124 6
150 132 26
150 136 60
150 142 51
150 149 100
151 0 30
151 2 44
151 6 39
151 10 49
151 13 58
151 28 55
151 33 57
151 38 27
151 40 32
151 42 51
151 47 26
151 49 28
151 52 39
151 54 13
151 58 40
151 61 50
151 62 47
151 63 30
151 67 21
151 71 37
151 73 43
151 75 48
151 77 39
151 79 58
151 87 38
151 88 10
151 97 44
151 99 27
151 103 37
151 108 44
151 109 66
151 110 55
151 111 51
151 112 70
151 114 51
151 117 53
151 125 10
151 126 15
151 127 25
151 132 44
151 135 43
151 143 51
151 147 40
151 148 6
152 0 16
152 4 46
152 6 14
152 10 44
152 11 80
152 12 43
152 24 9
152 29 33
152 31 99
152 34 81
152 38 73
152 41 20
152 50 83
152 59 17
152 67 65
152 68 89
152 69 50
152 77 40
152 78 49
152 81 40
152 85 49
152 86 69
152 88 41
152 90 59
152 92 16
152 94 61
152 96 80
152 99 19
152 109 20
152 117 21
152 118 98
152 120 69
152 121 16
152 123 29
152 130 24
152 132 8
152 135 87
152 136 42
152 138 15
152 144 62
152 145 67
152 147 68
152 150 25
153 0 51
153 7 46
153 10 70
153 11 21
153 17 10
153 18 55
153 19 33
153 21 47
153 22 45
153 23 39
153 28 78
153 30 30
153 31 38
153 33 77
153 34 48
153 35 65
153 36 37
153 42 74
153 44 11
153 45 44
153 47 40
153 50 59
153 56 11
153 57 57
153 58 61
153 59 56
153 62 46
153 63 46
153 68 25
153 69 54
153 70 74
153 71 59
153 79 70
153 84 6
153 96 21
153 110 71
153 114 60
153 118 37
153 121 80
153 123 54
153 124 85
153 125 13
153 126 22
153 128 35
153 130 59
153 131 26
153 132 64
153 142 45
153 147 31
153 150 91
153 151 23
153 152 67
154 1 62
154 3 46
154 8 86
154 11 94
154 17 81
154 19 81
154 21 49
154 22 91
154 23 56
154 30 108
154 34 95
154 38 87
154 40 79
154 41 6
154 42 24
154 43 93
154 50 96
154 51 41
154 53 56
154 54 50
154 58 46
154 62 76
154 69 63
154 74 41
154 75 66
154 80 62
154 81 53
154 83 76
154 84 88
154 87 64
154 94 75
154 96 94
154 98 82
154 99 32
154 100 55
154 103 82
154 104 91
154 105 51
154 111 46
154 113 80
154 114 81
154 119 96
154 120 83
154 126 70
154 129 88
154 131 66
154 132 21
154 136 56
154 140 71
154 143 14
154 145 81
154 146 26
154 148 56
155 6 37
155 7 107
155 9 43
155 10 6
155 23 35
155 25 61
155 26 33
155 29 56
155 31 86
155 32 77
155 34 111
155 38 75
155 40 50
155 44 86
155 46 51
155 51 28
155 52 94
155 54 42
155 56 63
155 68 82
155 72 43
155 73 92
155 76 3
155 81 82
155 84 79
155 88 59
155 98 104
155 105 11
155 111 6
155 118 86
155 126 53
155 127 54
155 130 28
155 134 50
155 137 10
155 139 61
155 140 19
155 141 120
155 148 48
156 3 51
156 6 71
156 7 43
156 10 80
156 12 33
156 19 32
156 20 29
156 21 57
156 32 75
156 33 84
156 34 44
156 38 12
156 39 80
156 40 43
156 41 96
156 42 84
156 43 29
156 45 42
156 47 50
156 53 35
156 60 46
156 61 80
156 63 53
156 68 25
156 69 57
156 75 73
156 79 79
156 84 6
156 90 57
156 91 25
156 97 27
156 100 35
156 101 79
156 107 24
156 108 45
156 110 76
156 111 82
156 112 100
156 113 52
156 114 68
156 115 44
156 122 94
156 123 64
156 125 22
156 126 32
156 127 34
156 136 41
156 138 61
156 140 88
156 142 51
156 144 87
156 145 29
156 149 24
156 154 90
156 155 84
157 0 40
157 1 42
157 3 19
157 11 51
157 20 49
157 22 29
157 25 22
157 28 57
157 30 45
157 32 67
157 33 69
157 37 23
157 38 29
157 40 16
157 41 72
157 43 28
157 44 41
157 54 16
157 60 35
157 66 15
157 67 14
157 70 68
157 71 46
157 73 60
157 74 26
157 76 43
157 78 48
157 89 45
157 94 26
157 100 27
157 101 40
157 103 21
157 108 30
157 109 73
157 112 78
157 113 71
157 116 62
157 118 45
157 119 43
157 121 70
157 122 73
157 126 7
157 130 37
157 137 39
157 138 42
157 143 61
157 144 48
157 154 65
157 155 46
158 0 52
158 4 22
158 5 46
158 8 102
158 11 78
158 14 33
158 17 48
158 18 55
158 23 22
158 29 50
158 32 82
158 33 79
158 35 68
158 36 38
158 42 45
158 45 94
158 50 108
158 51 28
158 53 55
158 55 43
158 56 45
158 57 52
158 60 54
158 62 89
158 70 80
158 82 52
158 89 54
158 90 8
158 92 52
158 94 54
158 101 13
158 103 24
158 105 17
158 109 75
158 112 80
158 113 96
158 114 14
158 118 62
158 120 54
158 121 76
158 129 92
158 130 36
158 139 42
158 142 69
158 143 68
158 150 83
158 155 25
158 157 27
159 0 63
159 1 38
159 2 50
159 10 82
159 11 14
159 12 35
159 13 86
159 16 17
159 19 34
159 24 74
159 26 90
159 28 90
159 29 46
159 33 87
159 37 51
159 40 44
159 41 99
159 42 87
159 44 6
159 45 44
159 50 57
159 53 37
159 54 47
159 56 23
159 59 66
159 66 54
159 67 28
159 68 23
159 72 86
159 76 83
159 77 56
159 81 59
159 83 27
159 86 15
159 87 63
159 90 59
159 91 28
159 95 65
159 100 38
159 101 80
159 103 49
159 106 21
159 116 68
159 125 25
159 130 71
159 135 8
159 140 89
159 141 61
159 142 54
159 144 88
159 148 40
159 149 24
159 150 102
159 155 86
159 157 40
159 158 67
160 3 41
160 4 47
160 12 50
160 13 23
160 14 41
160 17 74
160 23 50
160 25 82
160 26 20
160 28 17
160 29 40
160 32 32
160 35 17
160 40 74
160 44 82
160 45 80
160 50 90
160 56 67
160 62 69
160 65 72
160 68 95
160 69 57
160 71 15
160 75 63
160 76 50
160 83 70
160 85 56
160 89 17
160 95 21
160 101 67
160 104 84
160 105 49
160 107 102
160 112 18
160 113 74
160 120 76
160 122 13
160 127 72
160 128 41
160 131 59
160 132 14
160 137 42
160 138 22
160 140 69
160 143 9
160 146 19
160 149 81
160 153 74
160 156 83
160 159 86
161 8 11
161 14 69
161 16 61
161 19 16
161 26 97
161 27 36
161 33 72
161 35 67
161 36 64
161 38 56
161 41 94
161 45 5
161 54 67
161 55 63
161 60 51
161 66 87
161 67 67
161 79 114
161 80 58
161 83 65
161 85 28
161 88 49
161 92 64
161 94 48
161 101 111
161 103 89
161 105 99
161 113 11
161 117 95
161 123 82
161 125 51
161 126 67
161 134 60
161 142 41
161 146 64
161 148 62
161 151 56
161 153 49
161 154 90
161 155 109
161 156 46
161 160 83
162 0 33
162 2 98
162 4 60
162 9 33
162 10 58
162 13 18
162 20 117
162 21 57
162 23 63
162 34 92
162 41 9
162 42 35
162 62 73
162 64 65
162 72 20
162 73 68
162 75 76
162 76 63
162 81 50
162 84 92
162 85 61
162 97 108
162 106 95
162 114 91
162 116 40
162 119 99
162 125 73
162 126 76
162 129 85
162 130 40
162 133 98
162 138 32
162 140 82
162 141 93
162 147 82
162 149 93
162 154 11
162 159 96
162 160 13
162 161 87
163 6 62
163 7 97
163 8 105
163 12 50
163 13 94
163 15 17
163 18 68
163 21 35
163 25 24
163 26 68
163 29 57
163 32 94
163 33 93
163 35 81
163 36 48
163 40 16
163 46 31
163 54 42
163 56 42
163 57 66
163 59 76
163 62 92
163 63 73
163 65 57
163 70 93
163 73 89
163 74 51
163 77 84
163 80 42
163 81 87
163 83 35
163 85 79
163 89 67
163 90 16
163 92 65
163 98 98
163 100 56
163 103 10
163 106 79
163 107 57
163 111 46
163 118 47
163 119 62
163 127 25
163 134 58
163 135 65
163 142 77
163 143 83
163 149 36
163 151 45
163 154 83
163 156 60
163 160 79
163 161 99
164 1 36
164 2 49
164 3 5
164 6 21
164 8 71
164 9 17
164 17 39
164 21 13
164 25 45
164 27 42
164 28 36
164 29 17
164 30 66
164 32 48
164 34 72
164 36 5
164 38 45
164 42 32
164 51 11
164 52 58
164 55 36
164 58 24
164 62 58
164 67 35
164 68 59
164 70 47
164 78 41
164 83 33
164 84 48
164 85 43
164 86 41
164 88 21
164 90 31
164 93 25
164 94 36
164 101 44
164 103 41
164 104 64
164 106 62
164 107 67
164 108 52
164 118 67
164 119 57
164 125 29
164 134 13
164 143 38
164 149 44
164 151 19
164 157 23
164 158 34
164 162 49
165 0 8
165 2 61
165 4 44
165 6 21
165 7 60
165 9 12
165 14 16
165 15 51
165 16 71
165 19 47
165 21 26
165 24 19
165 25 54
165 38 49
165 40 49
165 41 44
165 43 57
165 52 54
165 53 19
165 55 42
165 60 9
165 61 44
165 62 47
165 68 65
165 69 41
165 70 35
165 75 51
165 81 32
165 83 40
165 87 44
165 88 17
165 97 65
165 99 6
165 100 16
165 103 53
165 106 58
165 112 49
165 115 18
165 119 58
165 122 43
165 124 42
165 126 34
165 130 23
165 131 31
165 134 1
165 136 24
165 139 36
165 140 64
165 144 59
165 149 51
165 157 33
165 162 42
166 1 36
166 4 55
166 7 59
166 9 47
166 15 42
166 17 8
166 20 38
166 23 25
166 28 68
166 30 34
166 32 69
166 34 62
166 35 62
166 36 29
166 37 30
166 40 21
166 44 27
166 47 25
166 50 72
166 58 47
166 59 53
166 69 61
166 74 33
166 77 53
166 78 42
166 80 12
166 92 46
166 93 57
166 98 61
166 101 54
166 102 17
166 116 61
166 122 80
166 125 12
166 133 22
166 136 40
166 146 55
166 150 86
166 151 16
166 153 15
166 157 14
166 162 79
166 163 37
167 1 58
167 3 26
167 7 90
167 10 19
167 17 63
167 18 28
167 22 65
167 24 18
167 25 64
167 26 12
167 30 89
167 34 94
167 41 34
167 45 86
167 51 17
167 52 83
167 54 31
167 55 60
167 56 57
167 57 22
167 61 20
167 62 78
167 66 42
167 71 23
167 72 19
167 75 37
167 79 49
167 80 46
167 85 63
167 87 37
167 91 59
167 95 28
167 106 87
167 107 91
167 108 70
167 109 36
167 116 55
167 123 13
167 126 49
167 131 61
167 141 101
167 149 67
167 153 67
167 156 77
167 157 43
167 158 38
167 164 25
167 166 55
168 0 23
168 1 29
168 2 46
168 4 41
168 5 29
168 6 30
168 8 65
168 12 10
168 14 7
168 18 26
168 21 19
168 31 60
168 32 49
168 36 5
168 37 7
168 40 34
168 43 42
168 45 57
168 46 18
168 47 24
168 49 36
168 53 17
168 55 28
168 57 27
168 62 51
168 64 33
168 65 32
168 69 50
168 70 50
168 78 34
168 83 25
168 84 38
168 89 28
168 93 35
168 100 13
168 111 43
168 117 43
168 118 60
168 120 32
168 124 57
168 127 29
168 132 37
168 136 28
168 139 22
168 140 57
168 143 44
168 146 33
168 147 46
168 151 9
168 153 32
168 154 51
168 155 47
168 156 41
168 157 18
168 158 38
168 162 56
168 165 15
169 3 33
169 4 3
169 7 104
169 9 39
169 10 2
169 12 54
169 13 68
169 19 90
169 24 38
169 33 65
169 40 49
169 48 75
169 49 69
169 51 24
169 52 91
169 53 60
169 54 39
169 56 61
169 58 11
169 60 55
169 62 93
169 63 62
169 64 76
169 65 74
169 66 35
169 67 58
169 68 81
169 72 39
169 74 39
169 78 76
169 80 51
169 81 77
169 83 58
169 89 44
169 90 31
169 92 46
169 95 47
169 100 56
169 101 22
169 105 9
169 111 2
169 112 61
169 122 58
169 126 51
169 130 24
169 135 92
169 141 116
169 143 54
169 144 16
169 147 90
169 153 72
169 154 48
169 159 84
169 161 105
169 168 44
170 5 48
170 6 61
170 10 39
170 13 96
170 14 45
170 22 22
170 24 66
170 27 70
170 37 51
170 42 60
170 43 43
170 44 71
170 46 38
170 48 52
170 50 116
170 53 65
170 58 36
170 61 38
170 65 65
170 67 41
170 68 55
170 74 53
170 77 88
170 78 82
170 79 14
170 84 62
170 87 18
170 88 60
170 90 17
170 93 61
170 94 59
170 99 62
170 113 106
170 116 92
170 117 65
170 118 56
170 122 91
170 124 94
170 125 55
170 129 100
170 132 79
170 134 61
170 135 74
170 142 81
170 143 83
170 147 89
170 148 47
170 151 51
170 153 60
170 154 82
170 159 69
170 165 61
170 166 45
170 168 49
170 169 39
171 0 17
171 5 34
171 8 62
171 9 18
171 10 42
171 11 52
171 14 9
171 22 53
171 26 42
171 31 66
171 37 4
171 39 36
171 41 52
171 45 55
171 47 29
171 48 49
171 49 41
171 50 69
171 56 28
171 70 44
171 75 46
171 77 34
171 79 58
171 80 16
171 86 37
171 88 12
171 93 31
171 95 19
171 96 52
171 98 55
171 99 13
171 101 53
171 102 25
171 107 63
171 113 55
171 114 54
171 121 47
171 123 22
171 129 55
171 130 25
171 135 56
171 136 25
171 137 38
171 142 27
171 143 38
171 145 45
171 155 48
171 157 24
171 158 42
171 162 50
171 163 51
171 168 6
171 169 44
172 5 44
172 11 78
172 15 7
172 17 47
172 20 64
172 21 29
172 25 32
172 30 60
172 32 89
172 33 87
172 36 44
172 41 81
172 43 42
172 45 96
172 48 50
172 53 59
172 57 60
172 58 30
172 59 71
172 62 92
172 63 70
172 65 60
172 67 37
172 70 88
172 72 66
172 74 46
172 79 14
172 82 57
172 86 50
172 87 11
172 90 10
172 92 60
172 94 54
172 95 62
172 98 98
172 100 55
172 102 55
172 103 18
172 108 30
172 109 84
172 111 36
172 113 100
172 115 38
172 117 59
172 123 39
172 125 50
172 127 29
172 133 58
172 139 42
172 143 76
172 144 28
172 147 84
172 149 43
172 151 45
172 153 56
172 156 64
172 163 10
172 171 48
173 3 66
173 4 86
173 7 72
173 8 86
173 9 84
173 11 41
173 13 109
173 17 30
173 22 40
173 23 59
173 27 46
173 28 104
173 29 66
173 30 2
173 31 9
173 33 109
173 34 72
173 35 97
173 36 66
173 41 117
173 48 16
173 49 24
173 52 43
173 55 32
173 57 87
173 65 38
173 67 33
173 68 9
173 71 89
173 73 76
173 77 82
173 80 48
173 82 72
173 83 35
173 84 27
173 88 59
173 98 79
173 99 79
173 101 79
173 103 44
173 109 118
173 116 93
173 120 30
173 121 112
173 124 116
173 134 72
173 138 84
173 151 52
173 152 98
173 153 33
173 154 111
173 157 47
173 161 76
173 165 74
173 166 37
173 170 62
173 171 65
174 2 75
174 5 43
174 7 18
174 9 69
174 12 42
174 19 12
174 26 95
174 28 94
174 30 52
174 36 57
174 40 67
174 44 21
174 45 18
174 59 62
174 62 26
174 68 50
174 72 87
174 73 29
174 78 30
174 81 45
174 84 31
174 90 78
174 93 84
174 95 64
174 100 41
174 101 98
174 110 68
174 113 30
174 122 93
174 131 26
174 132 72
174 135 29
174 143 79
174 144 105
174 145 11
174 146 66
174 147 10
174 148 51
174 163 83
174 166 46
174 172 86
175 1 18
175 2 71
175 3 53
175 6 66
175 7 20
175 10 84
175 16 44
175 23 56
175 24 64
175 29 36
175 33 67
175 34 22
175 36 46
175 41 85
175 44 22
175 45 17
175 46 46
175 47 60
175 49 41
175 54 47
175 57 58
175 61 84
175 63 37
175 74 48
175 77 32
175 78 18
175 79 92
175 80 37
175 82 40
175 85 20
175 106 15
175 107 50
175 111 85
175 114 84
175 118 62
175 124 78
175 128 43
175 130 67
175 135 33
175 139 37
175 146 54
175 147 5
175 149 46
175 152 65
175 153 27
175 162 80
175 166 39
175 168 42
175 170 84
175 172 79
175 173 56
176 0 55
176 1 22
176 7 11
176 10 91
176 11 24
176 12 39
176 13 66
176 22 80
176 23 64
176 26 87
176 29 42
176 33 68
176 37 53
176 38 43
176 40 70
176 43 61
176 45 8
176 47 69
176 51 69
176 54 54
176 55 49
176 57 62
176 61 91
176 64 18
176 67 53
176 70 64
176 73 16
176 76 94
176 77 32
176 93 77
176 100 36
176 102 32
176 110 56
176 111 92
176 113 18
176 121 75
176 134 49
176 138 55
176 140 106
176 142 34
176 146 57
176 147 4
176 149 55
176 152 69
176 155 97
176 156 34
176 158 85
176 161 13
176 165 50
176 166 48
176 173 64
176 174 12
176 175 8
177 2 48
177 3 74
177 4 95
177 18 94
177 19 67
177 24 100
177 33 117
177 41 126
177 44 39
177 45 76
177 47 64
177 51 83
177 52 47
177 53 68
177 54 70
177 56 46
177 63 87
177 66 63
177 67 42
177 71 98
177 73 82
177 74 79
177 79 84
177 81 92
177 83 44
177 88 67
177 91 60
177 102 53
177 104 65
177 107 12
177 110 112
177 111 99
177 116 100
177 118 14
177 119 32
177 120 38
177 126 51
177 131 66
177 137 95
177 139 46
177 140 96
177 141 92
177 144 97
177 147 65
177 153 41
177 159 33
177 161 80
177 168 69
177 173 8
177 175 61
177 176 68
178 0 32
178 3 43
178 6 48
178 9 39
178 11 39
178 13 44
178 14 39
178 19 21
178 21 52
178 26 65
178 29 22
178 39 62
178 41 64
178 44 38
178 52 36
178 69 18
178 71 40
178 74 35
178 76 76
178 78 3
178 82 23
178 84 43
178 88 21
178 89 38
178 91 17
178 92 32
178 103 68
178 104 31
178 108 73
178 109 63
178 111 73
178 116 24
178 117 63
178 119 46
178 120 41
178 122 60
178 125 31
178 126 45
178 127 54
178 134 28
178 140 90
178 141 42
178 147 22
178 154 60
178 155 78
178 162 59
178 170 82
178 171 30
178 172 76
179 7 48
179 10 58
179 12 9
179 13 63
179 14 25
179 19 33
179 20 46
179 25 34
179 27 15
179 28 63
179 30 43
179 37 24
179 39 56
179 41 73
179 42 60
179 45 45
179 46 18
179 50 60
179 53 14
179 55 17
179 60 24
179 66 37
179 80 8
179 85 31
179 86 17
179 91 13
179 96 32
179 98 48
179 99 34
179 100 13
179 101 61
179 106 35
179 114 56
179 117 61
179 118 48
179 125 2
179 127 25
179 129 43
179 132 50
179 136 26
179 138 38
179 141 63
179 143 58
179 148 15
179 149 25
179 150 77
179 153 14
179 157 21
179 158 49
179 160 60
179 166 14
179 167 53
179 168 18
179 173 46
179 178 29
180 6 41
180 12 59
180 13 76
180 17 68
180 20 92
180 23 36
180 27 80
180 31 85
180 40 49
180 44 87
180 45 106
180 46 51
180 50 120
180 55 64
180 56 64
180 57 50
180 58 17
180 62 99
180 64 82
180 68 81
180 70 76
180 71 51
180 76 5
180 78 82
180 80 55
180 82 58
180 87 25
180 88 61
180 91 75
180 94 71
180 97 80
180 98 106
180 100 62
180 101 16
180 103 47
180 113 106
180 115 44
180 119 89
180 122 66
180 127 54
180 135 94
180 138 55
180 146 61
180 150 74
180 151 56
180 157 46
180 166 60
180 167 29
180 169 8
180 173 90
181 2 47
181 11 29
181 17 26
181 20 11
181 31 21
181 36 62
181 37 64
181 39 93
181 41 113
181 42 98
181 44 23
181 47 57
181 52 31
181 56 33
181 58 81
181 62 65
181 66 58
181 68 13
181 69 77
181 75 78
181 82 66
181 83 33
181 84 19
181 93 91
181 97 15
181 101 83
181 105 82
181 106 36
181 111 91
181 112 118
181 117 100
181 125 38
181 126 41
181 130 83
181 140 92
181 143 98
181 144 93
181 146 85
181 150 117
181 151 48
181 156 20
181 159 17
181 162 111
181 165 69
181 166 34
181 167 90
181 168 56
181 169 91
181 171 61
181 172 67
181 176 52
181 178 61
182 6 71
182 10 86
182 11 10
182 14 52
182 15 79
182 19 13
182 21 63
182 27 13
182 29 41
182 32 64
182 39 82
182 44 15
182 54 49
182 57 63
182 59 57
182 61 86
182 63 44
182 68 44
182 70 71
182 75 83
182 78 26
182 83 39
182 89 63
182 90 69
182 95 58
182 98 30
182 110 65
182 113 33
182 114 82
182 124 85
182 131 20
182 135 25
182 137 82
182 141 40
182 143 74
182 149 41
182 150 92
182 151 37
182 162 87
182 163 75
182 166 37
182 168 45
182 173 49
182 175 8
182 178 29
182 179 28
183 4 33
183 6 35
183 8 78
183 12 22
183 13 64
183 14 12
183 26 47
183 28 48
183 33 63
183 34 76
183 36 17
183 37 18
183 40 22
183 44 47
183 46 13
183 48 40
183 49 34
183 52 55
183 54 11
183 55 26
183 56 25
183 61 34
183 66 15
183 67 23
183 71 39
183 77 54
183 79 39
183 81 56
183 86 33
183 89 38
183 92 34
183 95 36
183 104 66
183 109 65
183 114 34
183 115 10
183 118 54
183 121 63
183 125 26
183 127 20
183 129 68
183 132 48
183 133 44
183 137 31
183 139 23
183 147 58
183 148 12
183 150 72
183 153 36
183 155 38
183 169 36
183 171 20
183 173 56
183 175 53
183 178 48
184 6 64
184 9 56
184 11 14
184 13 73
184 17 21
184 18 54
184 23 46
184 24 63
184 33 74
184 34 37
184 43 36
184 44 8
184 47 49
184 50 48
184 57 58
184 60 36
184 63 42
184 64 23
184 65 5
184 77 42
184 79 80
184 84 14
184 86 18
184 87 61
184 88 26
184 89 57
184 90 57
184 91 15
184 95 53
184 98 39
184 101 78
184 102 13
184 105 70
184 109 87
184 113 42
184 115 39
184 118 46
184 119 16
184 120 15
184 122 85
184 126 31
184 127 37
184 131 19
184 133 21
184 136 30
184 137 73
184 138 52
184 141 52
184 142 40
184 152 67
184 164 46
184 167 71
184 173 41
184 174 20
184 175 16
184 176 25
184 178 30
184 183 43
185 1 75
185 2 21
185 4 37
185 6 61
185 11 80
185 17 49
185 18 69
185 25 32
185 27 69
185 28 68
185 30 59
185 32 95
185 35 82
185 38 55
185 39 55
185 41 87
185 42 60
185 43 42
185 47 24
185 51 42
185 53 64
185 55 45
185 56 48
185 59 77
185 61 38
185 62 97
185 63 76
185 64 78
185 65 63
185 70 94
185 73 94
185 80 47
185 82 63
185 87 17
185 89 68
185 94 57
185 95 68
185 96 80
185 106 86
185 107 65
185 108 29
185 109 90
185 112 95
185 119 69
185 122 91
185 125 54
185 129 98
185 130 51
185 132 78
185 140 27
185 143 82
185 146 76
185 149 44
185 150 98
185 151 50
185 154 81
185 159 67
185 167 53
185 168 48
185 169 39
185 173 61
185 177 69
185 178 80
185 179 55
186 0 35
186 2 79
186 5 50
186 12 31
186 13 43
186 15 79
186 23 54
186 31 80
186 33 45
186 37 38
186 38 50
186 39 65
186 40 67
186 48 62
186 51 54
186 56 44
186 57 41
186 61 76
186 65 36
186 68 68
186 71 42
186 73 10
186 76 80
186 84 47
186 86 48
186 89 40
186 92 35
186 94 37
186 96 41
186 98 22
186 103 73
186 110 33
186 113 21
186 121 52
186 124 56
186 126 50
186 130 55
186 133 55
186 135 54
186 146 35
186 155 82
186 157 53
186 158 76
186 160 54
186 162 59
186 165 32
186 167 62
186 168 38
186 169 78
186 176 23
186 181 65
186 182 31
186 185 85
187 9 55
187 13 86
187 18 60
187 19 66
187 21 32
187 22 13
187 24 61
187 25 9
187 26 69
187 35 74
187 36 38
187 40 2
187 43 19
187 45 78
187 47 17
187 49 23
187 51 40
187 55 20
187 65 39
187 70 85
187 71 62
187 74 42
187 80 28
187 82 50
187 84 35
187 101 40
187 106 62
187 108 13
187 117 67
187 118 34
187 121 86
187 122 88
187 126 17
187 127 8
187 130 50
187 135 48
187 141 96
187 150 95
187 152 70
187 163 17
187 171 41
187 177 47
187 179 33
187 180 50
187 186 67
188 2 25
188 3 39
188 5 48
188 7 102
188 13 91
188 25 35
188 26 60
188 35 78
188 36 47
188 40 25
188 47 22
188 54 41
188 55 46
188 60 62
188 61 32
188 64 77
188 69 96
188 79 11
188 83 42
188 89 64
188 92 62
188 95 64
188 97 56
188 100 58
188 108 33
188 109 85
188 111 35
188 112 90
188 119 71
188 122 86
188 123 41
188 125 53
188 127 33
188 128 48
188 130 46
188 131 73
188 136 74
188 139 46
188 141 117
188 142 78
188 150 94
188 151 48
188 152 70
188 154 76
188 155 32
188 157 32
188 159 69
188 160 73
188 162 86
188 164 43
188 167 48
188 178 79
188 185 5
188 186 84
189 1 49
189 2 48
189 3 60
189 4 86
189 5 25
189 7 55
189 10 87
189 14 58
189 17 23
189 18 76
189 21 64
189 26 98
189 30 15
189 32 89
189 35 87
189 36 58
189 39 89
189 41 109
189 46 40
189 51 70
189 56 29
189 58 78
189 60 59
189 62 60
189 64 49
189 68 15
189 70 95
189 72 95
189 75 76
189 82 62
189 85 56
189 87 66
189 88 48
189 94 27
189 100 49
189 101 82
189 105 80
189 106 31
189 108 41
189 110 91
189 115 54
189 117 96
189 120 20
189 122 108
189 123 74
189 125 34
189 133 9
189 136 56
189 137 84
189 139 31
189 140 91
189 141 71
189 148 48
189 153 21
189 162 107
189 167 86
189 170 68
189 172 66
189 173 17
189 174 37
189 176 47
189 177 21
189 178 56
189 181 5
190 3 39
190 4 27
190 5 53
190 7 106
190 8 112
190 10 29
190 15 7
190 17 55
190 24 60
190 25 41
190 27 73
190 34 108
190 39 46
190 41 80
190 42 51
190 47 25
190 51 37
190 54 43
190 55 50
190 60 64
190 66 20
190 67 46
190 68 63
190 69 98
190 71 63
190 73 95
190 74 49
190 77 86
190 80 49
190 84 67
190 90 16
190 93 53
190 99 57
190 100 61
190 102 63
190 108 39
190 109 82
190 111 31
190 114 9
190 120 61
190 123 40
190 125 57
190 126 42
190 129 101
190 134 57
190 135 80
190 136 76
190 139 50
190 142 79
190 143 77
190 145 89
190 148 46
190 160 71
190 164 44
190 174 94
190 175 86
190 177 79
190 182 85
190 183 33
190 187 32
191 1 34
191 2 97
191 4 80
191 7 48
191 10 79
191 16 89
191 18 34
191 24 44
191 26 62
191 31 102
191 32 13
191 34 52
191 35 27
191 36 49
191 38 72
191 51 60
191 52 63
191 53 39
191 54 54
191 58 73
191 59 25
191 60 34
191 68 90
191 74 47
191 75 90
191 78 30
191 79 102
191 81 13
191 83 70
191 85 27
191 86 70
191 92 35
191 93 55
191 95 34
191 103 90
191 105 79
191 111 80
191 113 34
191 121 36
191 122 45
191 130 57
191 132 31
191 135 79
191 138 34
191 139 66
191 140 102
191 143 35
191 147 46
191 153 65
191 161 46
191 163 96
191 166 67
191 168 51
191 169 81
191 170 100
191 172 93
191 173 98
191 174 57
191 178 27
191 179 54
191 183 65
191 187 85
191 190 97
192 0 81
192 4 84
192 6 88
192 15 65
192 18 84
192 21 66
192 30 2
192 31 8
192 32 101
192 34 72
192 37 65
192 40 39
192 47 53
192 50 84
192 51 72
192 54 60
192 64 63
192 68 7
192 70 106
192 71 88
192 76 86
192 80 47
192 81 84
192 86 28
192 88 58
192 90 57
192 95 83
192 97 7
192 98 79
192 99 77
192 106 48
192 108 30
192 109 116
192 110 103
192 112 121
192 114 61
192 115 58
192 119 27
192 122 115
192 123 77
192 125 43
192 128 62
192 129 69
192 133 19
192 148 53
192 149 22
192 153 32
192 166 35
192 168 58
192 173 2
192 174 54
192 178 70
192 180 88
192 183 55
192 186 74
192 189 17
192 191 97
193 3 62
193 5 33
193 9 72
193 10 92
193 11 3
193 13 86
193 14 59
193 19 26
193 20 37
193 33 88
193 39 90
193 41 103
193 42 94
193 50 46
193 52 6
193 54 56
193 58 82
193 61 92
193 64 35
193 66 66
193 68 35
193 71 75
193 73 42
193 74 60
193 78 39
193 91 30
193 96 3
193 97 38
193 98 42
193 99 65
193 103 62
193 113 45
193 115 55
193 116 66
193 117 95
193 118 45
193 121 93
193 123 75
193 124 98
193 133 23
193 134 58
193 135 13
193 137 88
193 139 36
193 140 101
193 146 72
193 147 24
193 148 49
193 155 96
193 156 13
193 157 51
193 161 38
193 162 99
193 166 38
193 169 94
193 173 38
193 185 80
193 186 45
193 189 21
194 6 43
194 12 5
194 15 49
194 16 47
194 17 20
194 18 36
194 19 35
194 20 50
194 21 31
194 26 59
194 28 59
194 31 52
194 32 53
194 33 59
194 39 52
194 41 68
194 47 31
194 50 61
194 56 13
194 58 45
194 66 36
194 68 41
194 71 40
194 72 55
194 76 57
194 77 37
194 83 19
194 84 25
194 92 32
194 102 9
194 103 40
194 110 55
194 116 45
194 117 57
194 128 16
194 130 41
194 132 45
194 135 39
194 138 34
194 141 64
194 148 11
194 151 5
194 152 48
194 160 55
194 165 24
194 168 14
194 172 50
194 178 27
194 179 4
194 184 22
194 188 53
195 1 64
195 5 26
195 7 80
195 8 92
195 9 76
195 14 55
195 15 50
195 17 27
195 21 55
195 25 15
195 28 93
195 30 16
195 32 99
195 35 92
195 37 59
195 38 27
195 39 82
195 52 51
195 58 66
195 59 84
195 60 66
195 61 73
195 62 81
195 64 66
195 67 25
195 70 102
195 73 80
195 77 82
195 84 31
195 89 81
195 92 76
195 94 39
195 100 56
195 101 62
195 102 44
195 103 27
195 106 57
195 113 87
195 118 11
195 120 31
195 125 41
195 128 56
195 130 73
195 134 66
195 135 37
195 136 69
195 138 77
195 143 97
195 147 66
195 150 116
195 151 46
195 157 36
195 160 96
195 163 36
195 164 59
195 167 80
195 168 52
195 169 75
195 173 17
195 176 70
195 180 74
195 186 76
195 190 54
195 191 97
196 3 53
196 11 59
196 14 50
196 15 86
196 23 62
196 27 46
196 30 89
196 34 46
196 37 44
196 40 80
196 46 63
196 48 78
196 51 58
196 54 50
196 64 28
196 65 53
196 66 77
196 69 12
196 71 38
196 72 51
196 74 43
196 84 64
196 92 34
196 94 53
196 97 86
196 101 93
196 110 17
196 111 78
196 115 51
196 116 7
196 117 61
196 118 95
196 121 40
196 125 50
196 127 73
196 128 44
196 131 32
196 134 36
196 138 32
196 142 15
196 143 37
196 144 94
196 147 40
196 153 58
196 155 84
196 159 65
196 160 45
196 161 41
196 168 47
196 170 96
196 175 41
196 178 21
196 180 87
196 181 83
196 195 91
197 0 18
197 1 15
197 5 45
197 12 21
197 16 68
197 17 45
197 19 35
197 29 12
197 42 50
197 46 41
197 57 25
197 62 32
197 63 5
197 69 26
197 70 33
197 74 22
197 76 63
197 80 30
197 89 24
197 90 57
197 92 18
197 96 49
197 97 67
197 99 20
197 101 72
197 103 63
197 104 45
197 108 70
197 109 50
197 115 29
197 116 20
197 120 44
197 122 48
197 125 30
197 130 38
197 131 20
197 132 26
197 135 58
197 138 18
197 140 79
197 141 55
197 149 54
197 150 51
197 152 32
197 155 65
197 165 15
197 168 24
197 169 61
197 170 74
197 175 33
197 176 37
197 182 40
197 183 39
197 188 70
198 0 17
198 1 26
198 2 52
198 3 12
198 4 42
198 8 62
198 9 18
198 13 46
198 18 20
198 19 46
198 23 20
198 24 26
198 30 62
198 33 45
198 34 63
198 36 4
198 43 48
198 45 55
198 47 29
198 49 41
198 52 50
198 55 33
198 59 25
198 60 12
198 67 33
198 69 45
198 72 38
198 76 46
198 77 34
198 78 32
198 79 58
198 80 16
198 87 38
198 92 17
198 94 30
198 96 52
198 98 55
198 101 53
198 102 25
198 103 45
198 104 55
198 105 39
198 106 54
198 110 45
198 119 51
198 121 47
198 134 7
198 136 25
198 141 72
198 151 13
198 154 46
198 157 24
198 158 42
198 159 48
198 160 39
198 162 50
198 166 29
198 168 6
198 170 54
198 173 65
198 174 53
198 177 74
198 182 46
198 183 20
198 190 52
198 191 45
198 192 64
198 195 58
199 8 61
199 10 42
199 12 17
199 13 40
199 16 69
199 17 41
199 20 72
199 21 24
199 25 51
199 29 8
199 30 68
199 42 37
199 48 55
199 51 21
199 55 39
199 59 20
199 61 43
199 65 39
199 66 40
199 82 6
199 84 47
199 86 42
199 88 15
199 93 28
199 94 34
199 97 63
199 102 30
199 108 60
199 112 51
199 119 55
199 123 21
199 126 31
199 129 56
199 130 23
199 131 30
199 135 61
199 138 13
199 144 57
199 155 49
199 162 45
199 167 30
199 168 12
199 169 45
199 170 59
199 171 5
199 174 56
199 175 44
199 181 66
199 187 46
199 190 55
199 191 41
199 194 21
199 195 64
199 196 38
